TRIAL_TYPE	trial_variant	TRIAL_NUMBER	TRIAL_ITERATION_VAL	frame_tilt	rod_tilt	response	step_size	reversal	reversal_num	RT	probe_del	alpha_entrain_refreshes	rod_tilt_val
real	GR	1	1	15	   20.00	1	   -8.00	0	0	 6324.76	-3	7	NULL
real	HL	2	1	15	  -20.00	0	    8.00	0	0	  939.06	-3	5	NULL
real	ER	3	1	-15	   20.00	1	   -8.00	0	0	  581.11	-3	7	NULL
real	CL	4	1	15	  -20.00	0	    8.00	0	0	  411.47	-6	7	NULL
real	HR	5	1	15	   20.00	1	   -8.00	0	0	  646.57	-3	5	NULL
real	BL	6	1	-15	  -20.00	0	    8.00	0	0	  828.46	-6	5	NULL
real	EL	7	1	-15	  -20.00	0	    8.00	0	0	  595.84	-3	7	NULL
real	CR	8	1	15	   20.00	1	   -8.00	0	0	  787.80	-6	7	NULL
real	FL	9	1	-15	  -20.00	0	    8.00	0	0	  781.13	-3	5	NULL
real	AR	10	1	-15	   20.00	1	   -8.00	0	0	 1374.48	-6	7	NULL
real	AL	11	1	-15	  -20.00	0	    8.00	0	0	  782.23	-6	7	NULL
real	DL	12	1	15	  -20.00	0	    8.00	0	0	  638.39	-6	5	NULL
real	BR	13	1	-15	   20.00	1	   -8.00	0	0	  710.11	-6	5	NULL
real	DR	14	1	15	   20.00	1	   -8.00	0	0	  532.94	-6	5	NULL
real	GL	15	1	15	  -20.00	0	    8.00	0	0	  455.82	-3	7	NULL
real	FR	16	1	-15	   20.00	1	   -8.00	0	0	  573.16	-3	5	NULL
real	AR	17	2	-15	   12.00	1	   -8.00	0	0	  752.36	-6	7	NULL
real	DL	18	2	15	  -12.00	0	    8.00	0	0	  701.54	-6	5	NULL
real	DR	19	2	15	   12.00	1	   -8.00	0	0	  728.11	-6	5	NULL
real	ER	20	2	-15	   12.00	1	   -8.00	0	0	  607.75	-3	7	NULL
real	GR	21	2	15	   12.00	1	   -8.00	0	0	  545.35	-3	7	NULL
real	HR	22	2	15	   12.00	1	   -8.00	0	0	  587.29	-3	5	NULL
real	FL	23	2	-15	  -12.00	0	    8.00	0	0	  577.93	-3	5	NULL
real	CR	24	2	15	   12.00	1	   -8.00	0	0	  466.14	-6	7	NULL
real	AL	25	2	-15	  -12.00	0	    8.00	0	0	  500.53	-6	7	NULL
real	FR	26	2	-15	   12.00	1	   -8.00	0	0	  446.99	-3	5	NULL
real	GL	27	2	15	  -12.00	0	    8.00	0	0	  511.40	-3	7	NULL
real	HL	28	2	15	  -12.00	0	    8.00	0	0	  533.13	-3	5	NULL
real	CL	29	2	15	  -12.00	0	    8.00	0	0	  491.42	-6	7	NULL
real	EL	30	2	-15	  -12.00	0	    8.00	0	0	  371.82	-3	7	NULL
real	BL	31	2	-15	  -12.00	0	    8.00	0	0	  468.67	-6	5	NULL
real	BR	32	2	-15	   12.00	1	   -8.00	0	0	 1203.59	-6	5	NULL
real	CL	33	3	15	   -4.00	0	    8.00	0	0	  611.08	-6	7	NULL
real	HR	34	3	15	    4.00	1	   -8.00	0	0	 1050.28	-3	5	NULL
real	BL	35	3	-15	   -4.00	0	    8.00	0	0	 1018.31	-6	5	NULL
real	FL	36	3	-15	   -4.00	0	    8.00	0	0	  703.23	-3	5	NULL
real	ER	37	3	-15	    4.00	1	   -8.00	0	0	  670.48	-3	7	NULL
real	DL	38	3	15	   -4.00	0	    8.00	0	0	  568.82	-6	5	NULL
real	GR	39	3	15	    4.00	1	   -8.00	0	0	  789.92	-3	7	NULL
real	BR	40	3	-15	    4.00	1	   -8.00	0	0	  588.42	-6	5	NULL
real	AR	41	3	-15	    4.00	1	   -8.00	0	0	  536.97	-6	7	NULL
real	HL	42	3	15	   -4.00	0	    8.00	0	0	  521.84	-3	5	NULL
real	GL	43	3	15	   -4.00	0	    8.00	0	0	  735.32	-3	7	NULL
real	AL	44	3	-15	   -4.00	0	    8.00	0	0	  917.01	-6	7	NULL
real	DR	45	3	15	    4.00	1	   -8.00	0	0	  648.07	-6	5	NULL
real	FR	46	3	-15	    4.00	1	   -8.00	0	0	  586.32	-3	5	NULL
real	EL	47	3	-15	   -4.00	0	    8.00	0	0	  702.30	-3	7	NULL
real	CR	48	3	15	    4.00	1	   -8.00	0	0	  560.70	-6	7	NULL
real	BL	49	4	-15	    4.00	1	   -4.00	1	1	  652.44	-6	5	NULL
real	HL	50	4	15	    4.00	1	   -4.00	1	1	  531.28	-3	5	NULL
real	ER	51	4	-15	   -4.00	1	   -8.00	0	0	  660.56	-3	7	NULL
real	EL	52	4	-15	    4.00	1	   -4.00	1	1	  629.94	-3	7	NULL
real	BR	53	4	-15	   -4.00	0	    4.00	1	1	  493.34	-6	5	NULL
real	AL	54	4	-15	    4.00	1	   -4.00	1	1	  729.22	-6	7	NULL
real	HR	55	4	15	   -4.00	0	    4.00	1	1	  546.50	-3	5	NULL
real	CR	56	4	15	   -4.00	0	    4.00	1	1	  570.73	-6	7	NULL
real	AR	57	4	-15	   -4.00	0	    4.00	1	1	  525.11	-6	7	NULL
real	FR	58	4	-15	   -4.00	0	    4.00	1	1	  569.63	-3	5	NULL
real	GR	59	4	15	   -4.00	0	    4.00	1	1	  483.07	-3	7	NULL
real	FL	60	4	-15	    4.00	1	   -4.00	1	1	  567.73	-3	5	NULL
real	DR	61	4	15	   -4.00	0	    4.00	1	1	  672.75	-6	5	NULL
real	DL	62	4	15	    4.00	1	   -4.00	1	1	  673.47	-6	5	NULL
real	GL	63	4	15	    4.00	1	   -4.00	1	1	  622.64	-3	7	NULL
real	CL	64	4	15	    4.00	1	   -4.00	1	1	  496.44	-6	7	NULL
real	FR	65	5	-15	    0.00	1	   -2.00	1	2	  513.47	-3	5	NULL
real	AR	66	5	-15	    0.00	1	   -2.00	1	2	  851.31	-6	7	NULL
real	CL	67	5	15	    0.00	0	    2.00	1	2	  552.19	-6	7	NULL
real	GR	68	5	15	    0.00	0	    4.00	0	1	  692.72	-3	7	NULL
real	AL	69	5	-15	    0.00	1	   -4.00	0	1	  695.63	-6	7	NULL
real	BL	70	5	-15	    0.00	1	   -4.00	0	1	  648.52	-6	5	NULL
real	GL	71	5	15	    0.00	0	    2.00	1	2	  719.87	-3	7	NULL
real	EL	72	5	-15	    0.00	1	   -4.00	0	1	  673.20	-3	7	NULL
real	HL	73	5	15	    0.00	0	    2.00	1	2	 1021.57	-3	5	NULL
real	BR	74	5	-15	    0.00	1	   -2.00	1	2	  633.80	-6	5	NULL
real	CR	75	5	15	    0.00	0	    4.00	0	1	  604.22	-6	7	NULL
real	FL	76	5	-15	    0.00	1	   -4.00	0	1	  538.90	-3	5	NULL
real	HR	77	5	15	    0.00	0	    4.00	0	1	  783.20	-3	5	NULL
real	DL	78	5	15	    0.00	0	    2.00	1	2	 1146.65	-6	5	NULL
real	DR	79	5	15	    0.00	1	   -2.00	1	2	  755.05	-6	5	NULL
real	ER	80	5	-15	  -12.00	0	    4.00	1	1	  688.55	-3	7	NULL
real	BR	81	6	-15	   -2.00	0	    1.00	1	3	 1377.61	-6	5	NULL
real	BL	82	6	-15	   -4.00	0	    2.00	1	2	  654.98	-6	5	NULL
real	GR	83	6	15	    4.00	1	   -2.00	1	2	  409.00	-3	7	NULL
real	DL	84	6	15	    2.00	1	   -1.00	1	3	  459.57	-6	5	NULL
real	ER	85	6	-15	   -8.00	0	    4.00	0	1	  429.00	-3	7	NULL
real	HR	86	6	15	    4.00	1	   -2.00	1	2	  651.95	-3	5	NULL
real	DR	87	6	15	   -2.00	0	    1.00	1	3	 1358.89	-6	5	NULL
real	FL	88	6	-15	   -4.00	0	    2.00	1	2	  538.57	-3	5	NULL
real	CL	89	6	15	    2.00	1	   -1.00	1	3	  736.36	-6	7	NULL
real	AR	90	6	-15	   -2.00	0	    1.00	1	3	  503.47	-6	7	NULL
real	EL	91	6	-15	   -4.00	0	    2.00	1	2	  661.45	-3	7	NULL
real	FR	92	6	-15	   -2.00	1	   -2.00	0	2	  633.25	-3	5	NULL
real	GL	93	6	15	    2.00	1	   -1.00	1	3	  643.70	-3	7	NULL
real	HL	94	6	15	    2.00	1	   -1.00	1	3	  657.42	-3	5	NULL
real	CR	95	6	15	    4.00	1	   -2.00	1	2	  536.76	-6	7	NULL
real	AL	96	6	-15	   -4.00	0	    2.00	1	2	  634.48	-6	7	NULL
real	CR	97	7	15	    2.00	1	   -2.00	0	2	  582.41	-6	7	NULL
real	BR	98	7	-15	   -1.00	1	   -1.00	1	4	  564.70	-6	5	NULL
real	ER	99	7	-15	   -4.00	0	    4.00	0	1	  548.29	-3	7	NULL
real	EL	100	7	-15	   -2.00	0	    2.00	0	2	  566.39	-3	7	NULL
real	HR	101	7	15	    2.00	1	   -2.00	0	2	  432.12	-3	5	NULL
real	HL	102	7	15	    1.00	1	   -1.00	0	3	  725.68	-3	5	NULL
real	AL	103	7	-15	   -2.00	1	   -1.00	1	3	  591.58	-6	7	NULL
real	FR	104	7	-15	   -4.00	0	    1.00	1	3	  464.21	-3	5	NULL
real	AR	105	7	-15	   -1.00	0	    1.00	0	3	  519.01	-6	7	NULL
real	DL	106	7	15	    1.00	1	   -1.00	0	3	  641.78	-6	5	NULL
real	GR	107	7	15	    2.00	1	   -2.00	0	2	  385.27	-3	7	NULL
real	DR	108	7	15	   -1.00	0	    1.00	0	3	  410.10	-6	5	NULL
real	BL	109	7	-15	   -2.00	0	    2.00	0	2	  481.14	-6	5	NULL
real	CL	110	7	15	    1.00	0	    1.00	1	4	  836.64	-6	7	NULL
real	GL	111	7	15	    1.00	0	    1.00	1	4	  515.43	-3	7	NULL
real	FL	112	7	-15	   -2.00	0	    2.00	0	2	  652.90	-3	5	NULL
real	GL	113	8	15	    2.00	1	   -1.00	1	5	  560.64	-3	7	NULL
real	CL	114	8	15	    2.00	1	   -1.00	1	5	  492.80	-6	7	NULL
real	BR	115	8	-15	   -2.00	0	    1.00	1	5	  397.44	-6	5	NULL
real	AL	116	8	-15	   -3.00	0	    1.00	1	4	  645.31	-6	7	NULL
real	DR	117	8	15	    0.00	1	   -1.00	1	4	 1159.86	-6	5	NULL
real	EL	118	8	-15	    0.00	1	   -1.00	1	3	 1568.92	-3	7	NULL
real	ER	119	8	-15	    0.00	0	    4.00	0	1	  516.53	-3	7	NULL
real	CR	120	8	15	    0.00	0	    1.00	1	3	  421.49	-6	7	NULL
real	FL	121	8	-15	    0.00	1	   -1.00	1	3	  523.20	-3	5	NULL
real	HL	122	8	15	    0.00	0	    1.00	1	4	  617.97	-3	5	NULL
real	GR	123	8	15	    0.00	0	    1.00	1	3	  448.24	-3	7	NULL
real	AR	124	8	-15	    0.00	1	   -1.00	1	4	  841.89	-6	7	NULL
real	DL	125	8	15	    0.00	0	    1.00	1	4	  966.61	-6	5	NULL
real	HR	126	8	15	    0.00	0	    1.00	1	3	  579.74	-3	5	NULL
real	BL	127	8	-15	    0.00	1	   -1.00	1	3	 3639.30	-6	5	NULL
real	FR	128	8	-15	   -3.00	1	   -1.00	1	4	 1818.16	-3	5	NULL
real	FL	129	9	-15	   -1.00	1	   -1.00	0	3	 1045.66	-3	5	NULL
real	AL	130	9	-15	   -2.00	1	   -1.00	1	5	  893.08	-6	7	NULL
real	FR	131	9	-15	   -4.00	1	   -1.00	0	4	  545.42	-3	5	NULL
real	BL	132	9	-15	   -1.00	1	   -1.00	0	3	  483.41	-6	5	NULL
real	HR	133	9	15	    1.00	1	   -1.00	1	4	  785.45	-3	5	NULL
real	EL	134	9	-15	   -1.00	1	   -1.00	0	3	  433.74	-3	7	NULL
real	DR	135	9	15	   -1.00	1	   -1.00	0	4	  466.70	-6	5	NULL
real	CL	136	9	15	    1.00	1	   -1.00	0	5	  541.99	-6	7	NULL
real	ER	137	9	-15	    4.00	1	   -2.00	1	2	  624.64	-3	7	NULL
real	BR	138	9	-15	   -1.00	1	   -1.00	1	6	  728.49	-6	5	NULL
real	DL	139	9	15	    1.00	0	    1.00	0	4	  932.48	-6	5	NULL
real	CR	140	9	15	    1.00	1	   -1.00	1	4	  780.78	-6	7	NULL
real	GR	141	9	15	    1.00	0	    1.00	0	3	  809.75	-3	7	NULL
real	HL	142	9	15	    1.00	0	    1.00	0	4	  902.56	-3	5	NULL
real	AR	143	9	-15	   -1.00	1	   -1.00	0	4	  729.26	-6	7	NULL
real	GL	144	9	15	    1.00	1	   -1.00	0	5	  931.42	-3	7	NULL
real	EL	145	10	-15	   -2.00	0	    1.00	1	4	  790.95	-3	7	NULL
real	FR	146	10	-15	   -5.00	0	    1.00	1	5	  805.98	-3	5	NULL
real	CR	147	10	15	    0.00	0	    1.00	1	5	  567.31	-6	7	NULL
real	DR	148	10	15	   -2.00	0	    1.00	1	5	  830.94	-6	5	NULL
real	DL	149	10	15	    2.00	1	   -1.00	1	5	  528.10	-6	5	NULL
real	GL	150	10	15	    0.00	0	    1.00	1	6	  505.63	-3	7	NULL
real	ER	151	10	-15	    2.00	1	   -2.00	0	2	  560.63	-3	7	NULL
real	GR	152	10	15	    2.00	1	   -1.00	1	4	  716.37	-3	7	NULL
real	BL	153	10	-15	   -2.00	0	    1.00	1	4	  546.80	-6	5	NULL
real	HR	154	10	15	    0.00	0	    1.00	1	5	 1529.68	-3	5	NULL
real	HL	155	10	15	    2.00	1	   -1.00	1	5	  774.86	-3	5	NULL
real	CL	156	10	15	    0.00	0	    1.00	1	6	  647.20	-6	7	NULL
real	AR	157	10	-15	   -2.00	0	    1.00	1	5	  689.79	-6	7	NULL
real	BR	158	10	-15	   -2.00	0	    1.00	1	7	  598.12	-6	5	NULL
real	AL	159	10	-15	   -3.00	0	    1.00	1	6	  861.87	-6	7	NULL
real	FL	160	10	-15	   -2.00	0	    1.00	1	4	  411.38	-3	5	NULL
real	HR	161	11	15	    1.00	1	   -1.00	1	6	  415.70	-3	5	NULL
real	CL	162	11	15	    1.00	1	   -1.00	1	7	  435.29	-6	7	NULL
real	FL	163	11	-15	   -1.00	1	   -1.00	1	5	  430.11	-3	5	NULL
real	GR	164	11	15	    1.00	1	   -1.00	0	4	  392.87	-3	7	NULL
real	BR	165	11	-15	   -1.00	0	    1.00	0	7	  559.98	-6	5	NULL
real	DR	166	11	15	   -1.00	0	    1.00	0	5	  500.71	-6	5	NULL
real	FR	167	11	-15	   -4.00	0	    1.00	0	5	  478.67	-3	5	NULL
real	DL	168	11	15	    1.00	1	   -1.00	0	5	  434.90	-6	5	NULL
real	BL	169	11	-15	   -1.00	1	   -1.00	1	5	  646.44	-6	5	NULL
real	GL	170	11	15	    1.00	0	    1.00	0	6	  531.86	-3	7	NULL
real	AR	171	11	-15	   -1.00	0	    1.00	0	5	  461.45	-6	7	NULL
real	EL	172	11	-15	   -1.00	1	   -1.00	1	5	  831.49	-3	7	NULL
real	AL	173	11	-15	   -2.00	0	    1.00	0	6	 1055.99	-6	7	NULL
real	ER	174	11	-15	    0.00	1	   -2.00	0	2	  474.46	-3	7	NULL
real	CR	175	11	15	    1.00	1	   -1.00	1	6	  625.80	-6	7	NULL
real	HL	176	11	15	    1.00	1	   -1.00	0	5	 1446.86	-3	5	NULL
real	CL	177	12	15	    0.00	0	    1.00	1	8	  749.73	-6	7	NULL
real	AL	178	12	-15	   -1.00	1	   -1.00	1	7	  665.03	-6	7	NULL
real	GL	179	12	15	    2.00	1	   -1.00	1	7	  680.69	-3	7	NULL
real	DL	180	12	15	    0.00	0	    1.00	1	6	  664.46	-6	5	NULL
real	CR	181	12	15	    0.00	0	    1.00	1	7	  761.76	-6	7	NULL
real	HR	182	12	15	    0.00	0	    1.00	1	7	  503.18	-3	5	NULL
real	FR	183	12	-15	   -3.00	0	    1.00	0	5	  748.82	-3	5	NULL
real	BL	184	12	-15	   -2.00	0	    1.00	1	6	  725.08	-6	5	NULL
real	HL	185	12	15	    0.00	1	   -1.00	0	5	  472.52	-3	5	NULL
real	FL	186	12	-15	   -2.00	0	    1.00	1	6	  608.72	-3	5	NULL
real	GR	187	12	15	    0.00	0	    1.00	1	5	  653.31	-3	7	NULL
real	BR	188	12	-15	    0.00	1	   -1.00	1	8	  472.61	-6	5	NULL
real	AR	189	12	-15	    0.00	1	   -1.00	1	6	 1473.13	-6	7	NULL
real	DR	190	12	15	    0.00	1	   -1.00	1	6	 1360.47	-6	5	NULL
real	ER	191	12	-15	   -2.00	0	    1.00	1	3	  557.69	-3	7	NULL
real	EL	192	12	-15	   -2.00	1	   -1.00	0	5	 1647.52	-3	7	NULL
real	BR	193	13	-15	   -1.00	0	    1.00	1	9	  719.84	-6	5	NULL
real	DL	194	13	15	    1.00	1	   -1.00	1	7	  873.58	-6	5	NULL
real	GR	195	13	15	    1.00	0	    1.00	0	5	  781.20	-3	7	NULL
real	HL	196	13	15	   -1.00	0	    1.00	1	6	  572.42	-3	5	NULL
real	CR	197	13	15	    1.00	1	   -1.00	1	8	 1662.30	-6	7	NULL
real	EL	198	13	-15	   -3.00	1	   -1.00	0	5	  677.00	-3	7	NULL
real	GL	199	13	15	    1.00	1	   -1.00	0	7	  766.46	-3	7	NULL
real	AL	200	13	-15	   -2.00	0	    1.00	1	8	  498.90	-6	7	NULL
real	BL	201	13	-15	   -1.00	1	   -1.00	1	7	  864.21	-6	5	NULL
real	AR	202	13	-15	   -1.00	0	    1.00	1	7	  497.42	-6	7	NULL
real	FR	203	13	-15	   -2.00	0	    1.00	0	5	  640.13	-3	5	NULL
real	CL	204	13	15	    1.00	1	   -1.00	1	9	  645.77	-6	7	NULL
real	ER	205	13	-15	   -1.00	0	    1.00	0	3	  458.70	-3	7	NULL
real	DR	206	13	15	   -1.00	0	    1.00	1	7	  493.48	-6	5	NULL
real	FL	207	13	-15	   -1.00	1	   -1.00	1	7	  638.03	-3	5	NULL
real	HR	208	13	15	    1.00	1	   -1.00	1	8	  431.32	-3	5	NULL
real	HL	209	14	15	    0.00	0	    1.00	0	6	  505.50	-3	5	NULL
real	CR	210	14	15	    0.00	1	   -1.00	0	8	  361.84	-6	7	NULL
real	BR	211	14	-15	    0.00	1	   -1.00	1	10	  574.75	-6	5	NULL
real	AR	212	14	-15	    0.00	1	   -1.00	1	8	  605.87	-6	7	NULL
real	EL	213	14	-15	   -4.00	0	    1.00	1	6	  522.93	-3	7	NULL
real	GL	214	14	15	    0.00	0	    1.00	1	8	  384.94	-3	7	NULL
real	HR	215	14	15	    0.00	0	    1.00	1	9	  458.33	-3	5	NULL
real	DL	216	14	15	    0.00	0	    1.00	1	8	  558.66	-6	5	NULL
real	AL	217	14	-15	   -1.00	0	    1.00	0	8	  401.94	-6	7	NULL
real	FL	218	14	-15	   -2.00	1	   -1.00	0	7	  575.99	-3	5	NULL
real	CL	219	14	15	    0.00	0	    1.00	1	10	 1701.73	-6	7	NULL
real	ER	220	14	-15	    0.00	1	   -1.00	1	4	  848.24	-3	7	NULL
real	DR	221	14	15	    0.00	0	    1.00	0	7	 1441.18	-6	5	NULL
real	FR	222	14	-15	   -1.00	1	   -1.00	1	6	  647.39	-3	5	NULL
real	GR	223	14	15	    2.00	1	   -1.00	1	6	  560.20	-3	7	NULL
real	BL	224	14	-15	   -2.00	0	    1.00	1	8	  473.83	-6	5	NULL
real	EL	225	15	-15	   -3.00	0	    1.00	0	6	  491.59	-3	7	NULL
real	GR	226	15	15	    1.00	1	   -1.00	0	6	  512.59	-3	7	NULL
real	BR	227	15	-15	   -1.00	1	   -1.00	0	10	  984.12	-6	5	NULL
real	AR	228	15	-15	   -1.00	1	   -1.00	0	8	  758.16	-6	7	NULL
real	HR	229	15	15	    1.00	1	   -1.00	1	10	  447.50	-3	5	NULL
real	BL	230	15	-15	   -1.00	1	   -1.00	1	9	  686.66	-6	5	NULL
real	DL	231	15	15	    1.00	1	   -1.00	1	9	  522.70	-6	5	NULL
real	CL	232	15	15	    1.00	0	    1.00	0	10	  295.38	-6	7	NULL
real	GL	233	15	15	    1.00	0	    1.00	0	8	  524.61	-3	7	NULL
real	AL	234	15	-15	    0.00	1	   -1.00	1	9	  430.86	-6	7	NULL
real	DR	235	15	15	    1.00	1	   -1.00	1	8	  904.71	-6	5	NULL
real	FL	236	15	-15	   -3.00	0	    1.00	1	8	  682.15	-3	5	NULL
real	HL	237	15	15	    1.00	0	    1.00	0	6	  610.41	-3	5	NULL
real	CR	238	15	15	   -1.00	0	    1.00	1	9	  417.92	-6	7	NULL
real	ER	239	15	-15	   -1.00	0	    1.00	1	5	  397.83	-3	7	NULL
real	FR	240	15	-15	   -2.00	0	    1.00	1	7	  871.72	-3	5	NULL
real	ER	241	16	-15	    0.00	1	   -1.00	1	6	  490.57	-3	7	NULL
real	DR	242	16	15	    0.00	1	   -1.00	0	8	  914.09	-6	5	NULL
real	FR	243	16	-15	   -1.00	1	   -1.00	1	8	  706.17	-3	5	NULL
real	BL	244	16	-15	   -2.00	0	    1.00	1	10	  682.57	-6	5	NULL
real	CL	245	16	15	    2.00	1	   -1.00	1	11	  639.71	-6	7	NULL
real	FL	246	16	-15	   -2.00	1	   -1.00	1	9	  576.89	-3	5	NULL
real	BR	247	16	-15	   -2.00	0	    1.00	1	11	  524.02	-6	5	NULL
real	CR	248	16	15	    0.00	0	    1.00	0	9	  656.65	-6	7	NULL
real	GL	249	16	15	    2.00	1	   -1.00	1	9	  757.29	-3	7	NULL
real	AR	250	16	-15	   -2.00	0	    1.00	1	9	  729.09	-6	7	NULL
real	DL	251	16	15	    0.00	0	    1.00	1	10	  737.65	-6	5	NULL
real	EL	252	16	-15	   -2.00	0	    1.00	0	6	  565.24	-3	7	NULL
real	HR	253	16	15	    0.00	0	    1.00	1	11	  698.74	-3	5	NULL
real	GR	254	16	15	    0.00	0	    1.00	1	7	 1086.82	-3	7	NULL
real	AL	255	16	-15	   -1.00	0	    1.00	1	10	 1315.07	-6	7	NULL
real	HL	256	16	15	    2.00	1	   -1.00	1	7	  431.15	-3	5	NULL
real	HR	257	17	15	    1.00	1	   -1.00	1	12	  776.83	-3	5	NULL
real	EL	258	17	-15	   -1.00	1	   -1.00	1	7	  540.24	-3	7	NULL
real	GR	259	17	15	    1.00	1	   -1.00	1	8	  741.14	-3	7	NULL
real	DR	260	17	15	   -1.00	0	    1.00	1	9	  502.94	-6	5	NULL
real	CR	261	17	15	    1.00	1	   -1.00	1	10	 1088.01	-6	7	NULL
real	FR	262	17	-15	   -2.00	0	    1.00	1	9	  483.56	-3	5	NULL
real	AR	263	17	-15	   -1.00	0	    1.00	0	9	 1182.90	-6	7	NULL
real	BL	264	17	-15	   -1.00	1	   -1.00	1	11	  574.50	-6	5	NULL
real	CL	265	17	15	    1.00	1	   -1.00	0	11	  797.66	-6	7	NULL
real	HL	266	17	15	    1.00	1	   -1.00	0	7	  718.60	-3	5	NULL
real	ER	267	17	-15	   -1.00	1	   -1.00	0	6	  674.38	-3	7	NULL
real	AL	268	17	-15	    0.00	1	   -1.00	1	11	  672.14	-6	7	NULL
real	FL	269	17	-15	   -3.00	0	    1.00	1	10	  571.11	-3	5	NULL
real	DL	270	17	15	    1.00	0	    1.00	0	10	  708.92	-6	5	NULL
real	GL	271	17	15	    1.00	0	    1.00	1	10	  567.05	-3	7	NULL
real	BR	272	17	-15	   -1.00	1	   -1.00	1	12	  919.44	-6	5	NULL
real	GL	273	18	15	    2.00	1	   -1.00	1	11	  631.54	-3	7	NULL
real	CL	274	18	15	    0.00	0	    1.00	1	12	  523.43	-6	7	NULL
real	AR	275	18	-15	    0.00	1	   -1.00	1	10	  744.63	-6	7	NULL
real	EL	276	18	-15	   -2.00	1	   -1.00	0	7	 1674.86	-3	7	NULL
real	GR	277	18	15	    0.00	1	   -1.00	0	8	 1755.46	-3	7	NULL
real	FR	278	18	-15	   -1.00	1	   -1.00	1	10	  544.80	-3	5	NULL
real	BL	279	18	-15	   -2.00	0	    1.00	1	12	  698.33	-6	5	NULL
real	HL	280	18	15	    0.00	0	    1.00	1	8	  698.89	-3	5	NULL
real	DR	281	18	15	    0.00	0	    1.00	0	9	  607.19	-6	5	NULL
real	DL	282	18	15	    2.00	1	   -1.00	1	11	  706.41	-6	5	NULL
real	AL	283	18	-15	   -1.00	1	   -1.00	0	11	  714.78	-6	7	NULL
real	FL	284	18	-15	   -2.00	1	   -1.00	1	11	  662.96	-3	5	NULL
real	ER	285	18	-15	   -2.00	0	    1.00	1	7	  735.81	-3	7	NULL
real	CR	286	18	15	    0.00	0	    1.00	1	11	  992.22	-6	7	NULL
real	DR	287	19	15	    1.00	1	   -1.00	1	10	  523.53	-6	5	NULL
real	FL	288	19	-15	   -3.00	0	    1.00	1	12	  467.16	-3	5	NULL
real	EL	289	19	-15	   -3.00	0	    1.00	1	8	  525.43	-3	7	NULL
real	FR	290	19	-15	   -2.00	0	    1.00	1	11	  418.40	-3	5	NULL
real	AR	291	19	-15	   -1.00	1	   -1.00	0	10	  576.94	-6	7	NULL
real	CR	292	19	15	    1.00	1	   -1.00	1	12	  636.94	-6	7	NULL
real	ER	293	19	-15	   -1.00	1	   -1.00	1	8	  567.50	-3	7	NULL
real	GR	294	19	15	   -1.00	0	    1.00	1	9	  552.25	-3	7	NULL
real	AL	295	19	-15	   -2.00	0	    1.00	1	12	  456.42	-6	7	NULL
real	HL	296	19	15	    1.00	1	   -1.00	1	9	  640.91	-3	5	NULL
real	GL	297	19	15	    1.00	0	    1.00	1	12	  843.20	-3	7	NULL
real	DL	298	19	15	    1.00	1	   -1.00	0	11	  499.09	-6	5	NULL
real	AR	299	20	-15	   -2.00	0	    1.00	1	11	  534.31	-6	7	NULL
real	EL	300	20	-15	   -2.00	0	    1.00	0	8	  887.48	-3	7	NULL
real	DL	301	20	15	    0.00	0	    1.00	1	12	  681.26	-6	5	NULL
real	HL	302	20	15	    0.00	0	    1.00	1	10	  770.95	-3	5	NULL
real	FR	303	20	-15	   -1.00	1	   -1.00	1	12	  442.22	-3	5	NULL
real	DR	304	20	15	    0.00	0	    1.00	1	11	  767.94	-6	5	NULL
real	ER	305	20	-15	   -2.00	0	    1.00	1	9	  347.38	-3	7	NULL
real	GR	306	20	15	    0.00	0	    1.00	0	9	  513.34	-3	7	NULL
real	DR	307	21	15	    1.00	1	   -1.00	1	12	  543.01	-6	5	NULL
real	EL	308	21	-15	   -1.00	1	   -1.00	1	9	  738.46	-3	7	NULL
real	HL	309	21	15	    1.00	0	    1.00	0	10	  552.44	-3	5	NULL
real	AR	310	21	-15	   -1.00	1	   -1.00	1	12	 1092.40	-6	7	NULL
real	ER	311	21	-15	   -1.00	1	   -1.00	1	10	  777.58	-3	7	NULL
real	GR	312	21	15	    1.00	1	   -1.00	1	10	  655.41	-3	7	NULL
real	HL	313	22	15	    2.00	1	   -1.00	1	11	  471.98	-3	5	NULL
real	EL	314	22	-15	   -2.00	0	    1.00	1	10	  728.28	-3	7	NULL
real	ER	315	22	-15	   -2.00	0	    1.00	1	11	  567.48	-3	7	NULL
real	GR	316	22	15	    0.00	0	    1.00	1	11	  521.14	-3	7	NULL
real	EL	317	23	-15	   -1.00	0	    1.00	0	10	  702.83	-3	7	NULL
real	HL	318	23	15	    1.00	1	   -1.00	0	11	  829.75	-3	5	NULL
real	GR	319	23	15	    1.00	1	   -1.00	1	12	  690.52	-3	7	NULL
real	ER	320	23	-15	   -1.00	1	   -1.00	1	12	  667.39	-3	7	NULL
real	EL	321	24	-15	    0.00	1	   -1.00	1	11	  572.63	-3	7	NULL
real	HL	322	24	15	    0.00	0	    1.00	1	12	  709.70	-3	5	NULL
real	EL	323	25	-15	   -1.00	1	   -1.00	0	11	  690.82	-3	7	NULL
real	EL	324	26	-15	   -2.00	0	    1.00	1	12	 1316.54	-3	7	NULL
