TRIAL_TYPE	trial_variant	TRIAL_NUMBER	TRIAL_ITERATION_VAL	frame_tilt	rod_tilt	response	step_size	reversal	reversal_num	RT	probe_del	alpha_entrain_refreshes	rod_tilt_val
real	FR	1	1	-15	   20.00	1	   -8.00	0	0	15753.60	-3	5	NULL
real	FL	2	1	-15	  -20.00	0	    8.00	0	0	 2205.29	-3	5	NULL
real	DL	3	1	15	  -20.00	0	    8.00	0	0	 1290.31	-6	5	NULL
real	GL	4	1	15	  -20.00	0	    8.00	0	0	 1058.04	-3	7	NULL
real	CL	5	1	15	  -20.00	0	    8.00	0	0	 1279.92	-6	7	NULL
real	ER	6	1	-15	   20.00	1	   -8.00	0	0	 1690.77	-3	7	NULL
real	AR	7	1	-15	   20.00	1	   -8.00	0	0	 1285.95	-6	7	NULL
real	HL	8	1	15	  -20.00	0	    8.00	0	0	 1248.57	-3	5	NULL
real	HR	9	1	15	   20.00	1	   -8.00	0	0	 1090.32	-3	5	NULL
real	BR	10	1	-15	   20.00	1	   -8.00	0	0	 1106.77	-6	5	NULL
real	BL	11	1	-15	  -20.00	0	    8.00	0	0	 1399.32	-6	5	NULL
real	GR	12	1	15	   20.00	1	   -8.00	0	0	 1174.45	-3	7	NULL
real	EL	13	1	-15	  -20.00	0	    8.00	0	0	 1480.51	-3	7	NULL
real	CR	14	1	15	   20.00	1	   -8.00	0	0	 1380.87	-6	7	NULL
real	DR	15	1	15	   20.00	1	   -8.00	0	0	 1170.53	-6	5	NULL
real	AL	16	1	-15	  -20.00	0	    8.00	0	0	 1269.39	-6	7	NULL
real	ER	17	2	-15	   12.00	1	   -8.00	0	0	 1137.57	-3	7	NULL
real	AL	18	2	-15	  -12.00	0	    8.00	0	0	 1305.38	-6	7	NULL
real	BL	19	2	-15	  -12.00	0	    8.00	0	0	 1184.01	-6	5	NULL
real	FR	20	2	-15	   12.00	1	   -8.00	0	0	 1167.13	-3	5	NULL
real	GR	21	2	15	   12.00	1	   -8.00	0	0	 1070.11	-3	7	NULL
real	CR	22	2	15	   12.00	1	   -8.00	0	0	 1181.07	-6	7	NULL
real	GL	23	2	15	  -12.00	0	    8.00	0	0	 1157.51	-3	7	NULL
real	HL	24	2	15	  -12.00	0	    8.00	0	0	  991.75	-3	5	NULL
real	FL	25	2	-15	  -12.00	0	    8.00	0	0	  890.79	-3	5	NULL
real	AR	26	2	-15	   12.00	1	   -8.00	0	0	 1007.93	-6	7	NULL
real	HR	27	2	15	   12.00	1	   -8.00	0	0	 1113.86	-3	5	NULL
real	BR	28	2	-15	   12.00	1	   -8.00	0	0	  954.49	-6	5	NULL
real	EL	29	2	-15	  -12.00	0	    8.00	0	0	 1107.66	-3	7	NULL
real	CL	30	2	15	  -12.00	0	    8.00	0	0	 1108.99	-6	7	NULL
real	DR	31	2	15	   12.00	1	   -8.00	0	0	 1022.05	-6	5	NULL
real	DL	32	2	15	  -12.00	0	    8.00	0	0	  770.73	-6	5	NULL
real	FR	33	3	-15	    4.00	1	   -8.00	0	0	  727.71	-3	5	NULL
real	HR	34	3	15	    4.00	1	   -8.00	0	0	  876.04	-3	5	NULL
real	BL	35	3	-15	   -4.00	0	    8.00	0	0	 1437.22	-6	5	NULL
real	GL	36	3	15	   -4.00	0	    8.00	0	0	  835.15	-3	7	NULL
real	ER	37	3	-15	    4.00	1	   -8.00	0	0	  703.88	-3	7	NULL
real	AL	38	3	-15	   -4.00	0	    8.00	0	0	 1343.33	-6	7	NULL
real	FL	39	3	-15	   -4.00	0	    8.00	0	0	  950.84	-3	5	NULL
real	DR	40	3	15	    4.00	1	   -8.00	0	0	 1041.17	-6	5	NULL
real	EL	41	3	-15	   -4.00	0	    8.00	0	0	 1509.29	-3	7	NULL
real	DL	42	3	15	   -4.00	0	    8.00	0	0	 1282.23	-6	5	NULL
real	BR	43	3	-15	    4.00	1	   -8.00	0	0	  824.90	-6	5	NULL
real	CR	44	3	15	    4.00	1	   -8.00	0	0	 1146.30	-6	7	NULL
real	CL	45	3	15	   -4.00	0	    8.00	0	0	 1172.44	-6	7	NULL
real	AR	46	3	-15	    4.00	1	   -8.00	0	0	 1171.12	-6	7	NULL
real	HL	47	3	15	   -4.00	0	    8.00	0	0	  987.91	-3	5	NULL
real	GR	48	3	15	    4.00	1	   -8.00	0	0	 1018.84	-3	7	NULL
real	EL	49	4	-15	    4.00	1	   -4.00	1	1	  771.40	-3	7	NULL
real	CL	50	4	15	    4.00	1	   -4.00	1	1	 1305.62	-6	7	NULL
real	FR	51	4	-15	   -4.00	0	    4.00	1	1	 1040.67	-3	5	NULL
real	FL	52	4	-15	    4.00	1	   -4.00	1	1	 1232.92	-3	5	NULL
real	AR	53	4	-15	   -4.00	0	    4.00	1	1	 1091.49	-6	7	NULL
real	HL	54	4	15	    4.00	0	    8.00	0	0	 1435.98	-3	5	NULL
real	GL	55	4	15	    4.00	1	   -4.00	1	1	 1345.13	-3	7	NULL
real	DR	56	4	15	   -4.00	0	    4.00	1	1	 1023.16	-6	5	NULL
real	BR	57	4	-15	   -4.00	0	    4.00	1	1	  998.37	-6	5	NULL
real	DL	58	4	15	    4.00	1	   -4.00	1	1	 1703.26	-6	5	NULL
real	ER	59	4	-15	   -4.00	0	    4.00	1	1	 1773.93	-3	7	NULL
real	GR	60	4	15	   -4.00	0	    4.00	1	1	 1054.20	-3	7	NULL
real	HR	61	4	15	   -4.00	0	    4.00	1	1	  970.63	-3	5	NULL
real	AL	62	4	-15	    4.00	1	   -4.00	1	1	  886.54	-6	7	NULL
real	BL	63	4	-15	    4.00	1	   -4.00	1	1	  767.53	-6	5	NULL
real	CR	64	4	15	   -4.00	0	    4.00	1	1	  804.50	-6	7	NULL
real	BL	65	5	-15	    0.00	1	   -4.00	0	1	 1226.08	-6	5	NULL
real	CL	66	5	15	    0.00	0	    2.00	1	2	 1730.06	-6	7	NULL
real	CR	67	5	15	    0.00	0	    4.00	0	1	 1184.40	-6	7	NULL
real	EL	68	5	-15	    0.00	1	   -4.00	0	1	 1180.51	-3	7	NULL
real	DL	69	5	15	    0.00	0	    2.00	1	2	  877.01	-6	5	NULL
real	AL	70	5	-15	    0.00	0	    2.00	1	2	 1812.72	-6	7	NULL
real	AR	71	5	-15	    0.00	0	    4.00	0	1	 1446.48	-6	7	NULL
real	HR	72	5	15	    0.00	0	    4.00	0	1	 1763.03	-3	5	NULL
real	HL	73	5	15	   12.00	1	   -4.00	1	1	  707.55	-3	5	NULL
real	FL	74	5	-15	    0.00	0	    2.00	1	2	 1335.09	-3	5	NULL
real	BR	75	5	-15	    0.00	0	    4.00	0	1	 1234.50	-6	5	NULL
real	ER	76	5	-15	    0.00	1	   -2.00	1	2	 1651.36	-3	7	NULL
real	GL	77	5	15	    0.00	0	    2.00	1	2	 1489.89	-3	7	NULL
real	GR	78	5	15	    0.00	0	    4.00	0	1	 1166.54	-3	7	NULL
real	FR	79	5	-15	    0.00	1	   -2.00	1	2	 1120.81	-3	5	NULL
real	DR	80	5	15	    0.00	0	    4.00	0	1	  927.00	-6	5	NULL
real	CR	81	6	15	    4.00	1	   -2.00	1	2	  874.10	-6	7	NULL
real	DL	82	6	15	    2.00	1	   -1.00	1	3	 1101.85	-6	5	NULL
real	EL	83	6	-15	   -4.00	0	    2.00	1	2	  774.03	-3	7	NULL
real	HL	84	6	15	    8.00	1	   -4.00	0	1	  957.95	-3	5	NULL
real	BL	85	6	-15	   -4.00	0	    2.00	1	2	  940.59	-6	5	NULL
real	AL	86	6	-15	    2.00	1	   -1.00	1	3	 1020.99	-6	7	NULL
real	BR	87	6	-15	    4.00	1	   -2.00	1	2	 1004.91	-6	5	NULL
real	FL	88	6	-15	    2.00	1	   -1.00	1	3	  757.95	-3	5	NULL
real	CL	89	6	15	    2.00	0	    2.00	0	2	 1273.18	-6	7	NULL
real	DR	90	6	15	    4.00	1	   -2.00	1	2	 1087.17	-6	5	NULL
real	ER	91	6	-15	   -2.00	0	    1.00	1	3	 1083.13	-3	7	NULL
real	GR	92	6	15	    4.00	1	   -2.00	1	2	  854.56	-3	7	NULL
real	GL	93	6	15	    2.00	0	    2.00	0	2	 1011.38	-3	7	NULL
real	HR	94	6	15	    4.00	1	   -2.00	1	2	  829.02	-3	5	NULL
real	FR	95	6	-15	   -2.00	0	    1.00	1	3	  772.66	-3	5	NULL
real	AR	96	6	-15	    4.00	1	   -2.00	1	2	  992.61	-6	7	NULL
real	CR	97	7	15	    2.00	0	    1.00	1	3	 1143.87	-6	7	NULL
real	CL	98	7	15	    4.00	1	   -1.00	1	3	 1136.04	-6	7	NULL
real	HL	99	7	15	    4.00	1	   -4.00	0	1	  658.44	-3	5	NULL
real	GL	100	7	15	    4.00	1	   -1.00	1	3	 1029.70	-3	7	NULL
real	AL	101	7	-15	    1.00	1	   -1.00	0	3	 1068.06	-6	7	NULL
real	DR	102	7	15	    2.00	1	   -2.00	0	2	 1021.81	-6	5	NULL
real	FR	103	7	-15	   -1.00	1	   -1.00	1	4	 2215.37	-3	5	NULL
real	ER	104	7	-15	   -1.00	1	   -1.00	1	4	 1748.44	-3	7	NULL
real	EL	105	7	-15	   -2.00	0	    2.00	0	2	  951.84	-3	7	NULL
real	GR	106	7	15	    2.00	0	    1.00	1	3	 1255.69	-3	7	NULL
real	BL	107	7	-15	   -2.00	0	    2.00	0	2	 1514.71	-6	5	NULL
real	BR	108	7	-15	    2.00	1	   -2.00	0	2	 1166.47	-6	5	NULL
real	DL	109	7	15	    1.00	0	    1.00	1	4	 1455.69	-6	5	NULL
real	FL	110	7	-15	    1.00	1	   -1.00	0	3	  931.59	-3	5	NULL
real	HR	111	7	15	    2.00	1	   -2.00	0	2	 1389.73	-3	5	NULL
real	AR	112	7	-15	    2.00	1	   -2.00	0	2	  901.01	-6	7	NULL
real	HR	113	8	15	    0.00	0	    1.00	1	3	 1162.46	-3	5	NULL
real	AR	114	8	-15	    0.00	1	   -2.00	0	2	  919.38	-6	7	NULL
real	BR	115	8	-15	    0.00	1	   -2.00	0	2	  802.50	-6	5	NULL
real	FR	116	8	-15	   -2.00	0	    1.00	1	5	  916.27	-3	5	NULL
real	FL	117	8	-15	    0.00	1	   -1.00	0	3	  834.14	-3	5	NULL
real	CL	118	8	15	    3.00	1	   -1.00	0	3	 1244.63	-6	7	NULL
real	BL	119	8	-15	    0.00	1	   -1.00	1	3	  990.38	-6	5	NULL
real	GL	120	8	15	    3.00	1	   -1.00	0	3	  858.72	-3	7	NULL
real	EL	121	8	-15	    0.00	1	   -1.00	1	3	 1515.08	-3	7	NULL
real	HL	122	8	15	    0.00	0	    2.00	1	2	  778.21	-3	5	NULL
real	DR	123	8	15	    0.00	1	   -2.00	0	2	 1833.26	-6	5	NULL
real	ER	124	8	-15	   -2.00	1	   -1.00	0	4	 1222.56	-3	7	NULL
real	GR	125	8	15	    3.00	1	   -1.00	1	4	 1040.99	-3	7	NULL
real	AL	126	8	-15	    0.00	1	   -1.00	0	3	 1115.32	-6	7	NULL
real	DL	127	8	15	    2.00	1	   -1.00	1	5	 1233.75	-6	5	NULL
real	CR	128	8	15	    3.00	1	   -1.00	1	4	 1046.14	-6	7	NULL
real	GR	129	9	15	    2.00	1	   -1.00	0	4	 2384.69	-3	7	NULL
real	EL	130	9	-15	   -1.00	0	    1.00	1	4	 1185.92	-3	7	NULL
real	FR	131	9	-15	   -1.00	1	   -1.00	1	6	  926.45	-3	5	NULL
real	GL	132	9	15	    2.00	1	   -1.00	0	3	 1785.69	-3	7	NULL
real	ER	133	9	-15	   -3.00	0	    1.00	1	5	 1285.99	-3	7	NULL
real	HL	134	9	15	    2.00	1	   -1.00	1	3	 1088.65	-3	5	NULL
real	BR	135	9	-15	   -2.00	1	   -2.00	0	2	 1275.33	-6	5	NULL
real	AL	136	9	-15	   -1.00	1	   -1.00	0	3	 1214.51	-6	7	NULL
real	CL	137	9	15	    2.00	0	    1.00	1	4	 1434.26	-6	7	NULL
real	FL	138	9	-15	   -1.00	1	   -1.00	0	3	  852.21	-3	5	NULL
real	BL	139	9	-15	   -1.00	1	   -1.00	0	3	  736.21	-6	5	NULL
real	AR	140	9	-15	   -2.00	0	    1.00	1	3	 1199.12	-6	7	NULL
real	DL	141	9	15	    1.00	1	   -1.00	0	5	 1015.26	-6	5	NULL
real	CR	142	9	15	    2.00	1	   -1.00	0	4	 1316.35	-6	7	NULL
real	HR	143	9	15	    1.00	1	   -1.00	1	4	 1116.86	-3	5	NULL
real	DR	144	9	15	   -2.00	0	    1.00	1	3	  979.81	-6	5	NULL
real	GR	145	10	15	    1.00	1	   -1.00	0	4	 1075.09	-3	7	NULL
real	HL	146	10	15	    1.00	1	   -1.00	0	3	  953.16	-3	5	NULL
real	EL	147	10	-15	    0.00	1	   -1.00	1	5	  756.48	-3	7	NULL
real	DL	148	10	15	    0.00	0	    1.00	1	6	 1186.35	-6	5	NULL
real	CL	149	10	15	    3.00	1	   -1.00	1	5	 1106.88	-6	7	NULL
real	DR	150	10	15	   -1.00	0	    1.00	0	3	 1028.93	-6	5	NULL
real	CR	151	10	15	    1.00	1	   -1.00	0	4	 1336.90	-6	7	NULL
real	FL	152	10	-15	   -2.00	0	    1.00	1	4	 1181.81	-3	5	NULL
real	AR	153	10	-15	   -1.00	0	    1.00	0	3	 1452.65	-6	7	NULL
real	AL	154	10	-15	   -2.00	0	    1.00	1	4	 1096.52	-6	7	NULL
real	BR	155	10	-15	   -4.00	0	    1.00	1	3	 2027.16	-6	5	NULL
real	BL	156	10	-15	   -2.00	0	    1.00	1	4	 1906.19	-6	5	NULL
real	FR	157	10	-15	   -2.00	0	    1.00	1	7	 1541.58	-3	5	NULL
real	HR	158	10	15	    0.00	0	    1.00	1	5	 1761.26	-3	5	NULL
real	ER	159	10	-15	   -2.00	0	    1.00	0	5	 1807.97	-3	7	NULL
real	GL	160	10	15	    1.00	1	   -1.00	0	3	 1668.27	-3	7	NULL
real	FR	161	11	-15	   -1.00	1	   -1.00	1	8	  959.37	-3	5	NULL
real	GR	162	11	15	    0.00	0	    1.00	1	5	 1071.33	-3	7	NULL
real	ER	163	11	-15	   -1.00	1	   -1.00	1	6	 1191.07	-3	7	NULL
real	AR	164	11	-15	    0.00	1	   -1.00	1	4	  967.42	-6	7	NULL
real	CR	165	11	15	    0.00	0	    1.00	1	5	 1142.19	-6	7	NULL
real	GL	166	11	15	    0.00	1	   -1.00	0	3	 2308.00	-3	7	NULL
real	BL	167	11	-15	   -1.00	0	    1.00	0	4	 1427.51	-6	5	NULL
real	CL	168	11	15	    2.00	1	   -1.00	0	5	 1178.76	-6	7	NULL
real	BR	169	11	-15	   -3.00	0	    1.00	0	3	  938.43	-6	5	NULL
real	FL	170	11	-15	   -1.00	1	   -1.00	1	5	 1132.74	-3	5	NULL
real	AL	171	11	-15	   -1.00	0	    1.00	0	4	 1122.53	-6	7	NULL
real	HL	172	11	15	    0.00	0	    1.00	1	4	 1060.51	-3	5	NULL
real	DL	173	11	15	    1.00	1	   -1.00	1	7	  971.20	-6	5	NULL
real	HR	174	11	15	    1.00	1	   -1.00	1	6	  949.48	-3	5	NULL
real	DR	175	11	15	    0.00	0	    1.00	0	3	  977.83	-6	5	NULL
real	EL	176	11	-15	   -1.00	1	   -1.00	0	5	  688.50	-3	7	NULL
real	FL	177	12	-15	   -2.00	0	    1.00	1	6	  953.84	-3	5	NULL
real	CR	178	12	15	    1.00	1	   -1.00	1	6	 1345.94	-6	7	NULL
real	GL	179	12	15	   -1.00	0	    1.00	1	4	  815.21	-3	7	NULL
real	AL	180	12	-15	    0.00	1	   -1.00	1	5	 1170.85	-6	7	NULL
real	GR	181	12	15	    1.00	0	    1.00	0	5	  902.03	-3	7	NULL
real	FR	182	12	-15	   -2.00	0	    1.00	1	9	 1457.27	-3	5	NULL
real	HR	183	12	15	    0.00	0	    1.00	1	7	 2266.14	-3	5	NULL
real	ER	184	12	-15	   -2.00	1	   -1.00	0	6	  944.30	-3	7	NULL
real	BR	185	12	-15	   -2.00	0	    1.00	0	3	 1133.62	-6	5	NULL
real	CL	186	12	15	    1.00	1	   -1.00	0	5	 1064.45	-6	7	NULL
real	EL	187	12	-15	   -2.00	1	   -1.00	0	5	 1421.15	-3	7	NULL
real	BL	188	12	-15	    0.00	1	   -1.00	1	5	  996.73	-6	5	NULL
real	AR	189	12	-15	   -1.00	0	    1.00	1	5	 1782.17	-6	7	NULL
real	DL	190	12	15	    0.00	0	    1.00	1	8	 1282.58	-6	5	NULL
real	DR	191	12	15	    1.00	1	   -1.00	1	4	  913.51	-6	5	NULL
real	HL	192	12	15	    1.00	1	   -1.00	1	5	 1307.26	-3	5	NULL
real	AR	193	13	-15	    0.00	0	    1.00	0	5	 1378.24	-6	7	NULL
real	CL	194	13	15	    0.00	0	    1.00	1	6	 1191.56	-6	7	NULL
real	FL	195	13	-15	   -1.00	0	    1.00	0	6	 1694.03	-3	5	NULL
real	EL	196	13	-15	   -3.00	0	    1.00	1	6	 1047.90	-3	7	NULL
real	GL	197	13	15	    0.00	0	    1.00	0	4	  935.74	-3	7	NULL
real	HL	198	13	15	    0.00	0	    1.00	1	6	 1607.66	-3	5	NULL
real	BL	199	13	-15	   -1.00	0	    1.00	1	6	 1776.60	-6	5	NULL
real	HR	200	13	15	    1.00	1	   -1.00	1	8	 1707.73	-3	5	NULL
real	AL	201	13	-15	   -1.00	1	   -1.00	0	5	 2627.01	-6	7	NULL
real	DL	202	13	15	    1.00	0	    1.00	0	8	 1587.50	-6	5	NULL
real	FR	203	13	-15	   -1.00	1	   -1.00	1	10	 1344.81	-3	5	NULL
real	CR	204	13	15	    0.00	0	    1.00	1	7	 1106.82	-6	7	NULL
real	GR	205	13	15	    2.00	1	   -1.00	1	6	 1023.09	-3	7	NULL
real	DR	206	13	15	    0.00	1	   -1.00	0	4	 2065.15	-6	5	NULL
real	BR	207	13	-15	   -1.00	0	    1.00	0	3	 1842.73	-6	5	NULL
real	ER	208	13	-15	   -3.00	0	    1.00	1	7	  939.69	-3	7	NULL
real	GR	209	14	15	    1.00	0	    1.00	1	7	 1368.49	-3	7	NULL
real	GL	210	14	15	    1.00	0	    1.00	0	4	 1361.54	-3	7	NULL
real	ER	211	14	-15	   -2.00	1	   -1.00	1	8	 1835.18	-3	7	NULL
real	HL	212	14	15	    1.00	0	    1.00	0	6	  987.71	-3	5	NULL
real	DL	213	14	15	    2.00	1	   -1.00	1	9	  925.45	-6	5	NULL
real	AL	214	14	-15	   -2.00	0	    1.00	1	6	 1818.50	-6	7	NULL
real	DR	215	14	15	   -1.00	0	    1.00	1	5	 1012.24	-6	5	NULL
real	FL	216	14	-15	    0.00	1	   -1.00	1	7	  866.28	-3	5	NULL
real	AR	217	14	-15	    1.00	1	   -1.00	1	6	 1395.23	-6	7	NULL
real	HR	218	14	15	    0.00	0	    1.00	1	9	  696.98	-3	5	NULL
real	CL	219	14	15	    1.00	1	   -1.00	1	7	  865.66	-6	7	NULL
real	EL	220	14	-15	   -2.00	0	    1.00	0	6	  936.80	-3	7	NULL
real	CR	221	14	15	    1.00	1	   -1.00	1	8	 1445.44	-6	7	NULL
real	BL	222	14	-15	    0.00	1	   -1.00	1	7	  937.42	-6	5	NULL
real	BR	223	14	-15	    0.00	0	    1.00	0	3	 1415.14	-6	5	NULL
real	FR	224	14	-15	   -2.00	0	    1.00	1	11	  861.70	-3	5	NULL
real	HR	225	15	15	    1.00	1	   -1.00	1	10	 1289.00	-3	5	NULL
real	HL	226	15	15	    2.00	1	   -1.00	1	7	  878.27	-3	5	NULL
real	DR	227	15	15	    0.00	0	    1.00	0	5	  983.62	-6	5	NULL
real	CL	228	15	15	    0.00	1	   -1.00	0	7	 1079.91	-6	7	NULL
real	DL	229	15	15	    1.00	1	   -1.00	0	9	  760.42	-6	5	NULL
real	BR	230	15	-15	    1.00	1	   -1.00	1	4	  822.81	-6	5	NULL
real	FL	231	15	-15	   -1.00	1	   -1.00	0	7	  998.51	-3	5	NULL
real	AR	232	15	-15	    0.00	1	   -1.00	0	6	 1540.07	-6	7	NULL
real	FR	233	15	-15	   -1.00	0	    1.00	0	11	  975.81	-3	5	NULL
real	GR	234	15	15	    2.00	1	   -1.00	1	8	 1307.10	-3	7	NULL
real	AL	235	15	-15	   -1.00	0	    1.00	0	6	 1049.42	-6	7	NULL
real	EL	236	15	-15	   -1.00	0	    1.00	0	6	 2365.14	-3	7	NULL
real	ER	237	15	-15	   -3.00	0	    1.00	1	9	 1417.66	-3	7	NULL
real	BL	238	15	-15	   -1.00	1	   -1.00	0	7	  824.48	-6	5	NULL
real	CR	239	15	15	    0.00	0	    1.00	1	9	  858.36	-6	7	NULL
real	GL	240	15	15	    2.00	1	   -1.00	1	5	  673.90	-3	7	NULL
real	FR	241	16	-15	    0.00	1	   -1.00	1	12	  854.48	-3	5	NULL
real	BR	242	16	-15	    0.00	1	   -1.00	0	4	  808.14	-6	5	NULL
real	EL	243	16	-15	    0.00	0	    1.00	0	6	 1105.15	-3	7	NULL
real	DL	244	16	15	    0.00	0	    1.00	1	10	  901.13	-6	5	NULL
real	CL	245	16	15	   -1.00	0	    1.00	1	8	 1134.28	-6	7	NULL
real	GL	246	16	15	    1.00	1	   -1.00	0	5	  882.56	-3	7	NULL
real	GR	247	16	15	    1.00	0	    1.00	1	9	  913.25	-3	7	NULL
real	HL	248	16	15	    1.00	0	    1.00	1	8	  775.06	-3	5	NULL
real	AL	249	16	-15	    0.00	1	   -1.00	1	7	  891.52	-6	7	NULL
real	CR	250	16	15	    1.00	0	    1.00	0	9	  862.72	-6	7	NULL
real	DR	251	16	15	    1.00	0	    1.00	0	5	 1081.01	-6	5	NULL
real	AR	252	16	-15	   -1.00	0	    1.00	1	7	 1374.40	-6	7	NULL
real	ER	253	16	-15	   -2.00	0	    1.00	0	9	  831.57	-3	7	NULL
real	HR	254	16	15	    0.00	0	    1.00	1	11	 1018.38	-3	5	NULL
real	FL	255	16	-15	   -2.00	0	    1.00	1	8	  903.12	-3	5	NULL
real	BL	256	16	-15	   -2.00	0	    1.00	1	8	 1179.56	-6	5	NULL
real	BR	257	17	-15	   -1.00	1	   -1.00	0	4	  795.59	-6	5	NULL
real	GL	258	17	15	    0.00	0	    1.00	1	6	  965.91	-3	7	NULL
real	CR	259	17	15	    2.00	1	   -1.00	1	10	  752.45	-6	7	NULL
real	ER	260	17	-15	   -1.00	1	   -1.00	1	10	 1412.05	-3	7	NULL
real	HL	261	17	15	    2.00	0	    1.00	0	8	  737.02	-3	5	NULL
real	EL	262	17	-15	    1.00	1	   -1.00	1	7	  891.53	-3	7	NULL
real	FL	263	17	-15	   -1.00	0	    1.00	0	8	  870.61	-3	5	NULL
real	DR	264	17	15	    2.00	1	   -1.00	1	6	  877.26	-6	5	NULL
real	AR	265	17	-15	    0.00	1	   -1.00	1	8	 1050.49	-6	7	NULL
real	AL	266	17	-15	   -1.00	0	    1.00	1	8	  644.32	-6	7	NULL
real	GR	267	17	15	    2.00	1	   -1.00	1	10	  636.50	-3	7	NULL
real	CL	268	17	15	    0.00	1	   -1.00	1	9	  837.31	-6	7	NULL
real	BL	269	17	-15	   -1.00	0	    1.00	0	8	  463.69	-6	5	NULL
real	HR	270	17	15	    1.00	0	    1.00	0	11	  756.64	-3	5	NULL
real	DL	271	17	15	    1.00	0	    1.00	0	10	 1412.21	-6	5	NULL
real	DL	272	18	15	    2.00	1	   -1.00	1	11	  568.81	-6	5	NULL
real	HL	273	18	15	    3.00	1	   -1.00	1	9	  845.96	-3	5	NULL
real	BL	274	18	-15	    0.00	0	    1.00	0	8	  770.47	-6	5	NULL
real	BR	275	18	-15	   -2.00	0	    1.00	1	5	  781.77	-6	5	NULL
real	CR	276	18	15	    1.00	1	   -1.00	0	10	  479.88	-6	7	NULL
real	GL	277	18	15	    1.00	0	    1.00	0	6	  696.87	-3	7	NULL
real	CL	278	18	15	   -1.00	0	    1.00	1	10	  695.85	-6	7	NULL
real	AL	279	18	-15	    0.00	1	   -1.00	1	9	  655.43	-6	7	NULL
real	FL	280	18	-15	    0.00	1	   -1.00	1	9	 1134.24	-3	5	NULL
real	HR	281	18	15	    2.00	1	   -1.00	1	12	 1017.50	-3	5	NULL
real	AR	282	18	-15	   -1.00	0	    1.00	1	9	 1082.00	-6	7	NULL
real	EL	283	18	-15	    0.00	1	   -1.00	0	7	 1768.82	-3	7	NULL
real	GR	284	18	15	    1.00	0	    1.00	1	11	 1113.35	-3	7	NULL
real	DR	285	18	15	    1.00	1	   -1.00	0	6	  868.50	-6	5	NULL
real	ER	286	18	-15	   -2.00	0	    1.00	1	11	  939.57	-3	7	NULL
real	GL	287	19	15	    2.00	1	   -1.00	1	7	 1637.87	-3	7	NULL
real	ER	288	19	-15	   -1.00	0	    1.00	0	11	 1993.09	-3	7	NULL
real	BR	289	19	-15	   -1.00	0	    1.00	0	5	 1312.25	-6	5	NULL
real	AR	290	19	-15	    0.00	0	    1.00	0	9	 1544.14	-6	7	NULL
real	HL	291	19	15	    2.00	1	   -1.00	0	9	 1130.77	-3	5	NULL
real	DR	292	19	15	    0.00	0	    1.00	1	7	  653.05	-6	5	NULL
real	DL	293	19	15	    1.00	1	   -1.00	0	11	 1573.47	-6	5	NULL
real	EL	294	19	-15	   -1.00	1	   -1.00	0	7	  990.67	-3	7	NULL
real	CR	295	19	15	    0.00	0	    1.00	1	11	  819.48	-6	7	NULL
real	BL	296	19	-15	    1.00	1	   -1.00	1	9	  714.02	-6	5	NULL
real	GR	297	19	15	    2.00	1	   -1.00	1	12	 1224.90	-3	7	NULL
real	AL	298	19	-15	   -1.00	1	   -1.00	0	9	  691.53	-6	7	NULL
real	CL	299	19	15	    0.00	0	    1.00	0	10	  720.75	-6	7	NULL
real	FL	300	19	-15	   -1.00	1	   -1.00	0	9	  609.23	-3	5	NULL
real	HL	301	20	15	    1.00	0	    1.00	1	10	  652.35	-3	5	NULL
real	EL	302	20	-15	   -2.00	0	    1.00	1	8	  938.90	-3	7	NULL
real	DL	303	20	15	    0.00	1	   -1.00	0	11	  607.55	-6	5	NULL
real	CL	304	20	15	    1.00	1	   -1.00	1	11	  849.04	-6	7	NULL
real	GL	305	20	15	    1.00	1	   -1.00	0	7	 1376.03	-3	7	NULL
real	CR	306	20	15	    1.00	1	   -1.00	1	12	  889.42	-6	7	NULL
real	AR	307	20	-15	    1.00	1	   -1.00	1	10	  876.15	-6	7	NULL
real	BL	308	20	-15	    0.00	0	    1.00	1	10	  989.11	-6	5	NULL
real	DR	309	20	15	    1.00	1	   -1.00	1	8	 1647.84	-6	5	NULL
real	ER	310	20	-15	    0.00	1	   -1.00	1	12	 1195.40	-3	7	NULL
real	BR	311	20	-15	    0.00	0	    1.00	0	5	  903.60	-6	5	NULL
real	FL	312	20	-15	   -2.00	0	    1.00	1	10	  681.41	-3	5	NULL
real	AL	313	20	-15	   -2.00	0	    1.00	1	10	  823.24	-6	7	NULL
real	BR	314	21	-15	    1.00	1	   -1.00	1	6	  625.44	-6	5	NULL
real	AL	315	21	-15	   -1.00	0	    1.00	0	10	 1096.27	-6	7	NULL
real	FL	316	21	-15	   -1.00	1	   -1.00	1	11	  725.86	-3	5	NULL
real	DL	317	21	15	   -1.00	0	    1.00	1	12	  731.00	-6	5	NULL
real	DR	318	21	15	    0.00	1	   -1.00	0	8	  806.24	-6	5	NULL
real	HL	319	21	15	    2.00	1	   -1.00	1	11	  734.34	-3	5	NULL
real	AR	320	21	-15	    0.00	0	    1.00	1	11	  749.43	-6	7	NULL
real	EL	321	21	-15	   -1.00	0	    1.00	0	8	  811.43	-3	7	NULL
real	CL	322	21	15	    0.00	0	    1.00	1	12	  722.39	-6	7	NULL
real	BL	323	21	-15	    1.00	1	   -1.00	1	11	  677.80	-6	5	NULL
real	GL	324	21	15	    0.00	0	    1.00	1	8	  855.54	-3	7	NULL
real	GL	325	22	15	    1.00	1	   -1.00	1	9	  873.03	-3	7	NULL
real	AR	326	22	-15	    1.00	0	    1.00	0	11	  941.07	-6	7	NULL
real	AL	327	22	-15	    0.00	1	   -1.00	1	11	 1156.81	-6	7	NULL
real	DR	328	22	15	   -1.00	0	    1.00	1	9	  691.07	-6	5	NULL
real	FL	329	22	-15	   -2.00	1	   -1.00	0	11	  924.45	-3	5	NULL
real	BL	330	22	-15	    0.00	1	   -1.00	0	11	  755.37	-6	5	NULL
real	EL	331	22	-15	    0.00	1	   -1.00	1	9	  931.87	-3	7	NULL
real	HL	332	22	15	    1.00	0	    1.00	1	12	 1310.89	-3	5	NULL
real	BR	333	22	-15	    0.00	1	   -1.00	0	6	  570.90	-6	5	NULL
real	GL	334	23	15	    0.00	0	    1.00	1	10	  671.49	-3	7	NULL
real	BR	335	23	-15	   -1.00	1	   -1.00	0	6	  996.21	-6	5	NULL
real	AR	336	23	-15	    2.00	1	   -1.00	1	12	  813.73	-6	7	NULL
real	EL	337	23	-15	   -1.00	1	   -1.00	0	9	  842.84	-3	7	NULL
real	DR	338	23	15	    0.00	0	    1.00	0	9	  665.50	-6	5	NULL
real	FL	339	23	-15	   -3.00	1	   -1.00	0	11	 1053.20	-3	5	NULL
real	BL	340	23	-15	   -1.00	1	   -1.00	0	11	  679.23	-6	5	NULL
real	AL	341	23	-15	   -1.00	1	   -1.00	0	11	  780.87	-6	7	NULL
real	AL	342	24	-15	   -2.00	1	   -1.00	0	11	 1076.45	-6	7	NULL
real	BR	343	24	-15	   -2.00	0	    1.00	1	7	  661.38	-6	5	NULL
real	BL	344	24	-15	   -2.00	1	   -1.00	0	11	 1788.96	-6	5	NULL
real	DR	345	24	15	    1.00	1	   -1.00	1	10	 1419.94	-6	5	NULL
real	GL	346	24	15	    1.00	1	   -1.00	1	11	 1113.71	-3	7	NULL
real	FL	347	24	-15	   -4.00	0	    1.00	1	12	  879.69	-3	5	NULL
real	EL	348	24	-15	   -2.00	0	    1.00	1	10	 1974.54	-3	7	NULL
real	DR	349	25	15	    0.00	1	   -1.00	0	10	 1261.39	-6	5	NULL
real	BR	350	25	-15	   -1.00	0	    1.00	0	7	 1146.84	-6	5	NULL
real	AL	351	25	-15	   -3.00	0	    1.00	1	12	  990.65	-6	7	NULL
real	GL	352	25	15	    0.00	0	    1.00	1	12	 1089.28	-3	7	NULL
real	BL	353	25	-15	   -3.00	0	    1.00	1	12	 1562.66	-6	5	NULL
real	EL	354	25	-15	   -1.00	1	   -1.00	1	11	  528.95	-3	7	NULL
real	EL	355	26	-15	   -2.00	1	   -1.00	0	11	 1090.67	-3	7	NULL
real	DR	356	26	15	   -1.00	0	    1.00	1	11	  776.43	-6	5	NULL
real	BR	357	26	-15	    0.00	1	   -1.00	1	8	  705.85	-6	5	NULL
real	EL	358	27	-15	   -3.00	0	    1.00	1	12	 1561.04	-3	7	NULL
real	DR	359	27	15	    0.00	0	    1.00	0	11	 1306.01	-6	5	NULL
real	BR	360	27	-15	   -1.00	1	   -1.00	0	8	  644.67	-6	5	NULL
real	BR	361	28	-15	   -2.00	0	    1.00	1	9	  738.65	-6	5	NULL
real	DR	362	28	15	    1.00	1	   -1.00	1	12	  556.44	-6	5	NULL
real	BR	363	29	-15	   -1.00	1	   -1.00	1	10	 1098.40	-6	5	NULL
real	BR	364	30	-15	   -2.00	0	    1.00	1	11	 1000.88	-6	5	NULL
real	BR	365	31	-15	   -1.00	0	    1.00	0	11	 1312.45	-6	5	NULL
real	BR	366	32	-15	    0.00	1	   -1.00	1	12	  722.81	-6	5	NULL
