TRIAL_TYPE	trial_variant	TRIAL_NUMBER	TRIAL_ITERATION_VAL	frame_tilt	rod_tilt	response	step_size	reversal	reversal_num	RT	probe_del	alpha_entrain_refreshes	rod_tilt_val
real	CR	1	1	15	   20.00	1	   -8.00	0	0	17996.84	-6	7	NULL
real	GL	2	1	15	  -20.00	0	    8.00	0	0	  825.51	-3	7	NULL
real	EL	3	1	-15	  -20.00	0	    8.00	0	0	  731.12	-3	7	NULL
real	DL	4	1	15	  -20.00	0	    8.00	0	0	  740.46	-6	5	NULL
real	BL	5	1	-15	  -20.00	0	    8.00	0	0	  692.18	-6	5	NULL
real	BR	6	1	-15	   20.00	1	   -8.00	0	0	  801.29	-6	5	NULL
real	HL	7	1	15	  -20.00	0	    8.00	0	0	  629.67	-3	5	NULL
real	AR	8	1	-15	   20.00	1	   -8.00	0	0	  787.26	-6	7	NULL
real	AL	9	1	-15	  -20.00	0	    8.00	0	0	  665.86	-6	7	NULL
real	DR	10	1	15	   20.00	1	   -8.00	0	0	  635.51	-6	5	NULL
real	FR	11	1	-15	   20.00	1	   -8.00	0	0	  595.46	-3	5	NULL
real	GR	12	1	15	   20.00	1	   -8.00	0	0	  620.61	-3	7	NULL
real	HR	13	1	15	   20.00	1	   -8.00	0	0	  791.53	-3	5	NULL
real	CL	14	1	15	  -20.00	0	    8.00	0	0	  747.98	-6	7	NULL
real	FL	15	1	-15	  -20.00	0	    8.00	0	0	  594.44	-3	5	NULL
real	ER	16	1	-15	   20.00	1	   -8.00	0	0	  606.40	-3	7	NULL
real	ER	17	2	-15	   12.00	1	   -8.00	0	0	  624.82	-3	7	NULL
real	EL	18	2	-15	  -12.00	0	    8.00	0	0	  924.02	-3	7	NULL
real	DR	19	2	15	   12.00	1	   -8.00	0	0	  701.01	-6	5	NULL
real	CR	20	2	15	   12.00	1	   -8.00	0	0	  631.15	-6	7	NULL
real	AL	21	2	-15	  -12.00	0	    8.00	0	0	  677.30	-6	7	NULL
real	GL	22	2	15	  -12.00	0	    8.00	0	0	  664.02	-3	7	NULL
real	BR	23	2	-15	   12.00	1	   -8.00	0	0	  590.42	-6	5	NULL
real	GR	24	2	15	   12.00	1	   -8.00	0	0	  678.35	-3	7	NULL
real	FR	25	2	-15	   12.00	1	   -8.00	0	0	  710.72	-3	5	NULL
real	HR	26	2	15	   12.00	1	   -8.00	0	0	  686.32	-3	5	NULL
real	FL	27	2	-15	  -12.00	0	    8.00	0	0	  800.66	-3	5	NULL
real	CL	28	2	15	  -12.00	0	    8.00	0	0	  806.29	-6	7	NULL
real	BL	29	2	-15	  -12.00	0	    8.00	0	0	  645.97	-6	5	NULL
real	HL	30	2	15	  -12.00	0	    8.00	0	0	  644.21	-3	5	NULL
real	DL	31	2	15	  -12.00	0	    8.00	0	0	  615.11	-6	5	NULL
real	AR	32	2	-15	   12.00	1	   -8.00	0	0	 1126.42	-6	7	NULL
real	EL	33	3	-15	   -4.00	0	    8.00	0	0	 1593.26	-3	7	NULL
real	DL	34	3	15	   -4.00	0	    8.00	0	0	  980.50	-6	5	NULL
real	AL	35	3	-15	   -4.00	0	    8.00	0	0	 1028.18	-6	7	NULL
real	GL	36	3	15	   -4.00	0	    8.00	0	0	  853.51	-3	7	NULL
real	BR	37	3	-15	    4.00	1	   -8.00	0	0	 1197.90	-6	5	NULL
real	HR	38	3	15	    4.00	1	   -8.00	0	0	 2821.29	-3	5	NULL
real	CR	39	3	15	    4.00	0	    4.00	1	1	 1163.95	-6	7	NULL
real	AR	40	3	-15	    4.00	1	   -8.00	0	0	  843.74	-6	7	NULL
real	DR	41	3	15	    4.00	1	   -8.00	0	0	 2168.10	-6	5	NULL
real	BL	42	3	-15	   -4.00	0	    8.00	0	0	  947.37	-6	5	NULL
real	CL	43	3	15	   -4.00	0	    8.00	0	0	  784.33	-6	7	NULL
real	HL	44	3	15	   -4.00	0	    8.00	0	0	 1002.52	-3	5	NULL
real	GR	45	3	15	    4.00	1	   -8.00	0	0	  783.16	-3	7	NULL
real	ER	46	3	-15	    4.00	1	   -8.00	0	0	  763.29	-3	7	NULL
real	FR	47	3	-15	    4.00	1	   -8.00	0	0	  850.44	-3	5	NULL
real	FL	48	3	-15	   -4.00	0	    8.00	0	0	 1012.09	-3	5	NULL
real	EL	49	4	-15	    4.00	1	   -4.00	1	1	  567.72	-3	7	NULL
real	AR	50	4	-15	   -4.00	0	    4.00	1	1	  710.65	-6	7	NULL
real	FR	51	4	-15	   -4.00	0	    4.00	1	1	 1125.05	-3	5	NULL
real	CL	52	4	15	    4.00	1	   -4.00	1	1	  786.55	-6	7	NULL
real	BL	53	4	-15	    4.00	1	   -4.00	1	1	  573.10	-6	5	NULL
real	GL	54	4	15	    4.00	1	   -4.00	1	1	 1886.48	-3	7	NULL
real	HL	55	4	15	    4.00	1	   -4.00	1	1	 1156.03	-3	5	NULL
real	FL	56	4	-15	    4.00	1	   -4.00	1	1	  618.56	-3	5	NULL
real	DL	57	4	15	    4.00	1	   -4.00	1	1	  844.62	-6	5	NULL
real	HR	58	4	15	   -4.00	0	    4.00	1	1	  719.46	-3	5	NULL
real	DR	59	4	15	   -4.00	0	    4.00	1	1	  640.31	-6	5	NULL
real	GR	60	4	15	   -4.00	0	    4.00	1	1	  666.86	-3	7	NULL
real	ER	61	4	-15	   -4.00	0	    4.00	1	1	 1258.53	-3	7	NULL
real	AL	62	4	-15	    4.00	1	   -4.00	1	1	  546.45	-6	7	NULL
real	BR	63	4	-15	   -4.00	0	    4.00	1	1	  719.20	-6	5	NULL
real	CR	64	4	15	    8.00	1	   -2.00	1	2	  630.35	-6	7	NULL
real	HL	65	5	15	    0.00	0	    2.00	1	2	  835.19	-3	5	NULL
real	DR	66	5	15	    0.00	0	    4.00	0	1	  794.93	-6	5	NULL
real	BL	67	5	-15	    0.00	1	   -4.00	0	1	 1038.39	-6	5	NULL
real	AL	68	5	-15	    0.00	1	   -4.00	0	1	 1330.69	-6	7	NULL
real	FL	69	5	-15	    0.00	1	   -4.00	0	1	 1511.95	-3	5	NULL
real	CR	70	5	15	    6.00	1	   -2.00	0	2	  800.79	-6	7	NULL
real	HR	71	5	15	    0.00	0	    4.00	0	1	  989.06	-3	5	NULL
real	BR	72	5	-15	    0.00	1	   -2.00	1	2	  949.22	-6	5	NULL
real	AR	73	5	-15	    0.00	1	   -2.00	1	2	 1102.32	-6	7	NULL
real	FR	74	5	-15	    0.00	1	   -2.00	1	2	 1021.26	-3	5	NULL
real	GL	75	5	15	    0.00	0	    2.00	1	2	 1002.03	-3	7	NULL
real	EL	76	5	-15	    0.00	0	    2.00	1	2	  893.82	-3	7	NULL
real	DL	77	5	15	    0.00	0	    2.00	1	2	  779.83	-6	5	NULL
real	CL	78	5	15	    0.00	0	    2.00	1	2	  773.68	-6	7	NULL
real	GR	79	5	15	    0.00	0	    4.00	0	1	  753.10	-3	7	NULL
real	ER	80	5	-15	    0.00	0	    4.00	0	1	  798.24	-3	7	NULL
real	HL	81	6	15	    2.00	0	    2.00	0	2	  733.95	-3	5	NULL
real	FR	82	6	-15	   -2.00	0	    1.00	1	3	  709.63	-3	5	NULL
real	EL	83	6	-15	    2.00	1	   -1.00	1	3	  900.67	-3	7	NULL
real	CR	84	6	15	    4.00	1	   -2.00	0	2	  715.51	-6	7	NULL
real	BL	85	6	-15	   -4.00	0	    2.00	1	2	  567.42	-6	5	NULL
real	AR	86	6	-15	   -2.00	0	    1.00	1	3	  740.23	-6	7	NULL
real	CL	87	6	15	    2.00	1	   -1.00	1	3	  524.16	-6	7	NULL
real	BR	88	6	-15	   -2.00	0	    1.00	1	3	  825.15	-6	5	NULL
real	ER	89	6	-15	    4.00	1	   -2.00	1	2	  588.59	-3	7	NULL
real	HR	90	6	15	    4.00	1	   -2.00	1	2	  734.81	-3	5	NULL
real	GL	91	6	15	    2.00	1	   -1.00	1	3	 1485.43	-3	7	NULL
real	DL	92	6	15	    2.00	1	   -1.00	1	3	  867.16	-6	5	NULL
real	DR	93	6	15	    4.00	1	   -2.00	1	2	  519.67	-6	5	NULL
real	AL	94	6	-15	   -4.00	0	    2.00	1	2	  923.88	-6	7	NULL
real	FL	95	6	-15	   -4.00	0	    2.00	1	2	  793.09	-3	5	NULL
real	GR	96	6	15	    4.00	1	   -2.00	1	2	  503.87	-3	7	NULL
real	AR	97	7	-15	   -1.00	1	   -1.00	1	4	 1308.02	-6	7	NULL
real	CL	98	7	15	    1.00	1	   -1.00	0	3	  767.57	-6	7	NULL
real	DR	99	7	15	    2.00	1	   -2.00	0	2	  624.47	-6	5	NULL
real	ER	100	7	-15	    2.00	1	   -2.00	0	2	  562.05	-3	7	NULL
real	DL	101	7	15	    1.00	0	    1.00	1	4	  995.42	-6	5	NULL
real	FL	102	7	-15	   -2.00	0	    2.00	0	2	  710.90	-3	5	NULL
real	CR	103	7	15	    2.00	1	   -2.00	0	2	  553.20	-6	7	NULL
real	HL	104	7	15	    4.00	1	   -1.00	1	3	  589.14	-3	5	NULL
real	HR	105	7	15	    2.00	1	   -2.00	0	2	  534.78	-3	5	NULL
real	EL	106	7	-15	    1.00	1	   -1.00	0	3	  502.52	-3	7	NULL
real	FR	107	7	-15	   -1.00	1	   -1.00	1	4	  506.60	-3	5	NULL
real	GL	108	7	15	    1.00	0	    1.00	1	4	 1258.47	-3	7	NULL
real	AL	109	7	-15	   -2.00	0	    2.00	0	2	  732.44	-6	7	NULL
real	BL	110	7	-15	   -2.00	0	    2.00	0	2	  873.96	-6	5	NULL
real	GR	111	7	15	    2.00	0	    1.00	1	3	  876.36	-3	7	NULL
real	BR	112	7	-15	   -1.00	0	    1.00	0	3	  715.45	-6	5	NULL
real	BL	113	8	-15	    0.00	1	   -1.00	1	3	  578.22	-6	5	NULL
real	GL	114	8	15	    2.00	0	    1.00	0	4	  947.46	-3	7	NULL
real	HL	115	8	15	    3.00	1	   -1.00	0	3	 1258.26	-3	5	NULL
real	HR	116	8	15	    0.00	0	    1.00	1	3	  679.69	-3	5	NULL
real	DR	117	8	15	    0.00	0	    1.00	1	3	  690.95	-6	5	NULL
real	AL	118	8	-15	    0.00	1	   -1.00	1	3	  821.00	-6	7	NULL
real	AR	119	8	-15	   -2.00	0	    1.00	1	5	  921.93	-6	7	NULL
real	CR	120	8	15	    0.00	0	    1.00	1	3	 1050.13	-6	7	NULL
real	DL	121	8	15	    2.00	0	    1.00	0	4	  983.56	-6	5	NULL
real	FL	122	8	-15	    0.00	1	   -1.00	1	3	  687.34	-3	5	NULL
real	ER	123	8	-15	    0.00	1	   -2.00	0	2	  792.82	-3	7	NULL
real	BR	124	8	-15	    0.00	1	   -1.00	1	4	 1531.48	-6	5	NULL
real	EL	125	8	-15	    0.00	1	   -1.00	0	3	 1197.56	-3	7	NULL
real	CL	126	8	15	    0.00	0	    1.00	1	4	  755.91	-6	7	NULL
real	GR	127	8	15	    3.00	0	    1.00	0	3	 2759.36	-3	7	NULL
real	FR	128	8	-15	   -2.00	0	    1.00	1	5	  638.08	-3	5	NULL
real	CR	129	9	15	    1.00	0	    1.00	0	3	  760.65	-6	7	NULL
real	ER	130	9	-15	   -2.00	0	    1.00	1	3	  479.14	-3	7	NULL
real	EL	131	9	-15	   -1.00	1	   -1.00	0	3	  754.03	-3	7	NULL
real	HR	132	9	15	    1.00	0	    1.00	0	3	  604.34	-3	5	NULL
real	FL	133	9	-15	   -1.00	1	   -1.00	0	3	  852.32	-3	5	NULL
real	BL	134	9	-15	   -1.00	0	    1.00	1	4	  670.07	-6	5	NULL
real	AL	135	9	-15	   -1.00	0	    1.00	1	4	  528.99	-6	7	NULL
real	GL	136	9	15	    3.00	1	   -1.00	1	5	  806.11	-3	7	NULL
real	HL	137	9	15	    2.00	1	   -1.00	0	3	  893.49	-3	5	NULL
real	FR	138	9	-15	   -1.00	0	    1.00	0	5	 1371.90	-3	5	NULL
real	BR	139	9	-15	   -1.00	0	    1.00	1	5	  565.19	-6	5	NULL
real	DL	140	9	15	    3.00	1	   -1.00	1	5	  738.47	-6	5	NULL
real	CL	141	9	15	    1.00	0	    1.00	0	4	  866.44	-6	7	NULL
real	AR	142	9	-15	   -1.00	1	   -1.00	1	6	 3226.76	-6	7	NULL
real	DR	143	9	15	    1.00	1	   -1.00	1	4	 2982.97	-6	5	NULL
real	GR	144	9	15	    4.00	0	    1.00	0	3	  703.34	-3	7	NULL
real	BR	145	10	-15	    0.00	1	   -1.00	1	6	 1283.80	-6	5	NULL
real	FR	146	10	-15	    0.00	1	   -1.00	1	6	 2323.58	-3	5	NULL
real	FL	147	10	-15	   -2.00	0	    1.00	1	4	 2862.81	-3	5	NULL
real	CR	148	10	15	    2.00	0	    1.00	0	3	 1645.27	-6	7	NULL
real	BL	149	10	-15	    0.00	1	   -1.00	1	5	 2517.34	-6	5	NULL
real	ER	150	10	-15	   -1.00	0	    1.00	0	3	 1007.09	-3	7	NULL
real	GR	151	10	15	    5.00	1	   -1.00	1	4	  694.79	-3	7	NULL
real	AL	152	10	-15	    0.00	1	   -1.00	1	5	 1088.59	-6	7	NULL
real	DL	153	10	15	    2.00	0	    1.00	1	6	 1466.73	-6	5	NULL
real	HR	154	10	15	    2.00	0	    1.00	0	3	  913.83	-3	5	NULL
real	EL	155	10	-15	   -2.00	0	    1.00	1	4	  661.37	-3	7	NULL
real	CL	156	10	15	    2.00	0	    1.00	0	4	  933.46	-6	7	NULL
real	GL	157	10	15	    2.00	0	    1.00	1	6	  827.23	-3	7	NULL
real	DR	158	10	15	    0.00	0	    1.00	1	5	  674.95	-6	5	NULL
real	HL	159	10	15	    1.00	0	    1.00	1	4	  576.48	-3	5	NULL
real	AR	160	10	-15	   -2.00	0	    1.00	1	7	  619.43	-6	7	NULL
real	CL	161	11	15	    3.00	1	   -1.00	1	5	  721.87	-6	7	NULL
real	BR	162	11	-15	   -1.00	1	   -1.00	0	6	  857.63	-6	5	NULL
real	EL	163	11	-15	   -1.00	0	    1.00	0	4	  846.13	-3	7	NULL
real	GR	164	11	15	    4.00	1	   -1.00	0	4	  670.25	-3	7	NULL
real	AR	165	11	-15	   -1.00	0	    1.00	0	7	  809.94	-6	7	NULL
real	CR	166	11	15	    3.00	1	   -1.00	1	4	  675.59	-6	7	NULL
real	DR	167	11	15	    1.00	0	    1.00	0	5	  702.32	-6	5	NULL
real	GL	168	11	15	    3.00	1	   -1.00	1	7	  425.11	-3	7	NULL
real	HL	169	11	15	    2.00	1	   -1.00	1	5	 1001.87	-3	5	NULL
real	ER	170	11	-15	    0.00	1	   -1.00	1	4	  546.72	-3	7	NULL
real	DL	171	11	15	    3.00	1	   -1.00	1	7	  525.65	-6	5	NULL
real	HR	172	11	15	    3.00	1	   -1.00	1	4	  531.02	-3	5	NULL
real	AL	173	11	-15	   -1.00	0	    1.00	1	6	  672.54	-6	7	NULL
real	BL	174	11	-15	   -1.00	0	    1.00	1	6	  543.94	-6	5	NULL
real	FR	175	11	-15	   -1.00	0	    1.00	1	7	  520.42	-3	5	NULL
real	FL	176	11	-15	   -1.00	0	    1.00	0	4	  935.30	-3	5	NULL
real	ER	177	12	-15	   -1.00	0	    1.00	1	5	  909.96	-3	7	NULL
real	EL	178	12	-15	    0.00	1	   -1.00	1	5	 1312.91	-3	7	NULL
real	BR	179	12	-15	   -2.00	0	    1.00	1	7	  526.62	-6	5	NULL
real	BL	180	12	-15	    0.00	0	    1.00	0	6	 1090.06	-6	5	NULL
real	FL	181	12	-15	    0.00	1	   -1.00	1	5	  653.89	-3	5	NULL
real	AL	182	12	-15	    0.00	0	    1.00	0	6	  683.48	-6	7	NULL
real	HL	183	12	15	    1.00	0	    1.00	1	6	  696.71	-3	5	NULL
real	GR	184	12	15	    3.00	0	    1.00	1	5	  731.38	-3	7	NULL
real	CR	185	12	15	    2.00	1	   -1.00	0	4	  740.60	-6	7	NULL
real	DL	186	12	15	    2.00	1	   -1.00	0	7	  643.38	-6	5	NULL
real	HR	187	12	15	    2.00	1	   -1.00	0	4	  780.63	-3	5	NULL
real	DR	188	12	15	    2.00	1	   -1.00	1	6	  587.20	-6	5	NULL
real	AR	189	12	-15	    0.00	1	   -1.00	1	8	  569.75	-6	7	NULL
real	FR	190	12	-15	    0.00	1	   -1.00	1	8	  563.28	-3	5	NULL
real	GL	191	12	15	    2.00	0	    1.00	1	8	 1132.16	-3	7	NULL
real	CL	192	12	15	    2.00	0	    1.00	1	6	  885.28	-6	7	NULL
real	FR	193	13	-15	   -1.00	1	   -1.00	0	8	  672.60	-3	5	NULL
real	GL	194	13	15	    3.00	1	   -1.00	1	9	  677.05	-3	7	NULL
real	GR	195	13	15	    4.00	1	   -1.00	1	6	 1078.09	-3	7	NULL
real	FL	196	13	-15	   -1.00	1	   -1.00	0	5	  704.11	-3	5	NULL
real	CR	197	13	15	    1.00	1	   -1.00	0	4	  703.91	-6	7	NULL
real	AL	198	13	-15	    1.00	1	   -1.00	1	7	  598.22	-6	7	NULL
real	HL	199	13	15	    2.00	1	   -1.00	1	7	  556.05	-3	5	NULL
real	BL	200	13	-15	    1.00	1	   -1.00	1	7	  507.07	-6	5	NULL
real	BR	201	13	-15	   -1.00	1	   -1.00	1	8	  679.28	-6	5	NULL
real	DL	202	13	15	    1.00	1	   -1.00	0	7	  611.09	-6	5	NULL
real	EL	203	13	-15	   -1.00	0	    1.00	1	6	  828.17	-3	7	NULL
real	AR	204	13	-15	   -1.00	0	    1.00	1	9	  851.57	-6	7	NULL
real	HR	205	13	15	    1.00	0	    1.00	1	5	  811.64	-3	5	NULL
real	DR	206	13	15	    1.00	0	    1.00	1	7	  569.22	-6	5	NULL
real	CL	207	13	15	    3.00	1	   -1.00	1	7	  529.98	-6	7	NULL
real	ER	208	13	-15	    0.00	1	   -1.00	1	6	  512.38	-3	7	NULL
real	DR	209	14	15	    2.00	1	   -1.00	1	8	  743.64	-6	5	NULL
real	DL	210	14	15	    0.00	0	    1.00	1	8	  651.26	-6	5	NULL
real	BL	211	14	-15	    0.00	1	   -1.00	0	7	  587.11	-6	5	NULL
real	HR	212	14	15	    2.00	1	   -1.00	1	6	  673.10	-3	5	NULL
real	HL	213	14	15	    1.00	0	    1.00	1	8	  633.71	-3	5	NULL
real	CR	214	14	15	    0.00	0	    1.00	1	5	  657.73	-6	7	NULL
real	EL	215	14	-15	    0.00	1	   -1.00	1	7	  607.30	-3	7	NULL
real	CL	216	14	15	    2.00	1	   -1.00	0	7	 1264.57	-6	7	NULL
real	BR	217	14	-15	   -2.00	0	    1.00	1	9	  487.14	-6	5	NULL
real	GL	218	14	15	    2.00	1	   -1.00	0	9	  650.94	-3	7	NULL
real	FL	219	14	-15	   -2.00	0	    1.00	1	6	  660.02	-3	5	NULL
real	ER	220	14	-15	   -1.00	1	   -1.00	0	6	  787.10	-3	7	NULL
real	AL	221	14	-15	    0.00	0	    1.00	1	8	  843.23	-6	7	NULL
real	GR	222	14	15	    3.00	0	    1.00	1	7	 1102.77	-3	7	NULL
real	FR	223	14	-15	   -2.00	0	    1.00	1	9	  736.31	-3	5	NULL
real	AR	224	14	-15	    0.00	0	    1.00	0	9	  719.93	-6	7	NULL
real	EL	225	15	-15	   -1.00	0	    1.00	1	8	 1606.99	-3	7	NULL
real	BR	226	15	-15	   -1.00	1	   -1.00	1	10	  720.85	-6	5	NULL
real	FR	227	15	-15	   -1.00	0	    1.00	0	9	  830.54	-3	5	NULL
real	GR	228	15	15	    4.00	1	   -1.00	1	8	  566.55	-3	7	NULL
real	DR	229	15	15	    1.00	0	    1.00	1	9	  577.51	-6	5	NULL
real	AL	230	15	-15	    1.00	1	   -1.00	1	9	  564.82	-6	7	NULL
real	CL	231	15	15	    1.00	0	    1.00	1	8	  549.71	-6	7	NULL
real	GL	232	15	15	    1.00	0	    1.00	1	10	  992.29	-3	7	NULL
real	BL	233	15	-15	   -1.00	1	   -1.00	0	7	  769.13	-6	5	NULL
real	HR	234	15	15	    1.00	0	    1.00	1	7	  671.34	-3	5	NULL
real	HL	235	15	15	    2.00	0	    1.00	0	8	 1161.24	-3	5	NULL
real	AR	236	15	-15	    1.00	1	   -1.00	1	10	  621.46	-6	7	NULL
real	DL	237	15	15	    1.00	0	    1.00	0	8	  631.82	-6	5	NULL
real	FL	238	15	-15	   -1.00	1	   -1.00	1	7	 1301.93	-3	5	NULL
real	ER	239	15	-15	   -2.00	1	   -1.00	0	6	  627.88	-3	7	NULL
real	CR	240	15	15	    1.00	0	    1.00	0	5	  875.63	-6	7	NULL
real	AR	241	16	-15	    0.00	0	    1.00	1	11	  760.89	-6	7	NULL
real	DL	242	16	15	    2.00	1	   -1.00	1	9	  453.11	-6	5	NULL
real	GL	243	16	15	    2.00	1	   -1.00	1	11	  634.63	-3	7	NULL
real	FR	244	16	-15	    0.00	1	   -1.00	1	10	  479.16	-3	5	NULL
real	EL	245	16	-15	    0.00	1	   -1.00	1	9	  415.13	-3	7	NULL
real	GR	246	16	15	    3.00	1	   -1.00	0	8	  455.23	-3	7	NULL
real	AL	247	16	-15	    0.00	1	   -1.00	0	9	  637.11	-6	7	NULL
real	CL	248	16	15	    2.00	0	    1.00	0	8	  877.13	-6	7	NULL
real	BR	249	16	-15	   -2.00	0	    1.00	1	11	  715.04	-6	5	NULL
real	DR	250	16	15	    2.00	0	    1.00	0	9	  775.40	-6	5	NULL
real	FL	251	16	-15	   -2.00	0	    1.00	1	8	  805.42	-3	5	NULL
real	BL	252	16	-15	   -2.00	0	    1.00	1	8	  553.86	-6	5	NULL
real	HR	253	16	15	    2.00	0	    1.00	0	7	  597.72	-3	5	NULL
real	HL	254	16	15	    3.00	1	   -1.00	1	9	  892.16	-3	5	NULL
real	ER	255	16	-15	   -3.00	0	    1.00	1	7	  912.07	-3	7	NULL
real	CR	256	16	15	    2.00	0	    1.00	0	5	  696.78	-6	7	NULL
real	AL	257	17	-15	   -1.00	1	   -1.00	0	9	 1305.82	-6	7	NULL
real	CR	258	17	15	    3.00	1	   -1.00	1	6	  613.39	-6	7	NULL
real	HR	259	17	15	    3.00	1	   -1.00	1	8	  669.09	-3	5	NULL
real	BL	260	17	-15	   -1.00	1	   -1.00	1	9	 1330.50	-6	5	NULL
real	DR	261	17	15	    3.00	1	   -1.00	1	10	  764.51	-6	5	NULL
real	FR	262	17	-15	   -1.00	1	   -1.00	0	10	  764.73	-3	5	NULL
real	AR	263	17	-15	    1.00	1	   -1.00	1	12	  570.09	-6	7	NULL
real	FL	264	17	-15	   -1.00	1	   -1.00	1	9	  621.99	-3	5	NULL
real	ER	265	17	-15	   -2.00	1	   -1.00	1	8	  972.04	-3	7	NULL
real	CL	266	17	15	    3.00	1	   -1.00	1	9	  585.68	-6	7	NULL
real	DL	267	17	15	    1.00	0	    1.00	1	10	  895.37	-6	5	NULL
real	GR	268	17	15	    2.00	1	   -1.00	0	8	  717.76	-3	7	NULL
real	EL	269	17	-15	   -1.00	0	    1.00	1	10	  758.28	-3	7	NULL
real	GL	270	17	15	    1.00	0	    1.00	1	12	  649.61	-3	7	NULL
real	HL	271	17	15	    2.00	1	   -1.00	0	9	  441.62	-3	5	NULL
real	BR	272	17	-15	   -1.00	1	   -1.00	1	12	 1378.87	-6	5	NULL
real	HR	273	18	15	    2.00	0	    1.00	1	9	  622.93	-3	5	NULL
real	HL	274	18	15	    1.00	0	    1.00	1	10	  733.99	-3	5	NULL
real	ER	275	18	-15	   -3.00	0	    1.00	1	9	  849.17	-3	7	NULL
real	EL	276	18	-15	    0.00	1	   -1.00	1	11	  737.35	-3	7	NULL
real	FR	277	18	-15	   -2.00	0	    1.00	1	11	 1648.55	-3	5	NULL
real	DL	278	18	15	    2.00	0	    1.00	0	10	  813.68	-6	5	NULL
real	AL	279	18	-15	   -2.00	0	    1.00	1	10	  709.05	-6	7	NULL
real	CL	280	18	15	    2.00	1	   -1.00	0	9	  734.48	-6	7	NULL
real	GR	281	18	15	    1.00	0	    1.00	1	9	  816.38	-3	7	NULL
real	BL	282	18	-15	   -2.00	0	    1.00	1	10	  752.02	-6	5	NULL
real	DR	283	18	15	    2.00	1	   -1.00	0	10	  668.03	-6	5	NULL
real	FL	284	18	-15	   -2.00	0	    1.00	1	10	  507.57	-3	5	NULL
real	CR	285	18	15	    2.00	1	   -1.00	0	6	  904.83	-6	7	NULL
real	HL	286	19	15	    2.00	0	    1.00	0	10	  668.28	-3	5	NULL
real	FL	287	19	-15	   -1.00	1	   -1.00	1	11	  651.12	-3	5	NULL
real	DL	288	19	15	    3.00	0	    1.00	0	10	  796.22	-6	5	NULL
real	GR	289	19	15	    2.00	0	    1.00	0	9	 2519.42	-3	7	NULL
real	AL	290	19	-15	   -1.00	0	    1.00	0	10	  662.62	-6	7	NULL
real	CR	291	19	15	    1.00	0	    1.00	1	7	  642.45	-6	7	NULL
real	BL	292	19	-15	   -1.00	0	    1.00	0	10	 1160.55	-6	5	NULL
real	FR	293	19	-15	   -1.00	0	    1.00	0	11	  652.51	-3	5	NULL
real	CL	294	19	15	    1.00	0	    1.00	1	10	 3125.69	-6	7	NULL
real	EL	295	19	-15	   -1.00	1	   -1.00	0	11	 2045.78	-3	7	NULL
real	DR	296	19	15	    1.00	0	    1.00	1	11	 1301.39	-6	5	NULL
real	HR	297	19	15	    3.00	1	   -1.00	1	10	 2608.57	-3	5	NULL
real	ER	298	19	-15	   -2.00	0	    1.00	0	9	  798.48	-3	7	NULL
real	CL	299	20	15	    2.00	1	   -1.00	1	11	  501.18	-6	7	NULL
real	HL	300	20	15	    3.00	1	   -1.00	1	11	  576.86	-3	5	NULL
real	DL	301	20	15	    4.00	0	    1.00	0	10	  683.74	-6	5	NULL
real	AL	302	20	-15	    0.00	1	   -1.00	1	11	  810.20	-6	7	NULL
real	HR	303	20	15	    2.00	0	    1.00	1	11	 1068.17	-3	5	NULL
real	EL	304	20	-15	   -2.00	0	    1.00	1	12	  636.14	-3	7	NULL
real	DR	305	20	15	    2.00	0	    1.00	0	11	  674.04	-6	5	NULL
real	FR	306	20	-15	    0.00	1	   -1.00	1	12	 1221.77	-3	5	NULL
real	CR	307	20	15	    2.00	0	    1.00	0	7	  743.01	-6	7	NULL
real	ER	308	20	-15	   -1.00	1	   -1.00	1	10	  806.27	-3	7	NULL
real	BL	309	20	-15	    0.00	0	    1.00	0	10	  561.53	-6	5	NULL
real	FL	310	20	-15	   -2.00	1	   -1.00	0	11	  641.99	-3	5	NULL
real	GR	311	20	15	    3.00	1	   -1.00	1	10	  463.59	-3	7	NULL
real	AL	312	21	-15	   -1.00	1	   -1.00	0	11	 1133.81	-6	7	NULL
real	HL	313	21	15	    2.00	1	   -1.00	0	11	  557.20	-3	5	NULL
real	HR	314	21	15	    3.00	1	   -1.00	1	12	  524.58	-3	5	NULL
real	CR	315	21	15	    3.00	1	   -1.00	1	8	  457.58	-6	7	NULL
real	BL	316	21	-15	    1.00	1	   -1.00	1	11	  591.92	-6	5	NULL
real	GR	317	21	15	    2.00	0	    1.00	1	11	 1042.43	-3	7	NULL
real	DR	318	21	15	    3.00	1	   -1.00	1	12	  449.12	-6	5	NULL
real	FL	319	21	-15	   -3.00	0	    1.00	1	12	  679.89	-3	5	NULL
real	CL	320	21	15	    1.00	1	   -1.00	0	11	  461.69	-6	7	NULL
real	DL	321	21	15	    5.00	1	   -1.00	1	11	  471.00	-6	5	NULL
real	ER	322	21	-15	   -2.00	1	   -1.00	0	10	  727.39	-3	7	NULL
real	AL	323	22	-15	   -2.00	0	    1.00	1	12	  680.53	-6	7	NULL
real	BL	324	22	-15	    0.00	1	   -1.00	0	11	  898.21	-6	5	NULL
real	HL	325	22	15	    1.00	0	    1.00	1	12	  562.93	-3	5	NULL
real	ER	326	22	-15	   -3.00	0	    1.00	1	11	  611.67	-3	7	NULL
real	GR	327	22	15	    3.00	0	    1.00	0	11	  680.55	-3	7	NULL
real	DL	328	22	15	    4.00	1	   -1.00	0	11	  443.86	-6	5	NULL
real	CL	329	22	15	    0.00	0	    1.00	1	12	  754.06	-6	7	NULL
real	CR	330	22	15	    2.00	0	    1.00	1	9	  817.35	-6	7	NULL
real	ER	331	23	-15	   -2.00	0	    1.00	0	11	  643.20	-3	7	NULL
real	GR	332	23	15	    4.00	0	    1.00	0	11	  651.82	-3	7	NULL
real	DL	333	23	15	    3.00	1	   -1.00	0	11	  740.30	-6	5	NULL
real	CR	334	23	15	    3.00	1	   -1.00	1	10	  573.51	-6	7	NULL
real	BL	335	23	-15	   -1.00	0	    1.00	1	12	  625.07	-6	5	NULL
real	ER	336	24	-15	   -1.00	0	    1.00	0	11	  667.49	-3	7	NULL
real	CR	337	24	15	    2.00	1	   -1.00	0	10	  474.74	-6	7	NULL
real	GR	338	24	15	    5.00	1	   -1.00	1	12	  468.32	-3	7	NULL
real	DL	339	24	15	    2.00	1	   -1.00	0	11	  442.60	-6	5	NULL
real	DL	340	25	15	    1.00	1	   -1.00	0	11	  620.95	-6	5	NULL
real	CR	341	25	15	    1.00	1	   -1.00	0	10	  597.42	-6	7	NULL
real	ER	342	25	-15	    0.00	1	   -1.00	1	12	  475.82	-3	7	NULL
real	DL	343	26	15	    0.00	0	    1.00	1	12	  628.25	-6	5	NULL
real	CR	344	26	15	    0.00	0	    1.00	1	11	  604.79	-6	7	NULL
real	CR	345	27	15	    1.00	0	    1.00	0	11	  541.00	-6	7	NULL
real	CR	346	28	15	    2.00	0	    1.00	0	11	  775.62	-6	7	NULL
real	CR	347	29	15	    3.00	1	   -1.00	1	12	 3274.92	-6	7	NULL
