TRIAL_TYPE	trial_variant	TRIAL_NUMBER	TRIAL_ITERATION_VAL	frame_tilt	rod_tilt	response	step_size	reversal	reversal_num	RT	probe_del	alpha_entrain_refreshes	rod_tilt_val
real	GL	1	1	15	  -20.00	1	   -8.00	0	0	10391.03	-3	7	NULL
real	BR	2	1	-15	   20.00	1	   -8.00	0	0	  796.36	-6	5	NULL
real	EL	3	1	-15	  -20.00	0	    8.00	0	0	  470.85	-3	7	NULL
real	CR	4	1	15	   20.00	1	   -8.00	0	0	  643.45	-6	7	NULL
real	HL	5	1	15	  -20.00	0	    8.00	0	0	  650.56	-3	5	NULL
real	AL	6	1	-15	  -20.00	0	    8.00	0	0	  555.18	-6	7	NULL
real	FR	7	1	-15	   20.00	1	   -8.00	0	0	  738.62	-3	5	NULL
real	DL	8	1	15	  -20.00	0	    8.00	0	0	  722.57	-6	5	NULL
real	GR	9	1	15	   20.00	1	   -8.00	0	0	  690.06	-3	7	NULL
real	HR	10	1	15	   20.00	1	   -8.00	0	0	  684.12	-3	5	NULL
real	AR	11	1	-15	   20.00	1	   -8.00	0	0	  738.46	-6	7	NULL
real	DR	12	1	15	   20.00	1	   -8.00	0	0	  645.04	-6	5	NULL
real	ER	13	1	-15	   20.00	1	   -8.00	0	0	  502.40	-3	7	NULL
real	CL	14	1	15	  -20.00	0	    8.00	0	0	  887.88	-6	7	NULL
real	BL	15	1	-15	  -20.00	0	    8.00	0	0	  812.35	-6	5	NULL
real	FL	16	1	-15	  -20.00	0	    8.00	0	0	  666.55	-3	5	NULL
real	EL	17	2	-15	  -12.00	0	    8.00	0	0	  681.70	-3	7	NULL
real	HL	18	2	15	  -12.00	0	    8.00	0	0	  726.42	-3	5	NULL
real	FL	19	2	-15	  -12.00	0	    8.00	0	0	  638.54	-3	5	NULL
real	BR	20	2	-15	   12.00	1	   -8.00	0	0	  598.45	-6	5	NULL
real	AR	21	2	-15	   12.00	1	   -8.00	0	0	  590.68	-6	7	NULL
real	AL	22	2	-15	  -12.00	0	    8.00	0	0	  669.33	-6	7	NULL
real	DR	23	2	15	   12.00	1	   -8.00	0	0	  542.86	-6	5	NULL
real	GL	24	2	15	-20	0	    4.00	1	1	  548.08	-3	7	NULL
real	FR	25	2	-15	   12.00	1	   -8.00	0	0	  474.63	-3	5	NULL
real	CL	26	2	15	  -12.00	0	    8.00	0	0	  711.24	-6	7	NULL
real	DL	27	2	15	  -12.00	0	    8.00	0	0	  712.77	-6	5	NULL
real	GR	28	2	15	   12.00	1	   -8.00	0	0	  475.94	-3	7	NULL
real	CR	29	2	15	   12.00	1	   -8.00	0	0	  518.66	-6	7	NULL
real	ER	30	2	-15	   12.00	1	   -8.00	0	0	  393.46	-3	7	NULL
real	BL	31	2	-15	  -12.00	0	    8.00	0	0	  552.84	-6	5	NULL
real	HR	32	2	15	   12.00	1	   -8.00	0	0	  527.11	-3	5	NULL
real	BL	33	3	-15	   -4.00	0	    8.00	0	0	  674.32	-6	5	NULL
real	HR	34	3	15	    4.00	0	    4.00	1	1	  980.22	-3	5	NULL
real	EL	35	3	-15	   -4.00	0	    8.00	0	0	  560.06	-3	7	NULL
real	FL	36	3	-15	   -4.00	0	    8.00	0	0	  560.28	-3	5	NULL
real	FR	37	3	-15	    4.00	1	   -8.00	0	0	  540.56	-3	5	NULL
real	HL	38	3	15	   -4.00	0	    8.00	0	0	  503.18	-3	5	NULL
real	AL	39	3	-15	   -4.00	0	    8.00	0	0	  494.45	-6	7	NULL
real	DL	40	3	15	   -4.00	0	    8.00	0	0	  511.80	-6	5	NULL
real	DR	41	3	15	    4.00	1	   -8.00	0	0	  454.78	-6	5	NULL
real	BR	42	3	-15	    4.00	1	   -8.00	0	0	  482.97	-6	5	NULL
real	CR	43	3	15	    4.00	1	   -8.00	0	0	  494.39	-6	7	NULL
real	CL	44	3	15	   -4.00	0	    8.00	0	0	  588.54	-6	7	NULL
real	GR	45	3	15	    4.00	0	    4.00	1	1	 1191.44	-3	7	NULL
real	GL	46	3	15	  -16.00	0	    4.00	0	1	  521.10	-3	7	NULL
real	AR	47	3	-15	    4.00	1	   -8.00	0	0	  424.20	-6	7	NULL
real	ER	48	3	-15	    4.00	1	   -8.00	0	0	  779.74	-3	7	NULL
real	FL	49	4	-15	    4.00	1	   -4.00	1	1	  962.59	-3	5	NULL
real	AR	50	4	-15	   -4.00	0	    4.00	1	1	  882.97	-6	7	NULL
real	HR	51	4	15	    8.00	1	   -2.00	1	2	  564.05	-3	5	NULL
real	BL	52	4	-15	    4.00	1	   -4.00	1	1	  556.40	-6	5	NULL
real	BR	53	4	-15	   -4.00	0	    4.00	1	1	  589.59	-6	5	NULL
real	HL	54	4	15	    4.00	0	    8.00	0	0	  762.32	-3	5	NULL
real	AL	55	4	-15	    4.00	1	   -4.00	1	1	  639.00	-6	7	NULL
real	CL	56	4	15	    4.00	1	   -4.00	1	1	 1238.03	-6	7	NULL
real	GL	57	4	15	  -12.00	0	    4.00	0	1	  691.72	-3	7	NULL
real	ER	58	4	-15	   -4.00	0	    4.00	1	1	  652.16	-3	7	NULL
real	EL	59	4	-15	    4.00	1	   -4.00	1	1	  499.03	-3	7	NULL
real	CR	60	4	15	   -4.00	0	    4.00	1	1	  681.82	-6	7	NULL
real	DL	61	4	15	    4.00	1	   -4.00	1	1	  502.65	-6	5	NULL
real	FR	62	4	-15	   -4.00	0	    4.00	1	1	  829.33	-3	5	NULL
real	GR	63	4	15	    8.00	1	   -2.00	1	2	  989.26	-3	7	NULL
real	DR	64	4	15	   -4.00	0	    4.00	1	1	  514.91	-6	5	NULL
real	HR	65	5	15	    6.00	1	   -2.00	0	2	  577.31	-3	5	NULL
real	FL	66	5	-15	    0.00	1	   -4.00	0	1	 2227.55	-3	5	NULL
real	EL	67	5	-15	    0.00	0	    2.00	1	2	  893.87	-3	7	NULL
real	GL	68	5	15	   -8.00	0	    4.00	0	1	  653.30	-3	7	NULL
real	DL	69	5	15	    0.00	0	    2.00	1	2	  732.50	-6	5	NULL
real	GR	70	5	15	    6.00	1	   -2.00	0	2	 1826.45	-3	7	NULL
real	BL	71	5	-15	    0.00	0	    2.00	1	2	 1144.06	-6	5	NULL
real	BR	72	5	-15	    0.00	0	    4.00	0	1	 1108.66	-6	5	NULL
real	HL	73	5	15	   12.00	1	   -4.00	1	1	  529.63	-3	5	NULL
real	AR	74	5	-15	    0.00	0	    4.00	0	1	 1337.66	-6	7	NULL
real	CR	75	5	15	    0.00	0	    4.00	0	1	  543.34	-6	7	NULL
real	DR	76	5	15	    0.00	0	    4.00	0	1	  614.64	-6	5	NULL
real	CL	77	5	15	    0.00	0	    2.00	1	2	  590.69	-6	7	NULL
real	AL	78	5	-15	    0.00	0	    2.00	1	2	 1089.23	-6	7	NULL
real	ER	79	5	-15	    0.00	0	    4.00	0	1	 1017.90	-3	7	NULL
real	FR	80	5	-15	    0.00	0	    4.00	0	1	  552.84	-3	5	NULL
real	CL	81	6	15	    2.00	0	    2.00	0	2	  853.14	-6	7	NULL
real	HL	82	6	15	    8.00	1	   -4.00	0	1	  525.65	-3	5	NULL
real	GR	83	6	15	    4.00	0	    1.00	1	3	 1546.09	-3	7	NULL
real	BR	84	6	-15	    4.00	1	   -2.00	1	2	  548.14	-6	5	NULL
real	AR	85	6	-15	    4.00	1	   -2.00	1	2	  503.84	-6	7	NULL
real	FR	86	6	-15	    4.00	1	   -2.00	1	2	  449.71	-3	5	NULL
real	DL	87	6	15	    2.00	0	    2.00	0	2	 1344.11	-6	5	NULL
real	CR	88	6	15	    4.00	1	   -2.00	1	2	  536.89	-6	7	NULL
real	ER	89	6	-15	    4.00	1	   -2.00	1	2	  579.57	-3	7	NULL
real	HR	90	6	15	    4.00	0	    1.00	1	3	 1471.95	-3	5	NULL
real	DR	91	6	15	    4.00	1	   -2.00	1	2	 1046.31	-6	5	NULL
real	BL	92	6	-15	    2.00	1	   -1.00	1	3	  711.45	-6	5	NULL
real	GL	93	6	15	   -4.00	0	    4.00	0	1	 1685.87	-3	7	NULL
real	EL	94	6	-15	    2.00	1	   -1.00	1	3	  632.21	-3	7	NULL
real	FL	95	6	-15	   -4.00	0	    2.00	1	2	  556.98	-3	5	NULL
real	AL	96	6	-15	    2.00	1	   -1.00	1	3	  605.28	-6	7	NULL
real	BR	97	7	-15	    2.00	1	   -2.00	0	2	  869.18	-6	5	NULL
real	CL	98	7	15	    4.00	1	   -1.00	1	3	  692.89	-6	7	NULL
real	DL	99	7	15	    4.00	1	   -1.00	1	3	  696.73	-6	5	NULL
real	ER	100	7	-15	    2.00	1	   -2.00	0	2	  656.51	-3	7	NULL
real	GR	101	7	15	    5.00	1	   -1.00	1	4	  482.63	-3	7	NULL
real	AL	102	7	-15	    1.00	0	    1.00	1	4	 2185.46	-6	7	NULL
real	GL	103	7	15	    0.00	0	    4.00	0	1	  616.90	-3	7	NULL
real	FR	104	7	-15	    2.00	1	   -2.00	0	2	  511.54	-3	5	NULL
real	EL	105	7	-15	    1.00	1	   -1.00	0	3	  515.57	-3	7	NULL
real	FL	106	7	-15	   -2.00	0	    2.00	0	2	  606.46	-3	5	NULL
real	HL	107	7	15	    4.00	1	   -4.00	0	1	  492.42	-3	5	NULL
real	HR	108	7	15	    5.00	1	   -1.00	1	4	  765.10	-3	5	NULL
real	CR	109	7	15	    2.00	0	    1.00	1	3	 1326.08	-6	7	NULL
real	BL	110	7	-15	    1.00	0	    1.00	1	4	 1659.46	-6	5	NULL
real	DR	111	7	15	    2.00	0	    1.00	1	3	 1141.40	-6	5	NULL
real	AR	112	7	-15	    2.00	1	   -2.00	0	2	  680.01	-6	7	NULL
real	BL	113	8	-15	    2.00	1	   -1.00	1	5	  669.37	-6	5	NULL
real	HL	114	8	15	    0.00	0	    2.00	1	2	  657.03	-3	5	NULL
real	AR	115	8	-15	    0.00	1	   -2.00	0	2	 2048.52	-6	7	NULL
real	GR	116	8	15	    4.00	1	   -1.00	0	4	  810.99	-3	7	NULL
real	GL	117	8	15	    4.00	1	   -2.00	1	2	  826.62	-3	7	NULL
real	HR	118	8	15	    4.00	1	   -1.00	0	4	  616.28	-3	5	NULL
real	AL	119	8	-15	    2.00	1	   -1.00	1	5	  767.96	-6	7	NULL
real	EL	120	8	-15	    0.00	0	    1.00	1	4	 2201.27	-3	7	NULL
real	CL	121	8	15	    3.00	0	    1.00	1	4	 1205.82	-6	7	NULL
real	CR	122	8	15	    3.00	1	   -1.00	1	4	 1990.75	-6	7	NULL
real	DR	123	8	15	    3.00	1	   -1.00	1	4	  647.67	-6	5	NULL
real	BR	124	8	-15	    0.00	0	    1.00	1	3	 1457.19	-6	5	NULL
real	FR	125	8	-15	    0.00	0	    1.00	1	3	 3130.04	-3	5	NULL
real	FL	126	8	-15	    0.00	0	    2.00	0	2	 1828.14	-3	5	NULL
real	DL	127	8	15	    3.00	0	    1.00	1	4	 1986.09	-6	5	NULL
real	ER	128	8	-15	    0.00	0	    1.00	1	3	 1232.31	-3	7	NULL
real	GL	129	9	15	    2.00	0	    1.00	1	3	 1413.09	-3	7	NULL
real	FR	130	9	-15	    1.00	0	    1.00	0	3	 2140.94	-3	5	NULL
real	CL	131	9	15	    4.00	1	   -1.00	1	5	  733.83	-6	7	NULL
real	HR	132	9	15	    3.00	0	    1.00	1	5	 1730.45	-3	5	NULL
real	EL	133	9	-15	    1.00	0	    1.00	0	4	 1480.62	-3	7	NULL
real	AL	134	9	-15	    1.00	0	    1.00	1	6	  916.75	-6	7	NULL
real	FL	135	9	-15	    2.00	1	   -1.00	1	3	  765.69	-3	5	NULL
real	GR	136	9	15	    3.00	0	    1.00	1	5	  824.50	-3	7	NULL
real	AR	137	9	-15	   -2.00	0	    1.00	1	3	  675.66	-6	7	NULL
real	ER	138	9	-15	    1.00	1	   -1.00	1	4	 1700.51	-3	7	NULL
real	BR	139	9	-15	    1.00	1	   -1.00	1	4	 1761.98	-6	5	NULL
real	DR	140	9	15	    2.00	1	   -1.00	0	4	 1185.56	-6	5	NULL
real	HL	141	9	15	    2.00	0	    2.00	0	2	  816.27	-3	5	NULL
real	BL	142	9	-15	    1.00	1	   -1.00	0	5	 1149.31	-6	5	NULL
real	DL	143	9	15	    4.00	1	   -1.00	1	5	  648.54	-6	5	NULL
real	CR	144	9	15	    2.00	0	    1.00	1	5	  734.61	-6	7	NULL
real	DR	145	10	15	    1.00	0	    1.00	1	5	  703.23	-6	5	NULL
real	HR	146	10	15	    4.00	0	    1.00	0	5	 1415.14	-3	5	NULL
real	EL	147	10	-15	    2.00	1	   -1.00	1	5	  667.62	-3	7	NULL
real	AR	148	10	-15	   -1.00	0	    1.00	0	3	  661.22	-6	7	NULL
real	AL	149	10	-15	    2.00	1	   -1.00	1	7	  668.12	-6	7	NULL
real	CR	150	10	15	    3.00	0	    1.00	0	5	 1425.53	-6	7	NULL
real	FL	151	10	-15	    1.00	1	   -1.00	0	3	  571.65	-3	5	NULL
real	BL	152	10	-15	    0.00	0	    1.00	1	6	  765.85	-6	5	NULL
real	BR	153	10	-15	    0.00	0	    1.00	1	5	  642.57	-6	5	NULL
real	ER	154	10	-15	    0.00	0	    1.00	1	5	  559.59	-3	7	NULL
real	GR	155	10	15	    4.00	1	   -1.00	1	6	  500.18	-3	7	NULL
real	HL	156	10	15	    4.00	1	   -1.00	1	3	  509.30	-3	5	NULL
real	GL	157	10	15	    3.00	1	   -1.00	1	4	 1661.82	-3	7	NULL
real	DL	158	10	15	    3.00	1	   -1.00	0	5	  659.78	-6	5	NULL
real	FR	159	10	-15	    2.00	1	   -1.00	1	4	  497.67	-3	5	NULL
real	CL	160	10	15	    3.00	1	   -1.00	0	5	  468.24	-6	7	NULL
real	EL	161	11	-15	    1.00	1	   -1.00	0	5	  793.28	-3	7	NULL
real	FR	162	11	-15	    1.00	0	    1.00	1	5	  667.96	-3	5	NULL
real	DL	163	11	15	    2.00	0	    1.00	1	6	  835.85	-6	5	NULL
real	AL	164	11	-15	    1.00	0	    1.00	1	8	 1081.94	-6	7	NULL
real	BR	165	11	-15	    1.00	0	    1.00	0	5	  515.95	-6	5	NULL
real	AR	166	11	-15	    0.00	0	    1.00	0	3	  549.18	-6	7	NULL
real	BL	167	11	-15	    1.00	0	    1.00	0	6	  603.92	-6	5	NULL
real	GR	168	11	15	    3.00	0	    1.00	1	7	  961.39	-3	7	NULL
real	CL	169	11	15	    2.00	0	    1.00	1	6	  709.41	-6	7	NULL
real	ER	170	11	-15	    1.00	1	   -1.00	1	6	  965.04	-3	7	NULL
real	FL	171	11	-15	    0.00	1	   -1.00	0	3	  890.10	-3	5	NULL
real	HL	172	11	15	    3.00	1	   -1.00	0	3	  966.75	-3	5	NULL
real	CR	173	11	15	    4.00	1	   -1.00	1	6	  573.03	-6	7	NULL
real	GL	174	11	15	    2.00	0	    1.00	1	5	  564.23	-3	7	NULL
real	HR	175	11	15	    5.00	1	   -1.00	1	6	  497.78	-3	5	NULL
real	DR	176	11	15	    2.00	1	   -1.00	1	6	  730.99	-6	5	NULL
real	GL	177	12	15	    3.00	1	   -1.00	1	6	  718.35	-3	7	NULL
real	CR	178	12	15	    3.00	1	   -1.00	0	6	  483.40	-6	7	NULL
real	FL	179	12	-15	   -1.00	0	    1.00	1	4	 1306.91	-3	5	NULL
real	EL	180	12	-15	    0.00	0	    1.00	1	6	  562.72	-3	7	NULL
real	DL	181	12	15	    3.00	1	   -1.00	1	7	  655.56	-6	5	NULL
real	HL	182	12	15	    2.00	0	    1.00	1	4	  578.22	-3	5	NULL
real	GR	183	12	15	    4.00	1	   -1.00	1	8	  708.54	-3	7	NULL
real	AL	184	12	-15	    2.00	1	   -1.00	1	9	  636.20	-6	7	NULL
real	AR	185	12	-15	    1.00	0	    1.00	0	3	 1339.10	-6	7	NULL
real	FR	186	12	-15	    2.00	0	    1.00	0	5	 1340.70	-3	5	NULL
real	ER	187	12	-15	    0.00	0	    1.00	1	7	 1191.78	-3	7	NULL
real	BR	188	12	-15	    2.00	1	   -1.00	1	6	 2445.68	-6	5	NULL
real	BL	189	12	-15	    2.00	1	   -1.00	1	7	  775.65	-6	5	NULL
real	HR	190	12	15	    4.00	1	   -1.00	0	6	 2052.58	-3	5	NULL
real	DR	191	12	15	    1.00	0	    1.00	1	7	  543.65	-6	5	NULL
real	CL	192	12	15	    3.00	0	    1.00	0	6	 1906.50	-6	7	NULL
real	HR	193	13	15	    3.00	1	   -1.00	0	6	  664.96	-3	5	NULL
real	GR	194	13	15	    3.00	0	    1.00	1	9	 1176.80	-3	7	NULL
real	CL	195	13	15	    4.00	1	   -1.00	1	7	  689.02	-6	7	NULL
real	DL	196	13	15	    2.00	0	    1.00	1	8	  701.23	-6	5	NULL
real	GL	197	13	15	    2.00	0	    1.00	1	7	  613.75	-3	7	NULL
real	FL	198	13	-15	    0.00	1	   -1.00	1	5	  575.62	-3	5	NULL
real	FR	199	13	-15	    3.00	1	   -1.00	1	6	  670.63	-3	5	NULL
real	BR	200	13	-15	    1.00	0	    1.00	1	7	 1070.94	-6	5	NULL
real	EL	201	13	-15	    1.00	0	    1.00	0	6	 2199.69	-3	7	NULL
real	DR	202	13	15	    2.00	0	    1.00	0	7	  537.71	-6	5	NULL
real	HL	203	13	15	    3.00	0	    1.00	0	4	 1423.51	-3	5	NULL
real	CR	204	13	15	    2.00	0	    1.00	1	7	  585.42	-6	7	NULL
real	ER	205	13	-15	    1.00	1	   -1.00	1	8	  739.05	-3	7	NULL
real	AR	206	13	-15	    2.00	0	    1.00	0	3	  957.03	-6	7	NULL
real	BL	207	13	-15	    1.00	0	    1.00	1	8	 1322.97	-6	5	NULL
real	AL	208	13	-15	    1.00	0	    1.00	1	10	  639.26	-6	7	NULL
real	BR	209	14	-15	    2.00	1	   -1.00	1	8	 1052.43	-6	5	NULL
real	GR	210	14	15	    4.00	1	   -1.00	1	10	 1184.03	-3	7	NULL
real	DR	211	14	15	    3.00	1	   -1.00	1	8	 1963.43	-6	5	NULL
real	CL	212	14	15	    3.00	1	   -1.00	0	7	  707.36	-6	7	NULL
real	ER	213	14	-15	    0.00	1	   -1.00	0	8	 1525.72	-3	7	NULL
real	BL	214	14	-15	    2.00	1	   -1.00	1	9	  639.77	-6	5	NULL
real	AL	215	14	-15	    2.00	1	   -1.00	1	11	 2062.24	-6	7	NULL
real	HL	216	14	15	    4.00	1	   -1.00	1	5	  555.62	-3	5	NULL
real	FL	217	14	-15	   -1.00	0	    1.00	1	6	  581.33	-3	5	NULL
real	GL	218	14	15	    3.00	1	   -1.00	1	8	 2250.77	-3	7	NULL
real	CR	219	14	15	    3.00	0	    1.00	0	7	 1597.66	-6	7	NULL
real	AR	220	14	-15	    3.00	1	   -1.00	1	4	  640.87	-6	7	NULL
real	DL	221	14	15	    3.00	1	   -1.00	1	9	 1229.14	-6	5	NULL
real	FR	222	14	-15	    2.00	1	   -1.00	0	6	  563.92	-3	5	NULL
real	HR	223	14	15	    2.00	0	    1.00	1	7	 1073.99	-3	5	NULL
real	EL	224	14	-15	    2.00	1	   -1.00	1	7	  565.83	-3	7	NULL
real	CL	225	15	15	    2.00	0	    1.00	1	8	  614.70	-6	7	NULL
real	HL	226	15	15	    3.00	1	   -1.00	0	5	  952.19	-3	5	NULL
real	DL	227	15	15	    2.00	0	    1.00	1	10	 1686.14	-6	5	NULL
real	ER	228	15	-15	   -1.00	0	    1.00	1	9	  895.49	-3	7	NULL
real	AL	229	15	-15	    1.00	0	    1.00	1	12	 1087.42	-6	7	NULL
real	AR	230	15	-15	    2.00	1	   -1.00	0	4	  648.74	-6	7	NULL
real	DR	231	15	15	    2.00	1	   -1.00	0	8	 1472.34	-6	5	NULL
real	GL	232	15	15	    2.00	0	    1.00	1	9	  604.92	-3	7	NULL
real	GR	233	15	15	    3.00	0	    1.00	1	11	 2283.23	-3	7	NULL
real	FL	234	15	-15	    0.00	1	   -1.00	1	7	  595.75	-3	5	NULL
real	BR	235	15	-15	    1.00	0	    1.00	1	9	 2346.26	-6	5	NULL
real	BL	236	15	-15	    1.00	0	    1.00	1	10	  528.20	-6	5	NULL
real	CR	237	15	15	    4.00	1	   -1.00	1	8	  729.16	-6	7	NULL
real	EL	238	15	-15	    1.00	1	   -1.00	0	7	 1318.24	-3	7	NULL
real	FR	239	15	-15	    1.00	1	   -1.00	0	6	 1361.48	-3	5	NULL
real	HR	240	15	15	    3.00	1	   -1.00	1	8	  672.14	-3	5	NULL
real	CL	241	16	15	    3.00	1	   -1.00	1	9	  520.33	-6	7	NULL
real	ER	242	16	-15	    0.00	0	    1.00	0	9	 1146.67	-3	7	NULL
real	DL	243	16	15	    3.00	1	   -1.00	1	11	  953.63	-6	5	NULL
real	BR	244	16	-15	    2.00	1	   -1.00	1	10	  843.30	-6	5	NULL
real	HL	245	16	15	    2.00	0	    1.00	1	6	  736.43	-3	5	NULL
real	GL	246	16	15	    3.00	0	    1.00	0	9	 2128.80	-3	7	NULL
real	DR	247	16	15	    1.00	0	    1.00	1	9	  579.23	-6	5	NULL
real	AR	248	16	-15	    1.00	0	    1.00	1	5	 1156.30	-6	7	NULL
real	FL	249	16	-15	   -1.00	0	    1.00	1	8	  522.99	-3	5	NULL
real	FR	250	16	-15	    0.00	1	   -1.00	0	6	 1240.11	-3	5	NULL
real	CR	251	16	15	    3.00	1	   -1.00	0	8	  705.71	-6	7	NULL
real	HR	252	16	15	    2.00	0	    1.00	1	9	  509.53	-3	5	NULL
real	EL	253	16	-15	    0.00	1	   -1.00	0	7	  939.32	-3	7	NULL
real	GR	254	16	15	    4.00	1	   -1.00	1	12	  621.42	-3	7	NULL
real	BL	255	16	-15	    2.00	1	   -1.00	1	11	  733.98	-6	5	NULL
real	DL	256	17	15	    2.00	1	   -1.00	0	11	  850.11	-6	5	NULL
real	DR	257	17	15	    2.00	0	    1.00	0	9	 1338.99	-6	5	NULL
real	BR	258	17	-15	    1.00	1	   -1.00	0	10	  657.92	-6	5	NULL
real	HR	259	17	15	    3.00	0	    1.00	0	9	  837.45	-3	5	NULL
real	FL	260	17	-15	    0.00	1	   -1.00	1	9	  901.71	-3	5	NULL
real	ER	261	17	-15	    1.00	1	   -1.00	1	10	  522.33	-3	7	NULL
real	GL	262	17	15	    4.00	1	   -1.00	1	10	  714.91	-3	7	NULL
real	FR	263	17	-15	   -1.00	0	    1.00	1	7	  771.30	-3	5	NULL
real	HL	264	17	15	    3.00	0	    1.00	0	6	  975.32	-3	5	NULL
real	BL	265	17	-15	    1.00	0	    1.00	1	12	  642.66	-6	5	NULL
real	CL	266	17	15	    2.00	1	   -1.00	0	9	  823.00	-6	7	NULL
real	EL	267	17	-15	   -1.00	0	    1.00	1	8	 1090.05	-3	7	NULL
real	AR	268	17	-15	    2.00	1	   -1.00	1	6	  665.00	-6	7	NULL
real	CR	269	17	15	    2.00	0	    1.00	1	9	  658.45	-6	7	NULL
real	CR	270	18	15	    3.00	1	   -1.00	1	10	  665.59	-6	7	NULL
real	FR	271	18	-15	    0.00	0	    1.00	0	7	  767.43	-3	5	NULL
real	HL	272	18	15	    4.00	1	   -1.00	1	7	  659.66	-3	5	NULL
real	GL	273	18	15	    3.00	0	    1.00	1	11	 1257.16	-3	7	NULL
real	CL	274	18	15	    1.00	0	    1.00	1	10	  592.67	-6	7	NULL
real	ER	275	18	-15	    0.00	0	    1.00	1	11	 2617.63	-3	7	NULL
real	BR	276	18	-15	    0.00	0	    1.00	1	11	  716.20	-6	5	NULL
real	AR	277	18	-15	    1.00	1	   -1.00	0	6	 1561.55	-6	7	NULL
real	FL	278	18	-15	   -1.00	0	    1.00	1	10	  602.16	-3	5	NULL
real	HR	279	18	15	    4.00	1	   -1.00	1	10	  569.12	-3	5	NULL
real	EL	280	18	-15	    0.00	1	   -1.00	1	9	 1402.95	-3	7	NULL
real	DL	281	18	15	    1.00	0	    1.00	1	12	  594.86	-6	5	NULL
real	DR	282	18	15	    3.00	1	   -1.00	1	10	  643.92	-6	5	NULL
real	AR	283	19	-15	    0.00	0	    1.00	1	7	  565.48	-6	7	NULL
real	CL	284	19	15	    2.00	1	   -1.00	1	11	  712.65	-6	7	NULL
real	CR	285	19	15	    2.00	0	    1.00	1	11	  687.86	-6	7	NULL
real	HR	286	19	15	    3.00	1	   -1.00	0	10	 1275.50	-3	5	NULL
real	HL	287	19	15	    3.00	0	    1.00	1	8	 2184.33	-3	5	NULL
real	GL	288	19	15	    4.00	1	   -1.00	1	12	  628.86	-3	7	NULL
real	FR	289	19	-15	    1.00	1	   -1.00	1	8	  625.24	-3	5	NULL
real	EL	290	19	-15	   -1.00	0	    1.00	1	10	  904.51	-3	7	NULL
real	DR	291	19	15	    2.00	0	    1.00	1	11	 1256.36	-6	5	NULL
real	BR	292	19	-15	    1.00	0	    1.00	0	11	  747.02	-6	5	NULL
real	ER	293	19	-15	    1.00	1	   -1.00	1	12	 1155.42	-3	7	NULL
real	FL	294	19	-15	    0.00	0	    1.00	0	10	  516.67	-3	5	NULL
real	HR	295	20	15	    2.00	0	    1.00	1	11	  837.14	-3	5	NULL
real	AR	296	20	-15	    1.00	0	    1.00	0	7	 1241.71	-6	7	NULL
real	FL	297	20	-15	    1.00	1	   -1.00	1	11	  581.57	-3	5	NULL
real	CR	298	20	15	    3.00	1	   -1.00	1	12	  510.45	-6	7	NULL
real	EL	299	20	-15	    0.00	0	    1.00	0	10	 1655.02	-3	7	NULL
real	DR	300	20	15	    3.00	1	   -1.00	1	12	  517.62	-6	5	NULL
real	FR	301	20	-15	    0.00	0	    1.00	1	9	  667.43	-3	5	NULL
real	CL	302	20	15	    1.00	0	    1.00	1	12	  535.40	-6	7	NULL
real	BR	303	20	-15	    2.00	1	   -1.00	1	12	  447.80	-6	5	NULL
real	HL	304	20	15	    4.00	1	   -1.00	1	9	  400.60	-3	5	NULL
real	FR	305	21	-15	    1.00	1	   -1.00	1	10	  721.03	-3	5	NULL
real	AR	306	21	-15	    2.00	1	   -1.00	1	8	  527.96	-6	7	NULL
real	HR	307	21	15	    3.00	1	   -1.00	1	12	  398.09	-3	5	NULL
real	HL	308	21	15	    3.00	1	   -1.00	0	9	 1076.82	-3	5	NULL
real	FL	309	21	-15	    0.00	0	    1.00	1	12	 1450.71	-3	5	NULL
real	EL	310	21	-15	    1.00	1	   -1.00	1	11	  601.05	-3	7	NULL
real	FR	311	22	-15	    0.00	0	    1.00	1	11	 2561.63	-3	5	NULL
real	HL	312	22	15	    2.00	1	   -1.00	0	9	 1625.29	-3	5	NULL
real	AR	313	22	-15	    1.00	1	   -1.00	0	8	 2135.21	-6	7	NULL
real	EL	314	22	-15	    0.00	0	    1.00	1	12	 1033.33	-3	7	NULL
real	HL	315	23	15	    1.00	0	    1.00	1	10	  565.90	-3	5	NULL
real	FR	316	23	-15	    1.00	1	   -1.00	1	12	  586.17	-3	5	NULL
real	AR	317	23	-15	    0.00	0	    1.00	1	9	  580.81	-6	7	NULL
real	HL	318	24	15	    2.00	0	    1.00	0	10	 1231.31	-3	5	NULL
real	AR	319	24	-15	    1.00	1	   -1.00	1	10	  615.54	-6	7	NULL
real	HL	320	25	15	    3.00	1	   -1.00	1	11	  584.52	-3	5	NULL
real	AR	321	25	-15	    0.00	0	    1.00	1	11	  487.09	-6	7	NULL
real	HL	322	26	15	    2.00	0	    1.00	1	12	  543.79	-3	5	NULL
real	AR	323	26	-15	    1.00	1	   -1.00	1	12	  903.45	-6	7	NULL
