TRIAL_TYPE	trial_variant	TRIAL_NUMBER	TRIAL_ITERATION_VAL	frame_tilt	rod_tilt	response	step_size	reversal	reversal_num	RT	probe_del	alpha_entrain_refreshes	rod_tilt_val
real	HR	1	1	15	   20.00	1	   -8.00	0	0	 2300.59	-3	5	NULL
real	FR	2	1	-15	   20.00	1	   -8.00	0	0	  901.94	-3	5	NULL
real	DR	3	1	15	   20.00	1	   -8.00	0	0	  541.89	-6	5	NULL
real	HL	4	1	15	  -20.00	0	    8.00	0	0	  489.54	-3	5	NULL
real	BL	5	1	-15	  -20.00	0	    8.00	0	0	  520.48	-6	5	NULL
real	BR	6	1	-15	   20.00	1	   -8.00	0	0	  428.33	-6	5	NULL
real	DL	7	1	15	  -20.00	0	    8.00	0	0	  436.89	-6	5	NULL
real	GR	8	1	15	   20.00	1	   -8.00	0	0	  409.65	-3	7	NULL
real	AL	9	1	-15	  -20.00	0	    8.00	0	0	  386.96	-6	7	NULL
real	CR	10	1	15	   20.00	1	   -8.00	0	0	  318.91	-6	7	NULL
real	GL	11	1	15	  -20.00	0	    8.00	0	0	  321.85	-3	7	NULL
real	CL	12	1	15	  -20.00	0	    8.00	0	0	  491.11	-6	7	NULL
real	EL	13	1	-15	  -20.00	0	    8.00	0	0	  461.58	-3	7	NULL
real	AR	14	1	-15	   20.00	1	   -8.00	0	0	  386.77	-6	7	NULL
real	FL	15	1	-15	  -20.00	0	    8.00	0	0	  461.35	-3	5	NULL
real	ER	16	1	-15	   20.00	1	   -8.00	0	0	  445.02	-3	7	NULL
real	GL	17	2	15	  -12.00	0	    8.00	0	0	  603.89	-3	7	NULL
real	BL	18	2	-15	  -12.00	0	    8.00	0	0	  987.26	-6	5	NULL
real	EL	19	2	-15	  -12.00	0	    8.00	0	0	  857.76	-3	7	NULL
real	CR	20	2	15	   12.00	1	   -8.00	0	0	  499.55	-6	7	NULL
real	CL	21	2	15	  -12.00	0	    8.00	0	0	  350.82	-6	7	NULL
real	AL	22	2	-15	  -12.00	0	    8.00	0	0	  387.77	-6	7	NULL
real	ER	23	2	-15	   12.00	1	   -8.00	0	0	  396.80	-3	7	NULL
real	BR	24	2	-15	   12.00	1	   -8.00	0	0	  414.76	-6	5	NULL
real	DR	25	2	15	   12.00	1	   -8.00	0	0	  404.87	-6	5	NULL
real	FL	26	2	-15	  -12.00	0	    8.00	0	0	  342.98	-3	5	NULL
real	AR	27	2	-15	   12.00	1	   -8.00	0	0	  375.27	-6	7	NULL
real	HR	28	2	15	   12.00	1	   -8.00	0	0	  407.20	-3	5	NULL
real	FR	29	2	-15	   12.00	1	   -8.00	0	0	  345.70	-3	5	NULL
real	HL	30	2	15	  -12.00	0	    8.00	0	0	  554.27	-3	5	NULL
real	DL	31	2	15	  -12.00	0	    8.00	0	0	 1141.55	-6	5	NULL
real	GR	32	2	15	   12.00	1	   -8.00	0	0	  605.06	-3	7	NULL
real	GL	33	3	15	   -4.00	0	    8.00	0	0	  620.07	-3	7	NULL
real	BR	34	3	-15	    4.00	1	   -8.00	0	0	  422.15	-6	5	NULL
real	DR	35	3	15	    4.00	1	   -8.00	0	0	  515.07	-6	5	NULL
real	FR	36	3	-15	    4.00	1	   -8.00	0	0	  532.20	-3	5	NULL
real	GR	37	3	15	    4.00	1	   -8.00	0	0	  590.40	-3	7	NULL
real	DL	38	3	15	   -4.00	0	    8.00	0	0	  472.18	-6	5	NULL
real	CR	39	3	15	    4.00	1	   -8.00	0	0	  373.14	-6	7	NULL
real	FL	40	3	-15	   -4.00	0	    8.00	0	0	  596.94	-3	5	NULL
real	EL	41	3	-15	   -4.00	0	    8.00	0	0	  680.51	-3	7	NULL
real	HR	42	3	15	    4.00	1	   -8.00	0	0	  331.07	-3	5	NULL
real	CL	43	3	15	   -4.00	0	    8.00	0	0	  402.08	-6	7	NULL
real	ER	44	3	-15	    4.00	1	   -8.00	0	0	  315.24	-3	7	NULL
real	HL	45	3	15	   -4.00	0	    8.00	0	0	  606.37	-3	5	NULL
real	AL	46	3	-15	   -4.00	0	    8.00	0	0	  387.19	-6	7	NULL
real	AR	47	3	-15	    4.00	1	   -8.00	0	0	  381.68	-6	7	NULL
real	BL	48	3	-15	   -4.00	0	    8.00	0	0	  374.01	-6	5	NULL
real	HL	49	4	15	    4.00	1	   -4.00	1	1	  401.45	-3	5	NULL
real	DR	50	4	15	   -4.00	0	    4.00	1	1	  408.16	-6	5	NULL
real	GL	51	4	15	    4.00	1	   -4.00	1	1	  341.70	-3	7	NULL
real	GR	52	4	15	   -4.00	0	    4.00	1	1	  407.82	-3	7	NULL
real	AR	53	4	-15	   -4.00	0	    4.00	1	1	  956.22	-6	7	NULL
real	HR	54	4	15	   -4.00	0	    4.00	1	1	  424.78	-3	5	NULL
real	EL	55	4	-15	    4.00	1	   -4.00	1	1	  555.45	-3	7	NULL
real	FR	56	4	-15	   -4.00	0	    4.00	1	1	  447.88	-3	5	NULL
real	CL	57	4	15	    4.00	1	   -4.00	1	1	  333.86	-6	7	NULL
real	ER	58	4	-15	   -4.00	0	    4.00	1	1	  894.49	-3	7	NULL
real	BL	59	4	-15	    4.00	1	   -4.00	1	1	  442.76	-6	5	NULL
real	CR	60	4	15	   -4.00	0	    4.00	1	1	  481.89	-6	7	NULL
real	FL	61	4	-15	    4.00	1	   -4.00	1	1	  308.29	-3	5	NULL
real	BR	62	4	-15	   -4.00	0	    4.00	1	1	 1119.63	-6	5	NULL
real	DL	63	4	15	    4.00	1	   -4.00	1	1	  416.93	-6	5	NULL
real	AL	64	4	-15	    4.00	1	   -4.00	1	1	  410.16	-6	7	NULL
real	AL	65	5	-15	    0.00	1	   -4.00	0	1	  646.46	-6	7	NULL
real	HR	66	5	15	    0.00	1	   -2.00	1	2	  768.11	-3	5	NULL
real	DR	67	5	15	    0.00	1	   -2.00	1	2	  675.93	-6	5	NULL
real	CL	68	5	15	    0.00	1	   -4.00	0	1	  658.28	-6	7	NULL
real	EL	69	5	-15	    0.00	1	   -4.00	0	1	 1259.73	-3	7	NULL
real	BR	70	5	-15	    0.00	1	   -2.00	1	2	  507.33	-6	5	NULL
real	CR	71	5	15	    0.00	1	   -2.00	1	2	  415.24	-6	7	NULL
real	ER	72	5	-15	    0.00	1	   -2.00	1	2	  382.74	-3	7	NULL
real	AR	73	5	-15	    0.00	1	   -2.00	1	2	  530.92	-6	7	NULL
real	GR	74	5	15	    0.00	1	   -2.00	1	2	  578.19	-3	7	NULL
real	FR	75	5	-15	    0.00	1	   -2.00	1	2	  629.85	-3	5	NULL
real	GL	76	5	15	    0.00	0	    2.00	1	2	  758.08	-3	7	NULL
real	HL	77	5	15	    0.00	0	    2.00	1	2	  773.06	-3	5	NULL
real	DL	78	5	15	    0.00	1	   -4.00	0	1	  748.74	-6	5	NULL
real	FL	79	5	-15	    0.00	1	   -4.00	0	1	  645.23	-3	5	NULL
real	BL	80	5	-15	    0.00	1	   -4.00	0	1	  544.94	-6	5	NULL
real	HL	81	6	15	    2.00	1	   -1.00	1	3	  578.85	-3	5	NULL
real	DL	82	6	15	   -4.00	0	    2.00	1	2	  554.96	-6	5	NULL
real	AR	83	6	-15	   -2.00	0	    1.00	1	3	  902.83	-6	7	NULL
real	CL	84	6	15	   -4.00	0	    2.00	1	2	  516.19	-6	7	NULL
real	FL	85	6	-15	   -4.00	0	    2.00	1	2	  669.87	-3	5	NULL
real	GR	86	6	15	   -2.00	0	    1.00	1	3	  395.42	-3	7	NULL
real	HR	87	6	15	   -2.00	0	    1.00	1	3	  431.31	-3	5	NULL
real	BL	88	6	-15	   -4.00	0	    2.00	1	2	  462.01	-6	5	NULL
real	FR	89	6	-15	   -2.00	0	    1.00	1	3	  770.26	-3	5	NULL
real	GL	90	6	15	    2.00	1	   -1.00	1	3	  481.00	-3	7	NULL
real	ER	91	6	-15	   -2.00	1	   -2.00	0	2	 1120.19	-3	7	NULL
real	DR	92	6	15	   -2.00	0	    1.00	1	3	  491.32	-6	5	NULL
real	CR	93	6	15	   -2.00	0	    1.00	1	3	  550.09	-6	7	NULL
real	BR	94	6	-15	   -2.00	1	   -2.00	0	2	  901.43	-6	5	NULL
real	AL	95	6	-15	   -4.00	1	   -4.00	0	1	 1193.24	-6	7	NULL
real	EL	96	6	-15	   -4.00	0	    2.00	1	2	  851.76	-3	7	NULL
real	GR	97	7	15	   -1.00	1	   -1.00	1	4	 1327.33	-3	7	NULL
real	HL	98	7	15	    1.00	1	   -1.00	0	3	  458.24	-3	5	NULL
real	FL	99	7	-15	   -2.00	1	   -1.00	1	3	  760.93	-3	5	NULL
real	FR	100	7	-15	   -1.00	1	   -1.00	1	4	  528.79	-3	5	NULL
real	AR	101	7	-15	   -1.00	1	   -1.00	1	4	  635.01	-6	7	NULL
real	GL	102	7	15	    1.00	1	   -1.00	0	3	  478.33	-3	7	NULL
real	DR	103	7	15	   -1.00	0	    1.00	0	3	  790.35	-6	5	NULL
real	CL	104	7	15	   -2.00	0	    2.00	0	2	  665.45	-6	7	NULL
real	ER	105	7	-15	   -4.00	0	    1.00	1	3	 1134.66	-3	7	NULL
real	BL	106	7	-15	   -2.00	1	   -1.00	1	3	  973.37	-6	5	NULL
real	HR	107	7	15	   -1.00	0	    1.00	0	3	  486.17	-3	5	NULL
real	CR	108	7	15	   -1.00	1	   -1.00	1	4	  512.49	-6	7	NULL
real	DL	109	7	15	   -2.00	0	    2.00	0	2	  500.48	-6	5	NULL
real	BR	110	7	-15	   -4.00	1	   -2.00	0	2	  613.13	-6	5	NULL
real	EL	111	7	-15	   -2.00	1	   -1.00	1	3	  663.53	-3	7	NULL
real	AL	112	7	-15	   -8.00	0	    2.00	1	2	  471.88	-6	7	NULL
real	HL	113	8	15	    0.00	1	   -1.00	0	3	  613.00	-3	5	NULL
real	HR	114	8	15	    0.00	1	   -1.00	1	4	  673.67	-3	5	NULL
real	EL	115	8	-15	   -3.00	1	   -1.00	0	3	  698.37	-3	7	NULL
real	CL	116	8	15	    0.00	1	   -1.00	1	3	  783.57	-6	7	NULL
real	GL	117	8	15	    0.00	1	   -1.00	0	3	  608.74	-3	7	NULL
real	FL	118	8	-15	   -3.00	1	   -1.00	0	3	  496.58	-3	5	NULL
real	DR	119	8	15	    0.00	1	   -1.00	1	4	  650.31	-6	5	NULL
real	AR	120	8	-15	   -2.00	1	   -1.00	0	4	  479.08	-6	7	NULL
real	BR	121	8	-15	   -6.00	0	    1.00	1	3	  570.58	-6	5	NULL
real	CR	122	8	15	   -2.00	0	    1.00	1	5	  804.52	-6	7	NULL
real	GR	123	8	15	   -2.00	0	    1.00	1	5	  761.05	-3	7	NULL
real	FR	124	8	-15	   -2.00	1	   -1.00	0	4	  554.88	-3	5	NULL
real	BL	125	8	-15	   -3.00	0	    1.00	1	4	  386.40	-6	5	NULL
real	DL	126	8	15	    0.00	1	   -1.00	1	3	  645.55	-6	5	NULL
real	AL	127	8	-15	   -6.00	0	    2.00	0	2	  535.20	-6	7	NULL
real	ER	128	8	-15	   -3.00	1	   -1.00	1	4	  614.58	-3	7	NULL
real	AL	129	9	-15	   -4.00	1	   -1.00	1	3	  943.87	-6	7	NULL
real	BR	130	9	-15	   -5.00	0	    1.00	0	3	  737.82	-6	5	NULL
real	FR	131	9	-15	   -3.00	1	   -1.00	0	4	  642.53	-3	5	NULL
real	HL	132	9	15	   -1.00	0	    1.00	1	4	  648.65	-3	5	NULL
real	ER	133	9	-15	   -4.00	0	    1.00	1	5	  624.24	-3	7	NULL
real	GR	134	9	15	   -1.00	1	   -1.00	1	6	  475.32	-3	7	NULL
real	FL	135	9	-15	   -4.00	1	   -1.00	0	3	  571.09	-3	5	NULL
real	CL	136	9	15	   -1.00	1	   -1.00	0	3	  473.78	-6	7	NULL
real	BL	137	9	-15	   -2.00	1	   -1.00	1	5	  551.36	-6	5	NULL
real	HR	138	9	15	   -1.00	0	    1.00	1	5	  701.09	-3	5	NULL
real	AR	139	9	-15	   -3.00	1	   -1.00	0	4	  512.67	-6	7	NULL
real	DL	140	9	15	   -1.00	1	   -1.00	0	3	  846.16	-6	5	NULL
real	GL	141	9	15	   -1.00	1	   -1.00	0	3	  578.99	-3	7	NULL
real	CR	142	9	15	   -1.00	1	   -1.00	1	6	  588.94	-6	7	NULL
real	DR	143	9	15	   -1.00	1	   -1.00	0	4	  607.70	-6	5	NULL
real	EL	144	9	-15	   -4.00	1	   -1.00	0	3	  595.70	-3	7	NULL
real	DL	145	10	15	   -2.00	0	    1.00	1	4	  656.88	-6	5	NULL
real	BL	146	10	-15	   -3.00	1	   -1.00	0	5	  602.61	-6	5	NULL
real	EL	147	10	-15	   -5.00	0	    1.00	1	4	  889.05	-3	7	NULL
real	GL	148	10	15	   -2.00	0	    1.00	1	4	  555.50	-3	7	NULL
real	FR	149	10	-15	   -4.00	1	   -1.00	0	4	  572.25	-3	5	NULL
real	FL	150	10	-15	   -5.00	1	   -1.00	0	3	  710.73	-3	5	NULL
real	AL	151	10	-15	   -5.00	0	    1.00	1	4	  898.92	-6	7	NULL
real	ER	152	10	-15	   -3.00	1	   -1.00	1	6	  465.85	-3	7	NULL
real	HR	153	10	15	    0.00	1	   -1.00	1	6	  491.86	-3	5	NULL
real	BR	154	10	-15	   -4.00	1	   -1.00	1	4	  689.35	-6	5	NULL
real	AR	155	10	-15	   -4.00	0	    1.00	1	5	  605.81	-6	7	NULL
real	CL	156	10	15	   -2.00	0	    1.00	1	4	  593.30	-6	7	NULL
real	HL	157	10	15	    0.00	1	   -1.00	1	5	  419.42	-3	5	NULL
real	GR	158	10	15	   -2.00	0	    1.00	1	7	  468.43	-3	7	NULL
real	CR	159	10	15	   -2.00	0	    1.00	1	7	  631.26	-6	7	NULL
real	DR	160	10	15	   -2.00	1	   -1.00	0	4	  414.21	-6	5	NULL
real	CL	161	11	15	   -1.00	1	   -1.00	1	5	  859.46	-6	7	NULL
real	ER	162	11	-15	   -4.00	1	   -1.00	0	6	  601.04	-3	7	NULL
real	BL	163	11	-15	   -4.00	0	    1.00	1	6	  873.29	-6	5	NULL
real	BR	164	11	-15	   -5.00	0	    1.00	1	5	  580.88	-6	5	NULL
real	DL	165	11	15	   -1.00	1	   -1.00	1	5	  577.92	-6	5	NULL
real	GL	166	11	15	   -1.00	1	   -1.00	1	5	  555.39	-3	7	NULL
real	AL	167	11	-15	   -4.00	0	    1.00	0	4	  469.32	-6	7	NULL
real	AR	168	11	-15	   -3.00	1	   -1.00	1	6	  582.63	-6	7	NULL
real	HR	169	11	15	   -1.00	1	   -1.00	0	6	  488.13	-3	5	NULL
real	EL	170	11	-15	   -4.00	0	    1.00	0	4	  971.87	-3	7	NULL
real	FR	171	11	-15	   -5.00	0	    1.00	1	5	  530.85	-3	5	NULL
real	GR	172	11	15	   -1.00	0	    1.00	0	7	  524.48	-3	7	NULL
real	DR	173	11	15	   -3.00	0	    1.00	1	5	  428.52	-6	5	NULL
real	FL	174	11	-15	   -6.00	0	    1.00	1	4	  407.19	-3	5	NULL
real	HL	175	11	15	   -1.00	1	   -1.00	0	5	  501.34	-3	5	NULL
real	CR	176	11	15	   -1.00	1	   -1.00	1	8	  505.01	-6	7	NULL
real	FL	177	12	-15	   -5.00	0	    1.00	0	4	  562.45	-3	5	NULL
real	GL	178	12	15	   -2.00	0	    1.00	1	6	  544.77	-3	7	NULL
real	AR	179	12	-15	   -4.00	1	   -1.00	0	6	  665.37	-6	7	NULL
real	DR	180	12	15	   -2.00	0	    1.00	0	5	 1171.03	-6	5	NULL
real	CL	181	12	15	   -2.00	0	    1.00	1	6	  555.03	-6	7	NULL
real	CR	182	12	15	   -2.00	0	    1.00	1	9	  555.30	-6	7	NULL
real	ER	183	12	-15	   -5.00	0	    1.00	1	7	  489.95	-3	7	NULL
real	DL	184	12	15	   -2.00	1	   -1.00	0	5	  489.03	-6	5	NULL
real	HL	185	12	15	   -2.00	0	    1.00	1	6	 1266.84	-3	5	NULL
real	BL	186	12	-15	   -3.00	1	   -1.00	1	7	  526.37	-6	5	NULL
real	EL	187	12	-15	   -3.00	1	   -1.00	1	5	  500.52	-3	7	NULL
real	HR	188	12	15	   -2.00	0	    1.00	1	7	  685.02	-3	5	NULL
real	GR	189	12	15	    0.00	1	   -1.00	1	8	  485.00	-3	7	NULL
real	FR	190	12	-15	   -4.00	0	    1.00	0	5	  493.48	-3	5	NULL
real	BR	191	12	-15	   -4.00	0	    1.00	0	5	  526.22	-6	5	NULL
real	AL	192	12	-15	   -3.00	1	   -1.00	1	5	  579.43	-6	7	NULL
real	DL	193	13	15	   -3.00	0	    1.00	1	6	  572.31	-6	5	NULL
real	ER	194	13	-15	   -4.00	0	    1.00	0	7	  899.00	-3	7	NULL
real	CL	195	13	15	   -1.00	1	   -1.00	1	7	  918.36	-6	7	NULL
real	HR	196	13	15	   -1.00	1	   -1.00	1	8	  577.12	-3	5	NULL
real	AL	197	13	-15	   -4.00	0	    1.00	1	6	 1028.75	-6	7	NULL
real	FL	198	13	-15	   -4.00	1	   -1.00	1	5	 1214.32	-3	5	NULL
real	BR	199	13	-15	   -3.00	0	    1.00	0	5	  596.61	-6	5	NULL
real	GL	200	13	15	   -1.00	1	   -1.00	1	7	  969.15	-3	7	NULL
real	AR	201	13	-15	   -5.00	0	    1.00	1	7	  488.11	-6	7	NULL
real	EL	202	13	-15	   -4.00	0	    1.00	1	6	  681.83	-3	7	NULL
real	BL	203	13	-15	   -4.00	0	    1.00	1	8	  696.14	-6	5	NULL
real	DR	204	13	15	   -1.00	1	   -1.00	1	6	  792.79	-6	5	NULL
real	HL	205	13	15	   -1.00	1	   -1.00	1	7	  589.06	-3	5	NULL
real	CR	206	13	15	   -1.00	1	   -1.00	1	10	  377.78	-6	7	NULL
real	FR	207	13	-15	   -3.00	0	    1.00	0	5	  706.73	-3	5	NULL
real	GR	208	13	15	   -1.00	1	   -1.00	0	8	  611.76	-3	7	NULL
real	GR	209	14	15	   -2.00	1	   -1.00	0	8	  573.89	-3	7	NULL
real	HL	210	14	15	   -2.00	1	   -1.00	0	7	  571.23	-3	5	NULL
real	CR	211	14	15	   -2.00	0	    1.00	1	11	  653.85	-6	7	NULL
real	BR	212	14	-15	   -2.00	1	   -1.00	1	6	  471.79	-6	5	NULL
real	EL	213	14	-15	   -3.00	1	   -1.00	1	7	  507.27	-3	7	NULL
real	FR	214	14	-15	   -2.00	1	   -1.00	1	6	  416.32	-3	5	NULL
real	DR	215	14	15	   -2.00	1	   -1.00	0	6	  486.07	-6	5	NULL
real	CL	216	14	15	   -2.00	1	   -1.00	0	7	  522.75	-6	7	NULL
real	ER	217	14	-15	   -3.00	1	   -1.00	1	8	  473.76	-3	7	NULL
real	DL	218	14	15	   -2.00	0	    1.00	0	6	  675.50	-6	5	NULL
real	AL	219	14	-15	   -3.00	1	   -1.00	1	7	  650.11	-6	7	NULL
real	BL	220	14	-15	   -3.00	0	    1.00	0	8	  576.95	-6	5	NULL
real	FL	221	14	-15	   -5.00	0	    1.00	1	6	  487.79	-3	5	NULL
real	AR	222	14	-15	   -4.00	1	   -1.00	1	8	 1595.45	-6	7	NULL
real	GL	223	14	15	   -2.00	1	   -1.00	0	7	  723.46	-3	7	NULL
real	HR	224	14	15	   -2.00	1	   -1.00	0	8	  761.68	-3	5	NULL
real	HR	225	15	15	   -3.00	0	    1.00	1	9	  621.09	-3	5	NULL
real	DR	226	15	15	   -3.00	0	    1.00	1	7	  735.28	-6	5	NULL
real	EL	227	15	-15	   -4.00	1	   -1.00	0	7	  515.06	-3	7	NULL
real	GR	228	15	15	   -3.00	0	    1.00	1	9	 1127.45	-3	7	NULL
real	FR	229	15	-15	   -3.00	1	   -1.00	0	6	  715.95	-3	5	NULL
real	HL	230	15	15	   -3.00	0	    1.00	1	8	  551.35	-3	5	NULL
real	GL	231	15	15	   -3.00	0	    1.00	1	8	  633.02	-3	7	NULL
real	BL	232	15	-15	   -2.00	1	   -1.00	1	9	  718.79	-6	5	NULL
real	FL	233	15	-15	   -4.00	1	   -1.00	1	7	  589.46	-3	5	NULL
real	DL	234	15	15	   -1.00	0	    1.00	0	6	  672.06	-6	5	NULL
real	CL	235	15	15	   -3.00	0	    1.00	1	8	  546.73	-6	7	NULL
real	AL	236	15	-15	   -4.00	0	    1.00	1	8	  646.51	-6	7	NULL
real	AR	237	15	-15	   -5.00	0	    1.00	1	9	  389.90	-6	7	NULL
real	BR	238	15	-15	   -3.00	0	    1.00	1	7	  517.04	-6	5	NULL
real	CR	239	15	15	   -1.00	0	    1.00	0	11	  708.81	-6	7	NULL
real	ER	240	15	-15	   -4.00	0	    1.00	1	9	  449.82	-3	7	NULL
real	DR	241	16	15	   -2.00	1	   -1.00	1	8	  534.55	-6	5	NULL
real	ER	242	16	-15	   -3.00	0	    1.00	0	9	  848.61	-3	7	NULL
real	AR	243	16	-15	   -4.00	0	    1.00	0	9	  530.66	-6	7	NULL
real	EL	244	16	-15	   -5.00	0	    1.00	1	8	  399.07	-3	7	NULL
real	HL	245	16	15	   -2.00	1	   -1.00	1	9	  500.72	-3	5	NULL
real	FR	246	16	-15	   -4.00	0	    1.00	1	7	  460.76	-3	5	NULL
real	BL	247	16	-15	   -3.00	1	   -1.00	0	9	  599.45	-6	5	NULL
real	CR	248	16	15	    0.00	1	   -1.00	1	12	  712.74	-6	7	NULL
real	FL	249	16	-15	   -5.00	0	    1.00	1	8	  490.36	-3	5	NULL
real	DL	250	16	15	    0.00	1	   -1.00	1	7	  456.31	-6	5	NULL
real	AL	251	16	-15	   -3.00	1	   -1.00	1	9	  635.32	-6	7	NULL
real	GL	252	16	15	   -2.00	0	    1.00	0	8	  745.49	-3	7	NULL
real	CL	253	16	15	   -2.00	1	   -1.00	1	9	  625.94	-6	7	NULL
real	HR	254	16	15	   -2.00	0	    1.00	0	9	  433.47	-3	5	NULL
real	BR	255	16	-15	   -2.00	1	   -1.00	1	8	  471.08	-6	5	NULL
real	GR	256	16	15	   -2.00	0	    1.00	0	9	  712.81	-3	7	NULL
real	GL	257	17	15	   -1.00	1	   -1.00	1	9	  498.69	-3	7	NULL
real	DR	258	17	15	   -3.00	0	    1.00	1	9	  594.18	-6	5	NULL
real	HL	259	17	15	   -3.00	0	    1.00	1	10	  477.28	-3	5	NULL
real	HR	260	17	15	   -1.00	1	   -1.00	1	10	  364.16	-3	5	NULL
real	ER	261	17	-15	   -2.00	1	   -1.00	1	10	  563.08	-3	7	NULL
real	AL	262	17	-15	   -4.00	0	    1.00	1	10	  426.24	-6	7	NULL
real	FR	263	17	-15	   -3.00	0	    1.00	0	7	  560.82	-3	5	NULL
real	GR	264	17	15	   -1.00	0	    1.00	0	9	  608.18	-3	7	NULL
real	DL	265	17	15	   -1.00	1	   -1.00	0	7	  530.51	-6	5	NULL
real	FL	266	17	-15	   -4.00	0	    1.00	0	8	  421.39	-3	5	NULL
real	BL	267	17	-15	   -4.00	0	    1.00	1	10	  447.39	-6	5	NULL
real	CL	268	17	15	   -3.00	1	   -1.00	0	9	 1078.77	-6	7	NULL
real	BR	269	17	-15	   -3.00	1	   -1.00	0	8	  752.17	-6	5	NULL
real	AR	270	17	-15	   -3.00	1	   -1.00	1	10	  673.34	-6	7	NULL
real	EL	271	17	-15	   -4.00	0	    1.00	0	8	  503.44	-3	7	NULL
real	FL	272	18	-15	   -3.00	1	   -1.00	1	9	  731.47	-3	5	NULL
real	AL	273	18	-15	   -3.00	1	   -1.00	1	11	 1360.79	-6	7	NULL
real	HR	274	18	15	   -2.00	0	    1.00	1	11	  564.55	-3	5	NULL
real	ER	275	18	-15	   -3.00	1	   -1.00	0	10	  595.06	-3	7	NULL
real	GR	276	18	15	    0.00	1	   -1.00	1	10	  504.50	-3	7	NULL
real	DL	277	18	15	   -2.00	0	    1.00	1	8	  572.57	-6	5	NULL
real	CL	278	18	15	   -4.00	0	    1.00	1	10	  647.98	-6	7	NULL
real	DR	279	18	15	   -2.00	1	   -1.00	1	10	  503.94	-6	5	NULL
real	GL	280	18	15	   -2.00	1	   -1.00	0	9	  531.04	-3	7	NULL
real	HL	281	18	15	   -2.00	1	   -1.00	1	11	  520.73	-3	5	NULL
real	BR	282	18	-15	   -4.00	0	    1.00	1	9	  588.07	-6	5	NULL
real	BL	283	18	-15	   -3.00	0	    1.00	0	10	  598.46	-6	5	NULL
real	FR	284	18	-15	   -2.00	1	   -1.00	1	8	  556.44	-3	5	NULL
real	AR	285	18	-15	   -4.00	1	   -1.00	0	10	  676.55	-6	7	NULL
real	EL	286	18	-15	   -3.00	1	   -1.00	1	9	  607.35	-3	7	NULL
real	GR	287	19	15	   -1.00	1	   -1.00	0	10	  759.09	-3	7	NULL
real	FR	288	19	-15	   -3.00	1	   -1.00	0	8	  539.72	-3	5	NULL
real	BR	289	19	-15	   -3.00	1	   -1.00	1	10	  712.28	-6	5	NULL
real	DR	290	19	15	   -3.00	0	    1.00	1	11	  554.95	-6	5	NULL
real	AR	291	19	-15	   -5.00	0	    1.00	1	11	  501.60	-6	7	NULL
real	BL	292	19	-15	   -2.00	1	   -1.00	1	11	  449.23	-6	5	NULL
real	EL	293	19	-15	   -4.00	0	    1.00	1	10	  617.78	-3	7	NULL
real	CL	294	19	15	   -3.00	0	    1.00	0	10	  508.67	-6	7	NULL
real	FL	295	19	-15	   -4.00	0	    1.00	1	10	  479.15	-3	5	NULL
real	ER	296	19	-15	   -4.00	1	   -1.00	0	10	  497.43	-3	7	NULL
real	HL	297	19	15	   -3.00	0	    1.00	1	12	  506.64	-3	5	NULL
real	AL	298	19	-15	   -4.00	1	   -1.00	0	11	  601.65	-6	7	NULL
real	HR	299	19	15	   -1.00	1	   -1.00	1	12	  553.52	-3	5	NULL
real	GL	300	19	15	   -3.00	0	    1.00	1	10	  645.04	-3	7	NULL
real	DL	301	19	15	   -1.00	1	   -1.00	1	9	  491.34	-6	5	NULL
real	BL	302	20	-15	   -3.00	1	   -1.00	0	11	  672.52	-6	5	NULL
real	FL	303	20	-15	   -3.00	1	   -1.00	1	11	  649.70	-3	5	NULL
real	AL	304	20	-15	   -5.00	0	    1.00	1	12	  494.16	-6	7	NULL
real	GL	305	20	15	   -2.00	0	    1.00	0	10	  596.08	-3	7	NULL
real	BR	306	20	-15	   -4.00	0	    1.00	1	11	  954.81	-6	5	NULL
real	GR	307	20	15	   -2.00	0	    1.00	1	11	  614.77	-3	7	NULL
real	EL	308	20	-15	   -3.00	1	   -1.00	1	11	  580.27	-3	7	NULL
real	AR	309	20	-15	   -4.00	1	   -1.00	1	12	  600.73	-6	7	NULL
real	DR	310	20	15	   -2.00	0	    1.00	0	11	  687.15	-6	5	NULL
real	CL	311	20	15	   -2.00	1	   -1.00	1	11	  494.52	-6	7	NULL
real	DL	312	20	15	   -2.00	1	   -1.00	0	9	  607.72	-6	5	NULL
real	FR	313	20	-15	   -4.00	1	   -1.00	0	8	  600.22	-3	5	NULL
real	ER	314	20	-15	   -5.00	0	    1.00	1	11	  524.25	-3	7	NULL
real	ER	315	21	-15	   -4.00	1	   -1.00	1	12	  610.67	-3	7	NULL
real	CL	316	21	15	   -3.00	0	    1.00	1	12	  558.22	-6	7	NULL
real	EL	317	21	-15	   -4.00	1	   -1.00	0	11	  558.38	-3	7	NULL
real	GR	318	21	15	   -1.00	1	   -1.00	1	12	  855.65	-3	7	NULL
real	FL	319	21	-15	   -4.00	1	   -1.00	0	11	  515.62	-3	5	NULL
real	FR	320	21	-15	   -5.00	0	    1.00	1	9	  493.51	-3	5	NULL
real	BL	321	21	-15	   -4.00	1	   -1.00	0	11	  549.82	-6	5	NULL
real	DL	322	21	15	   -3.00	0	    1.00	1	10	  546.76	-6	5	NULL
real	GL	323	21	15	   -1.00	1	   -1.00	1	11	  415.57	-3	7	NULL
real	DR	324	21	15	   -1.00	1	   -1.00	1	12	  493.02	-6	5	NULL
real	BR	325	21	-15	   -3.00	1	   -1.00	1	12	  561.62	-6	5	NULL
real	EL	326	22	-15	   -5.00	0	    1.00	1	12	  549.02	-3	7	NULL
real	DL	327	22	15	   -2.00	1	   -1.00	1	11	  718.67	-6	5	NULL
real	FR	328	22	-15	   -4.00	0	    1.00	0	9	  652.88	-3	5	NULL
real	BL	329	22	-15	   -5.00	0	    1.00	1	12	  792.19	-6	5	NULL
real	FL	330	22	-15	   -5.00	0	    1.00	1	12	  471.01	-3	5	NULL
real	GL	331	22	15	   -2.00	1	   -1.00	0	11	  572.62	-3	7	NULL
real	DL	332	23	15	   -3.00	0	    1.00	1	12	  559.23	-6	5	NULL
real	FR	333	23	-15	   -3.00	1	   -1.00	1	10	  546.91	-3	5	NULL
real	GL	334	23	15	   -3.00	0	    1.00	1	12	  476.32	-3	7	NULL
real	FR	335	24	-15	   -4.00	1	   -1.00	0	10	  609.90	-3	5	NULL
real	FR	336	25	-15	   -5.00	0	    1.00	1	11	  450.22	-3	5	NULL
real	FR	337	26	-15	   -4.00	0	    1.00	0	11	  536.04	-3	5	NULL
real	FR	338	27	-15	   -3.00	1	   -1.00	1	12	  526.30	-3	5	NULL
