TRIAL_TYPE	trial_variant	TRIAL_NUMBER	TRIAL_ITERATION_VAL	frame_tilt	rod_tilt	response	step_size	reversal	reversal_num	RT	probe_del	alpha_entrain_refreshes	rod_tilt_val
real	HL	1	1	15	  -20.00	0	    8.00	0	0	 8885.90	-3	5	NULL
real	EL	2	1	-15	  -20.00	0	    8.00	0	0	 1387.15	-3	7	NULL
real	GR	3	1	15	   20.00	1	   -8.00	0	0	  717.52	-3	7	NULL
real	BR	4	1	-15	   20.00	1	   -8.00	0	0	  793.20	-6	5	NULL
real	DL	5	1	15	  -20.00	0	    8.00	0	0	  603.26	-6	5	NULL
real	FL	6	1	-15	  -20.00	0	    8.00	0	0	  721.07	-3	5	NULL
real	FR	7	1	-15	   20.00	1	   -8.00	0	0	  591.93	-3	5	NULL
real	ER	8	1	-15	   20.00	1	   -8.00	0	0	  607.31	-3	7	NULL
real	HR	9	1	15	   20.00	1	   -8.00	0	0	  692.91	-3	5	NULL
real	CL	10	1	15	  -20.00	0	    8.00	0	0	  637.09	-6	7	NULL
real	AL	11	1	-15	  -20.00	0	    8.00	0	0	  713.34	-6	7	NULL
real	CR	12	1	15	   20.00	1	   -8.00	0	0	  540.57	-6	7	NULL
real	BL	13	1	-15	  -20.00	0	    8.00	0	0	  770.35	-6	5	NULL
real	DR	14	1	15	   20.00	1	   -8.00	0	0	  679.12	-6	5	NULL
real	AR	15	1	-15	   20.00	1	   -8.00	0	0	  659.86	-6	7	NULL
real	GL	16	1	15	  -20.00	0	    8.00	0	0	  723.56	-3	7	NULL
real	CR	17	2	15	   12.00	1	   -8.00	0	0	  701.98	-6	7	NULL
real	AR	18	2	-15	   12.00	1	   -8.00	0	0	  615.60	-6	7	NULL
real	DR	19	2	15	   12.00	1	   -8.00	0	0	  623.89	-6	5	NULL
real	GR	20	2	15	   12.00	1	   -8.00	0	0	  567.31	-3	7	NULL
real	FL	21	2	-15	  -12.00	0	    8.00	0	0	 1540.33	-3	5	NULL
real	BL	22	2	-15	  -12.00	0	    8.00	0	0	  949.26	-6	5	NULL
real	FR	23	2	-15	   12.00	1	   -8.00	0	0	  487.27	-3	5	NULL
real	HL	24	2	15	  -12.00	0	    8.00	0	0	  924.05	-3	5	NULL
real	CL	25	2	15	  -12.00	0	    8.00	0	0	  578.16	-6	7	NULL
real	ER	26	2	-15	   12.00	1	   -8.00	0	0	  576.16	-3	7	NULL
real	EL	27	2	-15	  -12.00	0	    8.00	0	0	  828.08	-3	7	NULL
real	GL	28	2	15	  -12.00	0	    8.00	0	0	  780.20	-3	7	NULL
real	HR	29	2	15	   12.00	1	   -8.00	0	0	  786.95	-3	5	NULL
real	DL	30	2	15	  -12.00	0	    8.00	0	0	  610.23	-6	5	NULL
real	BR	31	2	-15	   12.00	1	   -8.00	0	0	  675.67	-6	5	NULL
real	AL	32	2	-15	  -12.00	0	    8.00	0	0	  713.38	-6	7	NULL
real	GL	33	3	15	   -4.00	0	    8.00	0	0	  810.45	-3	7	NULL
real	FL	34	3	-15	   -4.00	1	   -4.00	1	1	 1658.91	-3	5	NULL
real	GR	35	3	15	    4.00	1	   -8.00	0	0	 1593.08	-3	7	NULL
real	BL	36	3	-15	   -4.00	0	    8.00	0	0	 1813.38	-6	5	NULL
real	HR	37	3	15	    4.00	1	   -8.00	0	0	 1060.36	-3	5	NULL
real	ER	38	3	-15	    4.00	1	   -8.00	0	0	  782.50	-3	7	NULL
real	EL	39	3	-15	   -4.00	0	    8.00	0	0	 1271.99	-3	7	NULL
real	AR	40	3	-15	    4.00	1	   -8.00	0	0	  883.00	-6	7	NULL
real	FR	41	3	-15	    4.00	1	   -8.00	0	0	  682.34	-3	5	NULL
real	BR	42	3	-15	    4.00	1	   -8.00	0	0	  723.69	-6	5	NULL
real	HL	43	3	15	   -4.00	0	    8.00	0	0	  983.43	-3	5	NULL
real	AL	44	3	-15	   -4.00	0	    8.00	0	0	 1168.97	-6	7	NULL
real	CR	45	3	15	    4.00	1	   -8.00	0	0	  877.56	-6	7	NULL
real	CL	46	3	15	   -4.00	0	    8.00	0	0	  722.89	-6	7	NULL
real	DL	47	3	15	   -4.00	0	    8.00	0	0	  792.14	-6	5	NULL
real	DR	48	3	15	    4.00	1	   -8.00	0	0	  839.28	-6	5	NULL
real	HR	49	4	15	   -4.00	0	    4.00	1	1	 1153.10	-3	5	NULL
real	EL	50	4	-15	    4.00	1	   -4.00	1	1	  561.26	-3	7	NULL
real	BL	51	4	-15	    4.00	1	   -4.00	1	1	  666.06	-6	5	NULL
real	CR	52	4	15	   -4.00	0	    4.00	1	1	 2596.98	-6	7	NULL
real	FR	53	4	-15	   -4.00	1	   -8.00	0	0	 1020.72	-3	5	NULL
real	BR	54	4	-15	   -4.00	1	   -8.00	0	0	  767.96	-6	5	NULL
real	ER	55	4	-15	   -4.00	0	    4.00	1	1	 2022.71	-3	7	NULL
real	DL	56	4	15	    4.00	1	   -4.00	1	1	  740.35	-6	5	NULL
real	DR	57	4	15	   -4.00	0	    4.00	1	1	  791.70	-6	5	NULL
real	AR	58	4	-15	   -4.00	0	    4.00	1	1	  821.71	-6	7	NULL
real	GR	59	4	15	   -4.00	0	    4.00	1	1	  904.50	-3	7	NULL
real	HL	60	4	15	    4.00	1	   -4.00	1	1	  818.70	-3	5	NULL
real	CL	61	4	15	    4.00	1	   -4.00	1	1	  663.81	-6	7	NULL
real	FL	62	4	-15	   -8.00	0	    2.00	1	2	  633.09	-3	5	NULL
real	GL	63	4	15	    4.00	1	   -4.00	1	1	 1036.43	-3	7	NULL
real	AL	64	4	-15	    4.00	1	   -4.00	1	1	  548.28	-6	7	NULL
real	EL	65	5	-15	    0.00	1	   -4.00	0	1	  659.28	-3	7	NULL
real	HL	66	5	15	    0.00	0	    2.00	1	2	  990.58	-3	5	NULL
real	FL	67	5	-15	   -6.00	1	   -1.00	1	3	  956.50	-3	5	NULL
real	BL	68	5	-15	    0.00	1	   -4.00	0	1	  960.05	-6	5	NULL
real	CR	69	5	15	    0.00	1	   -2.00	1	2	  669.90	-6	7	NULL
real	FR	70	5	-15	  -12.00	0	    4.00	1	1	  727.37	-3	5	NULL
real	HR	71	5	15	    0.00	1	   -2.00	1	2	  761.79	-3	5	NULL
real	DR	72	5	15	    0.00	1	   -2.00	1	2	  812.09	-6	5	NULL
real	AR	73	5	-15	    0.00	1	   -2.00	1	2	  981.10	-6	7	NULL
real	CL	74	5	15	    0.00	1	   -4.00	0	1	  865.83	-6	7	NULL
real	ER	75	5	-15	    0.00	1	   -2.00	1	2	  745.04	-3	7	NULL
real	GR	76	5	15	    0.00	0	    4.00	0	1	  806.84	-3	7	NULL
real	BR	77	5	-15	  -12.00	0	    4.00	1	1	  759.71	-6	5	NULL
real	GL	78	5	15	    0.00	1	   -4.00	0	1	  858.45	-3	7	NULL
real	AL	79	5	-15	    0.00	1	   -4.00	0	1	  689.02	-6	7	NULL
real	DL	80	5	15	    0.00	1	   -4.00	0	1	  720.68	-6	5	NULL
real	BR	81	6	-15	   -8.00	0	    4.00	0	1	  923.20	-6	5	NULL
real	CL	82	6	15	   -4.00	0	    2.00	1	2	  826.24	-6	7	NULL
real	FR	83	6	-15	   -8.00	0	    4.00	0	1	  897.95	-3	5	NULL
real	DR	84	6	15	   -2.00	0	    1.00	1	3	 1142.31	-6	5	NULL
real	BL	85	6	-15	   -4.00	0	    2.00	1	2	 1146.28	-6	5	NULL
real	CR	86	6	15	   -2.00	0	    1.00	1	3	  962.16	-6	7	NULL
real	DL	87	6	15	   -4.00	0	    2.00	1	2	  770.35	-6	5	NULL
real	FL	88	6	-15	   -7.00	0	    1.00	1	4	  804.64	-3	5	NULL
real	ER	89	6	-15	   -2.00	1	   -2.00	0	2	  602.93	-3	7	NULL
real	AL	90	6	-15	   -4.00	0	    2.00	1	2	  727.81	-6	7	NULL
real	AR	91	6	-15	   -2.00	1	   -2.00	0	2	  681.88	-6	7	NULL
real	GL	92	6	15	   -4.00	0	    2.00	1	2	  785.81	-3	7	NULL
real	EL	93	6	-15	   -4.00	0	    2.00	1	2	  860.04	-3	7	NULL
real	GR	94	6	15	    4.00	1	   -2.00	1	2	  551.88	-3	7	NULL
real	HL	95	6	15	    2.00	1	   -1.00	1	3	  911.10	-3	5	NULL
real	HR	96	6	15	   -2.00	0	    1.00	1	3	  947.34	-3	5	NULL
real	CL	97	7	15	   -2.00	0	    2.00	0	2	  731.52	-6	7	NULL
real	EL	98	7	-15	   -2.00	1	   -1.00	1	3	  691.40	-3	7	NULL
real	AL	99	7	-15	   -2.00	1	   -1.00	1	3	  703.90	-6	7	NULL
real	BL	100	7	-15	   -2.00	1	   -1.00	1	3	  656.61	-6	5	NULL
real	HR	101	7	15	   -1.00	1	   -1.00	1	4	 1823.24	-3	5	NULL
real	FL	102	7	-15	   -6.00	1	   -1.00	1	5	  945.45	-3	5	NULL
real	DL	103	7	15	   -2.00	0	    2.00	0	2	 2083.83	-6	5	NULL
real	DR	104	7	15	   -1.00	1	   -1.00	1	4	  768.52	-6	5	NULL
real	FR	105	7	-15	   -4.00	0	    4.00	0	1	 1078.77	-3	5	NULL
real	GL	106	7	15	   -2.00	0	    2.00	0	2	  775.36	-3	7	NULL
real	GR	107	7	15	    2.00	0	    1.00	1	3	 1057.30	-3	7	NULL
real	HL	108	7	15	    1.00	1	   -1.00	0	3	  941.14	-3	5	NULL
real	AR	109	7	-15	   -4.00	0	    1.00	1	3	  762.46	-6	7	NULL
real	ER	110	7	-15	   -4.00	0	    1.00	1	3	  838.16	-3	7	NULL
real	CR	111	7	15	   -1.00	1	   -1.00	1	4	 1306.94	-6	7	NULL
real	BR	112	7	-15	   -4.00	0	    4.00	0	1	 1270.91	-6	5	NULL
real	HR	113	8	15	   -2.00	0	    1.00	1	5	 1031.74	-3	5	NULL
real	FL	114	8	-15	   -7.00	0	    1.00	1	6	 1559.15	-3	5	NULL
real	AR	115	8	-15	   -3.00	1	   -1.00	1	4	 1287.02	-6	7	NULL
real	CL	116	8	15	    0.00	0	    2.00	0	2	 2563.50	-6	7	NULL
real	BL	117	8	-15	   -3.00	0	    1.00	1	4	 1330.92	-6	5	NULL
real	CR	118	8	15	   -2.00	0	    1.00	1	5	 2909.04	-6	7	NULL
real	EL	119	8	-15	   -3.00	0	    1.00	1	4	 1400.94	-3	7	NULL
real	GL	120	8	15	    0.00	0	    2.00	0	2	 1536.16	-3	7	NULL
real	GR	121	8	15	    3.00	1	   -1.00	1	4	  642.97	-3	7	NULL
real	ER	122	8	-15	   -3.00	1	   -1.00	1	4	 1649.43	-3	7	NULL
real	HL	123	8	15	    0.00	0	    1.00	1	4	 2027.10	-3	5	NULL
real	AL	124	8	-15	   -3.00	0	    1.00	1	4	 1313.98	-6	7	NULL
real	BR	125	8	-15	    0.00	1	   -2.00	1	2	  717.30	-6	5	NULL
real	FR	126	8	-15	    0.00	1	   -2.00	1	2	  792.72	-3	5	NULL
real	DR	127	8	15	   -2.00	0	    1.00	1	5	 1368.95	-6	5	NULL
real	DL	128	8	15	    0.00	1	   -1.00	1	3	 1455.31	-6	5	NULL
real	AL	129	9	-15	   -2.00	0	    1.00	0	4	 1326.06	-6	7	NULL
real	FL	130	9	-15	   -6.00	0	    1.00	0	6	 1109.51	-3	5	NULL
real	CL	131	9	15	    2.00	1	   -1.00	1	3	  943.48	-6	7	NULL
real	EL	132	9	-15	   -2.00	1	   -1.00	1	5	 1017.73	-3	7	NULL
real	HR	133	9	15	   -1.00	0	    1.00	0	5	  796.78	-3	5	NULL
real	DR	134	9	15	   -1.00	1	   -1.00	1	6	  706.92	-6	5	NULL
real	GR	135	9	15	    2.00	1	   -1.00	0	4	 1313.14	-3	7	NULL
real	BL	136	9	-15	   -2.00	1	   -1.00	1	5	  942.10	-6	5	NULL
real	CR	137	9	15	   -1.00	0	    1.00	0	5	  879.71	-6	7	NULL
real	DL	138	9	15	   -1.00	0	    1.00	1	4	  956.71	-6	5	NULL
real	FR	139	9	-15	   -2.00	0	    1.00	1	3	 1595.55	-3	5	NULL
real	BR	140	9	-15	   -2.00	0	    1.00	1	3	  838.85	-6	5	NULL
real	ER	141	9	-15	   -4.00	0	    1.00	1	5	 1485.54	-3	7	NULL
real	HL	142	9	15	    1.00	0	    1.00	0	4	 1700.66	-3	5	NULL
real	GL	143	9	15	    2.00	1	   -1.00	1	3	 1236.67	-3	7	NULL
real	AR	144	9	-15	   -4.00	0	    1.00	1	5	 1360.44	-6	7	NULL
real	AL	145	10	-15	   -1.00	1	   -1.00	1	5	 1267.08	-6	7	NULL
real	FL	146	10	-15	   -5.00	0	    1.00	0	6	  963.60	-3	5	NULL
real	FR	147	10	-15	   -1.00	1	   -1.00	1	4	  656.64	-3	5	NULL
real	DL	148	10	15	    0.00	1	   -1.00	1	5	  849.96	-6	5	NULL
real	CR	149	10	15	    0.00	1	   -1.00	1	6	  732.37	-6	7	NULL
real	CL	150	10	15	    1.00	1	   -1.00	0	3	  792.05	-6	7	NULL
real	GL	151	10	15	    1.00	1	   -1.00	0	3	  934.03	-3	7	NULL
real	ER	152	10	-15	   -3.00	1	   -1.00	1	6	 1416.60	-3	7	NULL
real	BR	153	10	-15	   -1.00	1	   -1.00	1	4	  956.00	-6	5	NULL
real	EL	154	10	-15	   -3.00	0	    1.00	1	6	 1208.91	-3	7	NULL
real	GR	155	10	15	    1.00	1	   -1.00	0	4	 1415.23	-3	7	NULL
real	HR	156	10	15	    0.00	0	    1.00	0	5	 1447.34	-3	5	NULL
real	HL	157	10	15	    2.00	1	   -1.00	1	5	 1250.04	-3	5	NULL
real	AR	158	10	-15	   -3.00	1	   -1.00	1	6	  838.15	-6	7	NULL
real	DR	159	10	15	   -2.00	0	    1.00	1	7	  846.78	-6	5	NULL
real	BL	160	10	-15	   -3.00	0	    1.00	1	6	  863.32	-6	5	NULL
real	HR	161	11	15	    1.00	1	   -1.00	1	6	 1437.00	-3	5	NULL
real	DL	162	11	15	   -1.00	0	    1.00	1	6	  630.20	-6	5	NULL
real	BL	163	11	-15	   -2.00	0	    1.00	0	6	  861.95	-6	5	NULL
real	AR	164	11	-15	   -4.00	1	   -1.00	0	6	 1587.74	-6	7	NULL
real	CR	165	11	15	   -1.00	0	    1.00	1	7	  934.39	-6	7	NULL
real	CL	166	11	15	    0.00	0	    1.00	1	4	 1420.56	-6	7	NULL
real	AL	167	11	-15	   -2.00	1	   -1.00	0	5	  903.43	-6	7	NULL
real	FR	168	11	-15	   -2.00	1	   -1.00	0	4	  709.81	-3	5	NULL
real	BR	169	11	-15	   -2.00	0	    1.00	1	5	  856.39	-6	5	NULL
real	EL	170	11	-15	   -2.00	1	   -1.00	1	7	 1167.63	-3	7	NULL
real	HL	171	11	15	    1.00	1	   -1.00	0	5	  960.85	-3	5	NULL
real	FL	172	11	-15	   -4.00	0	    1.00	0	6	  774.69	-3	5	NULL
real	GR	173	11	15	    0.00	1	   -1.00	0	4	 1175.01	-3	7	NULL
real	GL	174	11	15	    0.00	1	   -1.00	0	3	 1726.16	-3	7	NULL
real	ER	175	11	-15	   -4.00	0	    1.00	1	7	  803.88	-3	7	NULL
real	DR	176	11	15	   -1.00	0	    1.00	0	7	  895.46	-6	5	NULL
real	BL	177	12	-15	   -1.00	0	    1.00	0	6	 1404.42	-6	5	NULL
real	ER	178	12	-15	   -3.00	1	   -1.00	1	8	  682.48	-3	7	NULL
real	GL	179	12	15	   -1.00	0	    1.00	1	4	 1220.21	-3	7	NULL
real	FL	180	12	-15	   -3.00	1	   -1.00	1	7	  651.35	-3	5	NULL
real	FR	181	12	-15	   -3.00	1	   -1.00	0	4	  642.55	-3	5	NULL
real	EL	182	12	-15	   -3.00	1	   -1.00	0	7	  673.38	-3	7	NULL
real	AL	183	12	-15	   -3.00	1	   -1.00	0	5	  557.99	-6	7	NULL
real	CL	184	12	15	    1.00	1	   -1.00	1	5	  749.04	-6	7	NULL
real	HL	185	12	15	    0.00	0	    1.00	1	6	  887.46	-3	5	NULL
real	CR	186	12	15	    0.00	1	   -1.00	1	8	  640.11	-6	7	NULL
real	DR	187	12	15	    0.00	1	   -1.00	1	8	  635.34	-6	5	NULL
real	DL	188	12	15	    0.00	1	   -1.00	1	7	  606.30	-6	5	NULL
real	GR	189	12	15	   -1.00	0	    1.00	1	5	 1604.93	-3	7	NULL
real	BR	190	12	-15	   -1.00	1	   -1.00	1	6	  887.81	-6	5	NULL
real	AR	191	12	-15	   -5.00	0	    1.00	1	7	  750.46	-6	7	NULL
real	HR	192	12	15	    0.00	1	   -1.00	0	6	  658.65	-3	5	NULL
real	EL	193	13	-15	   -4.00	0	    1.00	1	8	  981.58	-3	7	NULL
real	DR	194	13	15	   -1.00	0	    1.00	1	9	 1107.38	-6	5	NULL
real	HL	195	13	15	    1.00	1	   -1.00	1	7	  866.73	-3	5	NULL
real	FR	196	13	-15	   -4.00	0	    1.00	1	5	  469.84	-3	5	NULL
real	DL	197	13	15	   -1.00	0	    1.00	1	8	  753.61	-6	5	NULL
real	CR	198	13	15	   -1.00	0	    1.00	1	9	  769.01	-6	7	NULL
real	GL	199	13	15	    0.00	0	    1.00	0	4	  918.92	-3	7	NULL
real	CL	200	13	15	    0.00	0	    1.00	1	6	 1305.63	-6	7	NULL
real	AR	201	13	-15	   -4.00	0	    1.00	0	7	  868.34	-6	7	NULL
real	HR	202	13	15	   -1.00	0	    1.00	1	7	 1245.74	-3	5	NULL
real	GR	203	13	15	    0.00	0	    1.00	0	5	  857.07	-3	7	NULL
real	BR	204	13	-15	   -2.00	0	    1.00	1	7	  759.47	-6	5	NULL
real	BL	205	13	-15	    0.00	1	   -1.00	1	7	  667.15	-6	5	NULL
real	FL	206	13	-15	   -4.00	1	   -1.00	0	7	 1224.60	-3	5	NULL
real	AL	207	13	-15	   -4.00	1	   -1.00	0	5	 1496.21	-6	7	NULL
real	ER	208	13	-15	   -4.00	1	   -1.00	0	8	 1186.84	-3	7	NULL
real	HR	209	14	15	    0.00	1	   -1.00	1	8	  706.80	-3	5	NULL
real	EL	210	14	-15	   -3.00	1	   -1.00	1	9	  693.74	-3	7	NULL
real	FL	211	14	-15	   -5.00	0	    1.00	1	8	  863.96	-3	5	NULL
real	BL	212	14	-15	   -1.00	1	   -1.00	0	7	  734.77	-6	5	NULL
real	DL	213	14	15	    0.00	1	   -1.00	1	9	  661.06	-6	5	NULL
real	CR	214	14	15	    0.00	1	   -1.00	1	10	  554.52	-6	7	NULL
real	HL	215	14	15	    0.00	1	   -1.00	0	7	  910.07	-3	5	NULL
real	BR	216	14	-15	   -1.00	1	   -1.00	1	8	  642.18	-6	5	NULL
real	ER	217	14	-15	   -5.00	0	    1.00	1	9	 1219.73	-3	7	NULL
real	CL	218	14	15	    1.00	1	   -1.00	1	7	 2167.27	-6	7	NULL
real	GR	219	14	15	    1.00	1	   -1.00	1	6	  769.01	-3	7	NULL
real	AR	220	14	-15	   -3.00	0	    1.00	0	7	  666.38	-6	7	NULL
real	AL	221	14	-15	   -5.00	0	    1.00	1	6	  771.15	-6	7	NULL
real	GL	222	14	15	    1.00	0	    1.00	0	4	 1598.77	-3	7	NULL
real	DR	223	14	15	    0.00	1	   -1.00	1	10	  666.00	-6	5	NULL
real	FR	224	14	-15	   -3.00	1	   -1.00	1	6	 3182.76	-3	5	NULL
real	DR	225	15	15	   -1.00	1	   -1.00	0	10	  707.53	-6	5	NULL
real	DL	226	15	15	   -1.00	1	   -1.00	0	9	  614.41	-6	5	NULL
real	CR	227	15	15	   -1.00	0	    1.00	1	11	 1100.91	-6	7	NULL
real	BL	228	15	-15	   -2.00	0	    1.00	1	8	  749.89	-6	5	NULL
real	AL	229	15	-15	   -4.00	1	   -1.00	1	7	  724.12	-6	7	NULL
real	GR	230	15	15	    0.00	1	   -1.00	0	6	  842.22	-3	7	NULL
real	HR	231	15	15	   -1.00	0	    1.00	1	9	  792.39	-3	5	NULL
real	AR	232	15	-15	   -2.00	1	   -1.00	1	8	  745.11	-6	7	NULL
real	ER	233	15	-15	   -4.00	0	    1.00	0	9	 1259.76	-3	7	NULL
real	HL	234	15	15	   -1.00	1	   -1.00	0	7	 1294.00	-3	5	NULL
real	GL	235	15	15	    2.00	1	   -1.00	1	5	  730.97	-3	7	NULL
real	FR	236	15	-15	   -4.00	0	    1.00	1	7	  953.65	-3	5	NULL
real	CL	237	15	15	    0.00	1	   -1.00	0	7	  732.28	-6	7	NULL
real	BR	238	15	-15	   -2.00	1	   -1.00	0	8	  638.62	-6	5	NULL
real	FL	239	15	-15	   -4.00	0	    1.00	0	8	  655.54	-3	5	NULL
real	EL	240	15	-15	   -4.00	1	   -1.00	0	9	  791.79	-3	7	NULL
real	GL	241	16	15	    1.00	1	   -1.00	0	5	  719.59	-3	7	NULL
real	HL	242	16	15	   -2.00	0	    1.00	1	8	  645.73	-3	5	NULL
real	BL	243	16	-15	   -1.00	1	   -1.00	1	9	  706.23	-6	5	NULL
real	CL	244	16	15	   -1.00	1	   -1.00	0	7	  617.32	-6	7	NULL
real	AL	245	16	-15	   -5.00	1	   -1.00	0	7	  765.14	-6	7	NULL
real	DR	246	16	15	   -2.00	0	    1.00	1	11	 1008.67	-6	5	NULL
real	DL	247	16	15	   -2.00	0	    1.00	1	10	 1322.57	-6	5	NULL
real	ER	248	16	-15	   -3.00	1	   -1.00	1	10	  573.83	-3	7	NULL
real	HR	249	16	15	    0.00	0	    1.00	0	9	  677.40	-3	5	NULL
real	EL	250	16	-15	   -5.00	0	    1.00	1	10	  828.90	-3	7	NULL
real	GR	251	16	15	   -1.00	0	    1.00	1	7	  942.65	-3	7	NULL
real	AR	252	16	-15	   -3.00	0	    1.00	1	9	  855.09	-6	7	NULL
real	BR	253	16	-15	   -3.00	1	   -1.00	0	8	 1119.10	-6	5	NULL
real	CR	254	16	15	    0.00	1	   -1.00	1	12	  604.61	-6	7	NULL
real	FL	255	16	-15	   -3.00	1	   -1.00	1	9	  637.75	-3	5	NULL
real	FR	256	16	-15	   -3.00	0	    1.00	0	7	  833.45	-3	5	NULL
real	FL	257	17	-15	   -4.00	0	    1.00	1	10	  814.17	-3	5	NULL
real	FR	258	17	-15	   -2.00	1	   -1.00	1	8	  679.58	-3	5	NULL
real	HL	259	17	15	   -1.00	0	    1.00	0	8	  634.61	-3	5	NULL
real	HR	260	17	15	    1.00	0	    1.00	0	9	  921.61	-3	5	NULL
real	AL	261	17	-15	   -6.00	0	    1.00	1	8	  682.54	-6	7	NULL
real	GL	262	17	15	    0.00	1	   -1.00	0	5	  774.42	-3	7	NULL
real	GR	263	17	15	    0.00	0	    1.00	0	7	 1021.24	-3	7	NULL
real	BR	264	17	-15	   -4.00	0	    1.00	1	9	  591.11	-6	5	NULL
real	DL	265	17	15	   -1.00	1	   -1.00	1	11	  653.77	-6	5	NULL
real	DR	266	17	15	   -1.00	1	   -1.00	1	12	 2543.86	-6	5	NULL
real	ER	267	17	-15	   -4.00	0	    1.00	1	11	  712.23	-3	7	NULL
real	AR	268	17	-15	   -2.00	1	   -1.00	1	10	  828.12	-6	7	NULL
real	CL	269	17	15	   -2.00	1	   -1.00	0	7	 1023.83	-6	7	NULL
real	BL	270	17	-15	   -2.00	1	   -1.00	0	9	  674.13	-6	5	NULL
real	EL	271	17	-15	   -4.00	1	   -1.00	1	11	 1191.82	-3	7	NULL
real	ER	272	18	-15	   -3.00	1	   -1.00	1	12	  703.10	-3	7	NULL
real	BL	273	18	-15	   -3.00	0	    1.00	1	10	  806.57	-6	5	NULL
real	GR	274	18	15	    1.00	1	   -1.00	1	8	  641.75	-3	7	NULL
real	BR	275	18	-15	   -3.00	1	   -1.00	1	10	  798.78	-6	5	NULL
real	CL	276	18	15	   -3.00	0	    1.00	1	8	  662.25	-6	7	NULL
real	EL	277	18	-15	   -5.00	0	    1.00	1	12	  778.92	-3	7	NULL
real	FL	278	18	-15	   -3.00	0	    1.00	0	10	 1319.35	-3	5	NULL
real	HL	279	18	15	    0.00	1	   -1.00	1	9	  556.68	-3	5	NULL
real	AR	280	18	-15	   -3.00	0	    1.00	1	11	  895.21	-6	7	NULL
real	AL	281	18	-15	   -5.00	1	   -1.00	1	9	  676.41	-6	7	NULL
real	FR	282	18	-15	   -3.00	0	    1.00	1	9	  844.77	-3	5	NULL
real	HR	283	18	15	    2.00	1	   -1.00	1	10	  862.60	-3	5	NULL
real	DL	284	18	15	   -2.00	0	    1.00	1	12	  769.70	-6	5	NULL
real	GL	285	18	15	   -1.00	0	    1.00	1	6	 2124.32	-3	7	NULL
real	CL	286	19	15	   -2.00	0	    1.00	0	8	  693.85	-6	7	NULL
real	BR	287	19	-15	   -4.00	0	    1.00	1	11	  614.26	-6	5	NULL
real	HR	288	19	15	    1.00	1	   -1.00	0	10	  608.39	-3	5	NULL
real	AL	289	19	-15	   -6.00	0	    1.00	1	10	  559.58	-6	7	NULL
real	AR	290	19	-15	   -2.00	1	   -1.00	1	12	  774.84	-6	7	NULL
real	HL	291	19	15	   -1.00	0	    1.00	1	10	  732.64	-3	5	NULL
real	BL	292	19	-15	   -2.00	1	   -1.00	1	11	  647.65	-6	5	NULL
real	FR	293	19	-15	   -2.00	1	   -1.00	1	10	  795.69	-3	5	NULL
real	GR	294	19	15	    0.00	0	    1.00	1	9	  899.81	-3	7	NULL
real	GL	295	19	15	    0.00	1	   -1.00	1	7	  528.92	-3	7	NULL
real	FL	296	19	-15	   -2.00	1	   -1.00	1	11	  576.53	-3	5	NULL
real	HR	297	20	15	    0.00	1	   -1.00	0	10	 1094.11	-3	5	NULL
real	CL	298	20	15	   -1.00	1	   -1.00	1	9	  813.58	-6	7	NULL
real	AL	299	20	-15	   -5.00	0	    1.00	0	10	 1118.06	-6	7	NULL
real	BL	300	20	-15	   -3.00	1	   -1.00	0	11	  559.92	-6	5	NULL
real	GR	301	20	15	    1.00	1	   -1.00	1	10	  464.56	-3	7	NULL
real	GL	302	20	15	   -1.00	0	    1.00	1	8	  776.57	-3	7	NULL
real	HL	303	20	15	    0.00	1	   -1.00	1	11	  534.93	-3	5	NULL
real	BR	304	20	-15	   -3.00	1	   -1.00	1	12	  718.67	-6	5	NULL
real	FR	305	20	-15	   -3.00	0	    1.00	1	11	  575.47	-3	5	NULL
real	FL	306	20	-15	   -3.00	1	   -1.00	0	11	  722.15	-3	5	NULL
real	HL	307	21	15	   -1.00	0	    1.00	1	12	  525.26	-3	5	NULL
real	FR	308	21	-15	   -2.00	1	   -1.00	1	12	  719.26	-3	5	NULL
real	HR	309	21	15	   -1.00	0	    1.00	1	11	 1078.42	-3	5	NULL
real	FL	310	21	-15	   -4.00	0	    1.00	1	12	  558.16	-3	5	NULL
real	GR	311	21	15	    0.00	0	    1.00	1	11	  746.92	-3	7	NULL
real	CL	312	21	15	   -2.00	0	    1.00	1	10	  681.81	-6	7	NULL
real	AL	313	21	-15	   -4.00	0	    1.00	0	10	  640.90	-6	7	NULL
real	BL	314	21	-15	   -4.00	0	    1.00	1	12	  683.81	-6	5	NULL
real	GL	315	21	15	    0.00	1	   -1.00	1	9	  774.69	-3	7	NULL
real	HR	316	22	15	    0.00	0	    1.00	0	11	  891.98	-3	5	NULL
real	CL	317	22	15	   -1.00	1	   -1.00	1	11	  584.96	-6	7	NULL
real	GL	318	22	15	   -1.00	0	    1.00	1	10	 1082.41	-3	7	NULL
real	GR	319	22	15	    1.00	1	   -1.00	1	12	  741.59	-3	7	NULL
real	AL	320	22	-15	   -3.00	0	    1.00	0	10	 1673.08	-6	7	NULL
real	CL	321	23	15	   -2.00	1	   -1.00	0	11	 1171.59	-6	7	NULL
real	HR	322	23	15	    1.00	1	   -1.00	1	12	  988.83	-3	5	NULL
real	AL	323	23	-15	   -2.00	1	   -1.00	1	11	 1561.88	-6	7	NULL
real	GL	324	23	15	    0.00	0	    1.00	0	10	 2085.81	-3	7	NULL
real	CL	325	24	15	   -3.00	0	    1.00	1	12	 1288.88	-6	7	NULL
real	AL	326	24	-15	   -3.00	0	    1.00	1	12	 2642.65	-6	7	NULL
real	GL	327	24	15	    1.00	0	    1.00	0	10	 1310.78	-3	7	NULL
real	GL	328	25	15	    2.00	0	    1.00	0	10	 1226.13	-3	7	NULL
real	GL	329	26	15	    3.00	1	   -1.00	1	11	 1011.48	-3	7	NULL
real	GL	330	27	15	    2.00	1	   -1.00	0	11	  625.77	-3	7	NULL
real	GL	331	28	15	    1.00	1	   -1.00	0	11	  685.77	-3	7	NULL
real	GL	332	29	15	    0.00	0	    1.00	1	12	  721.59	-3	7	NULL
