TRIAL_TYPE	trial_variant	TRIAL_NUMBER	TRIAL_ITERATION_VAL	frame_tilt	rod_tilt	response	step_size	reversal	reversal_num	RT	probe_del	alpha_entrain_refreshes	rod_tilt_val
real	FL	1	1	-15	  -20.00	0	    8.00	0	0	 1571.47	-3	5	NULL
real	HL	2	1	15	  -20.00	0	    8.00	0	0	 1160.31	-3	5	NULL
real	EL	3	1	-15	  -20.00	0	    8.00	0	0	  697.26	-3	7	NULL
real	HR	4	1	15	   20.00	1	   -8.00	0	0	  621.03	-3	5	NULL
real	GR	5	1	15	   20.00	1	   -8.00	0	0	  786.38	-3	7	NULL
real	AR	6	1	-15	   20.00	1	   -8.00	0	0	  518.71	-6	7	NULL
real	CL	7	1	15	  -20.00	0	    8.00	0	0	  559.25	-6	7	NULL
real	GL	8	1	15	  -20.00	0	    8.00	0	0	  581.54	-3	7	NULL
real	BL	9	1	-15	  -20.00	0	    8.00	0	0	  661.23	-6	5	NULL
real	ER	10	1	-15	   20.00	1	   -8.00	0	0	  572.26	-3	7	NULL
real	FR	11	1	-15	   20.00	1	   -8.00	0	0	  579.23	-3	5	NULL
real	DR	12	1	15	   20.00	1	   -8.00	0	0	  541.58	-6	5	NULL
real	AL	13	1	-15	  -20.00	0	    8.00	0	0	  631.47	-6	7	NULL
real	DL	14	1	15	  -20.00	0	    8.00	0	0	  505.92	-6	5	NULL
real	BR	15	1	-15	   20.00	1	   -8.00	0	0	  489.67	-6	5	NULL
real	CR	16	1	15	   20.00	1	   -8.00	0	0	  543.61	-6	7	NULL
real	EL	17	2	-15	  -12.00	0	    8.00	0	0	  529.78	-3	7	NULL
real	BR	18	2	-15	   12.00	1	   -8.00	0	0	  487.99	-6	5	NULL
real	DL	19	2	15	  -12.00	0	    8.00	0	0	  479.27	-6	5	NULL
real	HR	20	2	15	   12.00	1	   -8.00	0	0	  510.31	-3	5	NULL
real	CL	21	2	15	  -12.00	0	    8.00	0	0	  482.58	-6	7	NULL
real	AL	22	2	-15	  -12.00	0	    8.00	0	0	  653.15	-6	7	NULL
real	ER	23	2	-15	   12.00	1	   -8.00	0	0	  500.41	-3	7	NULL
real	AR	24	2	-15	   12.00	1	   -8.00	0	0	  637.55	-6	7	NULL
real	FR	25	2	-15	   12.00	1	   -8.00	0	0	  547.81	-3	5	NULL
real	DR	26	2	15	   12.00	1	   -8.00	0	0	  410.32	-6	5	NULL
real	HL	27	2	15	  -12.00	0	    8.00	0	0	  525.96	-3	5	NULL
real	BL	28	2	-15	  -12.00	0	    8.00	0	0	  583.49	-6	5	NULL
real	FL	29	2	-15	  -12.00	0	    8.00	0	0	  597.59	-3	5	NULL
real	GR	30	2	15	   12.00	1	   -8.00	0	0	  558.51	-3	7	NULL
real	GL	31	2	15	  -12.00	0	    8.00	0	0	  601.38	-3	7	NULL
real	CR	32	2	15	   12.00	1	   -8.00	0	0	  550.71	-6	7	NULL
real	GL	33	3	15	   -4.00	0	    8.00	0	0	  701.81	-3	7	NULL
real	HR	34	3	15	    4.00	1	   -8.00	0	0	  747.60	-3	5	NULL
real	AL	35	3	-15	   -4.00	0	    8.00	0	0	  684.74	-6	7	NULL
real	FL	36	3	-15	   -4.00	0	    8.00	0	0	  773.60	-3	5	NULL
real	HL	37	3	15	   -4.00	0	    8.00	0	0	  957.03	-3	5	NULL
real	DR	38	3	15	    4.00	1	   -8.00	0	0	  605.24	-6	5	NULL
real	BR	39	3	-15	    4.00	1	   -8.00	0	0	  434.50	-6	5	NULL
real	GR	40	3	15	    4.00	1	   -8.00	0	0	  577.00	-3	7	NULL
real	CL	41	3	15	   -4.00	0	    8.00	0	0	  599.66	-6	7	NULL
real	DL	42	3	15	   -4.00	0	    8.00	0	0	  594.91	-6	5	NULL
real	CR	43	3	15	    4.00	1	   -8.00	0	0	  732.56	-6	7	NULL
real	EL	44	3	-15	   -4.00	0	    8.00	0	0	  749.95	-3	7	NULL
real	FR	45	3	-15	    4.00	1	   -8.00	0	0	  590.80	-3	5	NULL
real	AR	46	3	-15	    4.00	1	   -8.00	0	0	  469.00	-6	7	NULL
real	ER	47	3	-15	    4.00	1	   -8.00	0	0	  534.35	-3	7	NULL
real	BL	48	3	-15	   -4.00	0	    8.00	0	0	  510.44	-6	5	NULL
real	DL	49	4	15	    4.00	1	   -4.00	1	1	  645.45	-6	5	NULL
real	HL	50	4	15	    4.00	1	   -4.00	1	1	  636.61	-3	5	NULL
real	BL	51	4	-15	    4.00	1	   -4.00	1	1	  555.81	-6	5	NULL
real	BR	52	4	-15	   -4.00	0	    4.00	1	1	  513.35	-6	5	NULL
real	CR	53	4	15	   -4.00	0	    4.00	1	1	  543.43	-6	7	NULL
real	GR	54	4	15	   -4.00	0	    4.00	1	1	  560.29	-3	7	NULL
real	DR	55	4	15	   -4.00	0	    4.00	1	1	  770.92	-6	5	NULL
real	FR	56	4	-15	   -4.00	0	    4.00	1	1	 2048.12	-3	5	NULL
real	CL	57	4	15	    4.00	1	   -4.00	1	1	 1061.18	-6	7	NULL
real	GL	58	4	15	    4.00	1	   -4.00	1	1	  920.57	-3	7	NULL
real	HR	59	4	15	   -4.00	0	    4.00	1	1	  824.67	-3	5	NULL
real	AL	60	4	-15	    4.00	1	   -4.00	1	1	  603.72	-6	7	NULL
real	EL	61	4	-15	    4.00	1	   -4.00	1	1	  519.90	-3	7	NULL
real	AR	62	4	-15	   -4.00	0	    4.00	1	1	  637.57	-6	7	NULL
real	FL	63	4	-15	    4.00	1	   -4.00	1	1	  492.92	-3	5	NULL
real	ER	64	4	-15	   -4.00	0	    4.00	1	1	  574.17	-3	7	NULL
real	CL	65	5	15	    0.00	0	    2.00	1	2	  747.33	-6	7	NULL
real	ER	66	5	-15	    0.00	0	    4.00	0	1	 3918.58	-3	7	NULL
real	BR	67	5	-15	    0.00	1	   -2.00	1	2	  892.58	-6	5	NULL
real	HR	68	5	15	    0.00	0	    4.00	0	1	 1287.48	-3	5	NULL
real	DR	69	5	15	    0.00	0	    4.00	0	1	  943.74	-6	5	NULL
real	GL	70	5	15	    0.00	0	    2.00	1	2	 3270.84	-3	7	NULL
real	DL	71	5	15	    0.00	1	   -4.00	0	1	  716.55	-6	5	NULL
real	HL	72	5	15	    0.00	1	   -4.00	0	1	  794.60	-3	5	NULL
real	AR	73	5	-15	    0.00	1	   -2.00	1	2	  545.24	-6	7	NULL
real	EL	74	5	-15	    0.00	1	   -4.00	0	1	  483.27	-3	7	NULL
real	AL	75	5	-15	    0.00	1	   -4.00	0	1	  562.58	-6	7	NULL
real	FL	76	5	-15	    0.00	1	   -4.00	0	1	  751.21	-3	5	NULL
real	GR	77	5	15	    0.00	0	    4.00	0	1	  504.71	-3	7	NULL
real	BL	78	5	-15	    0.00	1	   -4.00	0	1	  561.67	-6	5	NULL
real	FR	79	5	-15	    0.00	1	   -2.00	1	2	  590.18	-3	5	NULL
real	CR	80	5	15	    0.00	0	    4.00	0	1	 1908.24	-6	7	NULL
real	FR	81	6	-15	   -2.00	0	    1.00	1	3	 1082.46	-3	5	NULL
real	FL	82	6	-15	   -4.00	0	    2.00	1	2	  645.71	-3	5	NULL
real	HL	83	6	15	   -4.00	0	    2.00	1	2	  550.61	-3	5	NULL
real	GL	84	6	15	    2.00	1	   -1.00	1	3	  717.58	-3	7	NULL
real	GR	85	6	15	    4.00	1	   -2.00	1	2	  501.39	-3	7	NULL
real	BL	86	6	-15	   -4.00	0	    2.00	1	2	  527.62	-6	5	NULL
real	EL	87	6	-15	   -4.00	0	    2.00	1	2	  448.45	-3	7	NULL
real	BR	88	6	-15	   -2.00	0	    1.00	1	3	  777.00	-6	5	NULL
real	HR	89	6	15	    4.00	1	   -2.00	1	2	  451.25	-3	5	NULL
real	CR	90	6	15	    4.00	1	   -2.00	1	2	  454.82	-6	7	NULL
real	DL	91	6	15	   -4.00	0	    2.00	1	2	  440.33	-6	5	NULL
real	AR	92	6	-15	   -2.00	0	    1.00	1	3	  698.65	-6	7	NULL
real	AL	93	6	-15	   -4.00	0	    2.00	1	2	  539.20	-6	7	NULL
real	CL	94	6	15	    2.00	1	   -1.00	1	3	  533.17	-6	7	NULL
real	ER	95	6	-15	    4.00	1	   -2.00	1	2	  457.86	-3	7	NULL
real	DR	96	6	15	    4.00	1	   -2.00	1	2	  409.89	-6	5	NULL
real	DR	97	7	15	    2.00	1	   -2.00	0	2	  890.71	-6	5	NULL
real	BR	98	7	-15	   -1.00	1	   -1.00	1	4	 1228.76	-6	5	NULL
real	EL	99	7	-15	   -2.00	1	   -1.00	1	3	 1501.52	-3	7	NULL
real	GR	100	7	15	    2.00	1	   -2.00	0	2	  937.92	-3	7	NULL
real	GL	101	7	15	    1.00	1	   -1.00	0	3	 4516.55	-3	7	NULL
real	CL	102	7	15	    1.00	1	   -1.00	0	3	  723.11	-6	7	NULL
real	HL	103	7	15	   -2.00	0	    2.00	0	2	  665.50	-3	5	NULL
real	FR	104	7	-15	   -1.00	1	   -1.00	1	4	  467.26	-3	5	NULL
real	HR	105	7	15	    2.00	1	   -2.00	0	2	  413.92	-3	5	NULL
real	AR	106	7	-15	   -1.00	1	   -1.00	1	4	  514.14	-6	7	NULL
real	BL	107	7	-15	   -2.00	1	   -1.00	1	3	 1097.14	-6	5	NULL
real	AL	108	7	-15	   -2.00	1	   -1.00	1	3	 2561.62	-6	7	NULL
real	ER	109	7	-15	    2.00	1	   -2.00	0	2	  426.34	-3	7	NULL
real	CR	110	7	15	    2.00	1	   -2.00	0	2	  427.01	-6	7	NULL
real	FL	111	7	-15	   -2.00	0	    2.00	0	2	  614.99	-3	5	NULL
real	DL	112	7	15	   -2.00	0	    2.00	0	2	  520.82	-6	5	NULL
real	ER	113	8	-15	    0.00	0	    1.00	1	3	  706.32	-3	7	NULL
real	FL	114	8	-15	    0.00	1	   -1.00	1	3	  521.32	-3	5	NULL
real	GR	115	8	15	    0.00	0	    1.00	1	3	  723.43	-3	7	NULL
real	BR	116	8	-15	   -2.00	0	    1.00	1	5	  550.46	-6	5	NULL
real	EL	117	8	-15	   -3.00	0	    1.00	1	4	  589.27	-3	7	NULL
real	AR	118	8	-15	   -2.00	0	    1.00	1	5	  478.33	-6	7	NULL
real	HL	119	8	15	    0.00	0	    2.00	0	2	  704.79	-3	5	NULL
real	CR	120	8	15	    0.00	0	    1.00	1	3	  609.09	-6	7	NULL
real	GL	121	8	15	    0.00	0	    1.00	1	4	  872.00	-3	7	NULL
real	DR	122	8	15	    0.00	1	   -2.00	0	2	  827.81	-6	5	NULL
real	BL	123	8	-15	   -3.00	0	    1.00	1	4	  510.16	-6	5	NULL
real	AL	124	8	-15	   -3.00	0	    1.00	1	4	  780.43	-6	7	NULL
real	HR	125	8	15	    0.00	0	    1.00	1	3	  645.97	-3	5	NULL
real	FR	126	8	-15	   -2.00	1	   -1.00	0	4	  973.16	-3	5	NULL
real	CL	127	8	15	    0.00	1	   -1.00	0	3	  676.63	-6	7	NULL
real	DL	128	8	15	    0.00	1	   -1.00	1	3	  494.05	-6	5	NULL
real	EL	129	9	-15	   -2.00	1	   -1.00	1	5	  532.48	-3	7	NULL
real	BR	130	9	-15	   -1.00	1	   -1.00	1	6	  550.98	-6	5	NULL
real	AL	131	9	-15	   -2.00	0	    1.00	0	4	  513.57	-6	7	NULL
real	FL	132	9	-15	   -1.00	1	   -1.00	0	3	  700.99	-3	5	NULL
real	HL	133	9	15	    2.00	1	   -1.00	1	3	  565.57	-3	5	NULL
real	GR	134	9	15	    1.00	0	    1.00	0	3	 2376.48	-3	7	NULL
real	GL	135	9	15	    1.00	1	   -1.00	1	5	 1174.85	-3	7	NULL
real	ER	136	9	-15	    1.00	1	   -1.00	1	4	  503.13	-3	7	NULL
real	FR	137	9	-15	   -3.00	0	    1.00	1	5	  620.09	-3	5	NULL
real	CR	138	9	15	    1.00	1	   -1.00	1	4	  443.88	-6	7	NULL
real	DR	139	9	15	   -2.00	0	    1.00	1	3	  456.81	-6	5	NULL
real	DL	140	9	15	   -1.00	0	    1.00	1	4	  688.43	-6	5	NULL
real	HR	141	9	15	    1.00	1	   -1.00	1	4	  468.99	-3	5	NULL
real	AR	142	9	-15	   -1.00	1	   -1.00	1	6	  846.45	-6	7	NULL
real	CL	143	9	15	   -1.00	0	    1.00	1	4	 1365.52	-6	7	NULL
real	BL	144	9	-15	   -2.00	0	    1.00	0	4	  466.78	-6	5	NULL
real	HR	145	10	15	    0.00	1	   -1.00	0	4	  713.02	-3	5	NULL
real	EL	146	10	-15	   -3.00	0	    1.00	1	6	  710.06	-3	7	NULL
real	AL	147	10	-15	   -1.00	0	    1.00	0	4	  644.31	-6	7	NULL
real	FR	148	10	-15	   -2.00	0	    1.00	0	5	  699.41	-3	5	NULL
real	GR	149	10	15	    2.00	1	   -1.00	1	4	  563.47	-3	7	NULL
real	AR	150	10	-15	   -2.00	0	    1.00	1	7	  526.60	-6	7	NULL
real	CL	151	10	15	    0.00	0	    1.00	0	4	 1416.29	-6	7	NULL
real	ER	152	10	-15	    0.00	1	   -1.00	0	4	  491.84	-3	7	NULL
real	DR	153	10	15	   -1.00	0	    1.00	0	3	  540.03	-6	5	NULL
real	DL	154	10	15	    0.00	1	   -1.00	1	5	  430.15	-6	5	NULL
real	FL	155	10	-15	   -2.00	0	    1.00	1	4	 1066.30	-3	5	NULL
real	BR	156	10	-15	   -2.00	0	    1.00	1	7	  672.87	-6	5	NULL
real	BL	157	10	-15	   -1.00	1	   -1.00	1	5	 1267.27	-6	5	NULL
real	CR	158	10	15	    0.00	1	   -1.00	0	4	  580.94	-6	7	NULL
real	GL	159	10	15	    0.00	0	    1.00	1	6	  481.84	-3	7	NULL
real	HL	160	10	15	    1.00	0	    1.00	1	4	  803.02	-3	5	NULL
real	GL	161	11	15	    1.00	0	    1.00	0	6	 1571.15	-3	7	NULL
real	FR	162	11	-15	   -1.00	1	   -1.00	1	6	  536.26	-3	5	NULL
real	HL	163	11	15	    2.00	1	   -1.00	1	5	 1523.93	-3	5	NULL
real	BR	164	11	-15	   -1.00	0	    1.00	0	7	  713.97	-6	5	NULL
real	DL	165	11	15	   -1.00	0	    1.00	1	6	  455.26	-6	5	NULL
real	EL	166	11	-15	   -2.00	0	    1.00	0	6	  496.62	-3	7	NULL
real	HR	167	11	15	   -1.00	0	    1.00	1	5	  522.65	-3	5	NULL
real	CL	168	11	15	    1.00	0	    1.00	0	4	 1098.45	-6	7	NULL
real	AR	169	11	-15	   -1.00	1	   -1.00	1	8	 1361.33	-6	7	NULL
real	CR	170	11	15	   -1.00	1	   -1.00	0	4	  881.43	-6	7	NULL
real	DR	171	11	15	    0.00	1	   -1.00	1	4	  468.77	-6	5	NULL
real	FL	172	11	-15	   -1.00	1	   -1.00	1	5	 2411.23	-3	5	NULL
real	AL	173	11	-15	    0.00	1	   -1.00	1	5	  574.96	-6	7	NULL
real	GR	174	11	15	    1.00	1	   -1.00	0	4	  764.35	-3	7	NULL
real	BL	175	11	-15	   -2.00	0	    1.00	1	6	  470.34	-6	5	NULL
real	ER	176	11	-15	   -1.00	0	    1.00	1	5	  836.64	-3	7	NULL
real	FR	177	12	-15	   -2.00	0	    1.00	1	7	  597.23	-3	5	NULL
real	CL	178	12	15	    2.00	1	   -1.00	1	5	  378.53	-6	7	NULL
real	GL	179	12	15	    2.00	1	   -1.00	1	7	  444.64	-3	7	NULL
real	HL	180	12	15	    1.00	1	   -1.00	0	5	  541.36	-3	5	NULL
real	BR	181	12	-15	    0.00	1	   -1.00	1	8	 1022.93	-6	5	NULL
real	HR	182	12	15	    0.00	1	   -1.00	1	6	 1170.39	-3	5	NULL
real	GR	183	12	15	    0.00	0	    1.00	1	5	  511.29	-3	7	NULL
real	DR	184	12	15	   -1.00	0	    1.00	1	5	  417.01	-6	5	NULL
real	FL	185	12	-15	   -2.00	0	    1.00	1	6	  476.89	-3	5	NULL
real	ER	186	12	-15	    0.00	1	   -1.00	1	6	  513.63	-3	7	NULL
real	AR	187	12	-15	   -2.00	0	    1.00	1	9	  455.81	-6	7	NULL
real	CR	188	12	15	   -2.00	0	    1.00	1	5	  508.78	-6	7	NULL
real	AL	189	12	-15	   -1.00	1	   -1.00	0	5	  484.98	-6	7	NULL
real	EL	190	12	-15	   -1.00	1	   -1.00	1	7	  481.32	-3	7	NULL
real	DL	191	12	15	    0.00	1	   -1.00	1	7	  706.85	-6	5	NULL
real	BL	192	12	-15	   -1.00	1	   -1.00	1	7	  568.82	-6	5	NULL
real	HR	193	13	15	   -1.00	0	    1.00	1	7	  485.81	-3	5	NULL
real	EL	194	13	-15	   -2.00	0	    1.00	1	8	  935.88	-3	7	NULL
real	ER	195	13	-15	   -1.00	1	   -1.00	0	6	  665.75	-3	7	NULL
real	DR	196	13	15	    0.00	1	   -1.00	1	6	  679.19	-6	5	NULL
real	FL	197	13	-15	   -1.00	1	   -1.00	1	7	  449.80	-3	5	NULL
real	GL	198	13	15	    1.00	1	   -1.00	0	7	  450.27	-3	7	NULL
real	BL	199	13	-15	   -2.00	0	    1.00	1	8	  513.47	-6	5	NULL
real	CR	200	13	15	   -1.00	0	    1.00	0	5	  591.10	-6	7	NULL
real	FR	201	13	-15	   -1.00	1	   -1.00	1	8	  501.91	-3	5	NULL
real	AR	202	13	-15	   -1.00	1	   -1.00	1	10	  514.01	-6	7	NULL
real	AL	203	13	-15	   -2.00	0	    1.00	1	6	  618.99	-6	7	NULL
real	HL	204	13	15	    0.00	1	   -1.00	0	5	  460.79	-3	5	NULL
real	CL	205	13	15	    1.00	1	   -1.00	0	5	  456.84	-6	7	NULL
real	BR	206	13	-15	   -1.00	1	   -1.00	0	8	 1479.84	-6	5	NULL
real	DL	207	13	15	   -1.00	0	    1.00	1	8	  459.80	-6	5	NULL
real	GR	208	13	15	    1.00	1	   -1.00	1	6	  358.08	-3	7	NULL
real	ER	209	14	-15	   -2.00	0	    1.00	1	7	  420.70	-3	7	NULL
real	GR	210	14	15	    0.00	0	    1.00	1	7	  568.60	-3	7	NULL
real	HR	211	14	15	    0.00	1	   -1.00	1	8	  462.45	-3	5	NULL
real	AR	212	14	-15	   -2.00	0	    1.00	1	11	  431.06	-6	7	NULL
real	EL	213	14	-15	   -1.00	1	   -1.00	1	9	  926.30	-3	7	NULL
real	CR	214	14	15	    0.00	1	   -1.00	1	6	  703.50	-6	7	NULL
real	DR	215	14	15	   -1.00	0	    1.00	1	7	  599.72	-6	5	NULL
real	DL	216	14	15	    0.00	1	   -1.00	1	9	  580.06	-6	5	NULL
real	HL	217	14	15	   -1.00	0	    1.00	1	6	  714.51	-3	5	NULL
real	FL	218	14	-15	   -2.00	0	    1.00	1	8	  551.17	-3	5	NULL
real	CL	219	14	15	    0.00	1	   -1.00	0	5	  409.94	-6	7	NULL
real	BL	220	14	-15	   -1.00	1	   -1.00	1	9	  553.53	-6	5	NULL
real	FR	221	14	-15	   -2.00	1	   -1.00	0	8	  815.94	-3	5	NULL
real	AL	222	14	-15	   -1.00	1	   -1.00	1	7	  560.15	-6	7	NULL
real	BR	223	14	-15	   -2.00	0	    1.00	1	9	  485.01	-6	5	NULL
real	GL	224	14	15	    0.00	1	   -1.00	0	7	  440.28	-3	7	NULL
real	GL	225	15	15	   -1.00	0	    1.00	1	8	  539.26	-3	7	NULL
real	BR	226	15	-15	   -1.00	1	   -1.00	1	10	  568.53	-6	5	NULL
real	ER	227	15	-15	   -1.00	1	   -1.00	1	8	  513.92	-3	7	NULL
real	BL	228	15	-15	   -2.00	1	   -1.00	0	9	  562.22	-6	5	NULL
real	HL	229	15	15	    0.00	0	    1.00	0	6	 1645.83	-3	5	NULL
real	CR	230	15	15	   -1.00	0	    1.00	1	7	  483.54	-6	7	NULL
real	CL	231	15	15	   -1.00	0	    1.00	1	6	  860.04	-6	7	NULL
real	DR	232	15	15	    0.00	1	   -1.00	1	8	  555.43	-6	5	NULL
real	FR	233	15	-15	   -3.00	0	    1.00	1	9	  486.14	-3	5	NULL
real	GR	234	15	15	    1.00	1	   -1.00	1	8	  432.53	-3	7	NULL
real	HR	235	15	15	   -1.00	0	    1.00	1	9	 1060.29	-3	5	NULL
real	DL	236	15	15	   -1.00	0	    1.00	1	10	  884.97	-6	5	NULL
real	EL	237	15	-15	   -2.00	0	    1.00	1	10	 1173.86	-3	7	NULL
real	AR	238	15	-15	   -1.00	0	    1.00	0	11	  648.15	-6	7	NULL
real	FL	239	15	-15	   -1.00	1	   -1.00	1	9	  922.46	-3	5	NULL
real	AL	240	15	-15	   -2.00	0	    1.00	1	8	  785.17	-6	7	NULL
real	FR	241	16	-15	   -2.00	1	   -1.00	1	10	  747.67	-3	5	NULL
real	DL	242	16	15	    0.00	1	   -1.00	1	11	  649.41	-6	5	NULL
real	GL	243	16	15	    0.00	0	    1.00	0	8	  658.63	-3	7	NULL
real	HL	244	16	15	    1.00	1	   -1.00	1	7	  791.04	-3	5	NULL
real	GR	245	16	15	    0.00	0	    1.00	1	9	  986.92	-3	7	NULL
real	DR	246	16	15	   -1.00	0	    1.00	1	9	  619.21	-6	5	NULL
real	CL	247	16	15	    0.00	1	   -1.00	1	7	  368.60	-6	7	NULL
real	ER	248	16	-15	   -2.00	1	   -1.00	0	8	  535.53	-3	7	NULL
real	AL	249	16	-15	   -1.00	1	   -1.00	1	9	 1278.03	-6	7	NULL
real	AR	250	16	-15	    0.00	1	   -1.00	1	12	  453.78	-6	7	NULL
real	FL	251	16	-15	   -2.00	0	    1.00	1	10	  453.57	-3	5	NULL
real	EL	252	16	-15	   -1.00	0	    1.00	0	10	 1740.65	-3	7	NULL
real	CR	253	16	15	    0.00	1	   -1.00	1	8	  722.98	-6	7	NULL
real	HR	254	16	15	    0.00	0	    1.00	0	9	  550.48	-3	5	NULL
real	BR	255	16	-15	   -2.00	0	    1.00	1	11	  954.59	-6	5	NULL
real	BL	256	16	-15	   -3.00	0	    1.00	1	10	  482.26	-6	5	NULL
real	AL	257	17	-15	   -2.00	0	    1.00	1	10	  514.82	-6	7	NULL
real	CL	258	17	15	   -1.00	0	    1.00	1	8	  431.32	-6	7	NULL
real	CR	259	17	15	   -1.00	0	    1.00	1	9	  424.57	-6	7	NULL
real	DR	260	17	15	    0.00	0	    1.00	0	9	  480.49	-6	5	NULL
real	FL	261	17	-15	   -1.00	1	   -1.00	1	11	  561.71	-3	5	NULL
real	EL	262	17	-15	    0.00	1	   -1.00	1	11	  450.92	-3	7	NULL
real	GL	263	17	15	    1.00	0	    1.00	0	8	  562.60	-3	7	NULL
real	GR	264	17	15	    1.00	0	    1.00	0	9	  696.79	-3	7	NULL
real	HR	265	17	15	    1.00	1	   -1.00	1	10	  542.28	-3	5	NULL
real	BL	266	17	-15	   -2.00	0	    1.00	0	10	 1212.54	-6	5	NULL
real	BR	267	17	-15	   -1.00	0	    1.00	0	11	  647.22	-6	5	NULL
real	HL	268	17	15	    0.00	0	    1.00	1	8	  622.71	-3	5	NULL
real	DL	269	17	15	   -1.00	0	    1.00	1	12	  515.31	-6	5	NULL
real	FR	270	17	-15	   -3.00	0	    1.00	1	11	  523.72	-3	5	NULL
real	ER	271	17	-15	   -3.00	0	    1.00	1	9	  797.58	-3	7	NULL
real	FR	272	18	-15	   -2.00	1	   -1.00	1	12	  508.95	-3	5	NULL
real	DR	273	18	15	    1.00	1	   -1.00	1	10	  369.42	-6	5	NULL
real	ER	274	18	-15	   -2.00	1	   -1.00	1	10	  456.78	-3	7	NULL
real	HL	275	18	15	    1.00	1	   -1.00	1	9	  563.35	-3	5	NULL
real	HR	276	18	15	    0.00	0	    1.00	1	11	 1060.41	-3	5	NULL
real	CL	277	18	15	    0.00	0	    1.00	0	8	  676.91	-6	7	NULL
real	AL	278	18	-15	   -1.00	1	   -1.00	1	11	 1125.74	-6	7	NULL
real	GR	279	18	15	    2.00	1	   -1.00	1	10	  534.90	-3	7	NULL
real	EL	280	18	-15	   -1.00	1	   -1.00	0	11	  489.45	-3	7	NULL
real	CR	281	18	15	    0.00	0	    1.00	0	9	  597.95	-6	7	NULL
real	BL	282	18	-15	   -1.00	1	   -1.00	1	11	  633.02	-6	5	NULL
real	FL	283	18	-15	   -2.00	0	    1.00	1	12	  489.83	-3	5	NULL
real	GL	284	18	15	    2.00	1	   -1.00	1	9	  467.19	-3	7	NULL
real	BR	285	18	-15	    0.00	1	   -1.00	1	12	  560.68	-6	5	NULL
real	HL	286	19	15	    0.00	0	    1.00	1	10	  479.00	-3	5	NULL
real	AL	287	19	-15	   -2.00	0	    1.00	1	12	  494.56	-6	7	NULL
real	GR	288	19	15	    1.00	0	    1.00	1	11	 1010.64	-3	7	NULL
real	HR	289	19	15	    1.00	1	   -1.00	1	12	  902.40	-3	5	NULL
real	ER	290	19	-15	   -3.00	1	   -1.00	0	10	  823.73	-3	7	NULL
real	EL	291	19	-15	   -2.00	1	   -1.00	0	11	 1420.13	-3	7	NULL
real	CL	292	19	15	    1.00	1	   -1.00	1	9	  696.79	-6	7	NULL
real	DR	293	19	15	    0.00	1	   -1.00	0	10	  571.65	-6	5	NULL
real	CR	294	19	15	    1.00	1	   -1.00	1	10	  441.00	-6	7	NULL
real	GL	295	19	15	    1.00	1	   -1.00	0	9	  686.13	-3	7	NULL
real	BL	296	19	-15	   -2.00	0	    1.00	1	12	  755.46	-6	5	NULL
real	DR	297	20	15	   -1.00	1	   -1.00	0	10	  698.95	-6	5	NULL
real	GL	298	20	15	    0.00	1	   -1.00	0	9	  768.62	-3	7	NULL
real	CR	299	20	15	    0.00	1	   -1.00	0	10	  394.16	-6	7	NULL
real	CL	300	20	15	    0.00	1	   -1.00	0	9	  737.35	-6	7	NULL
real	EL	301	20	-15	   -3.00	0	    1.00	1	12	  741.58	-3	7	NULL
real	ER	302	20	-15	   -4.00	0	    1.00	1	11	  596.46	-3	7	NULL
real	HL	303	20	15	    1.00	1	   -1.00	1	11	  522.44	-3	5	NULL
real	GR	304	20	15	    2.00	1	   -1.00	1	12	  448.70	-3	7	NULL
real	ER	305	21	-15	   -3.00	0	    1.00	0	11	  471.58	-3	7	NULL
real	DR	306	21	15	   -2.00	0	    1.00	1	11	  374.56	-6	5	NULL
real	CL	307	21	15	   -1.00	0	    1.00	1	10	  444.05	-6	7	NULL
real	GL	308	21	15	   -1.00	0	    1.00	1	10	  326.86	-3	7	NULL
real	HL	309	21	15	    0.00	0	    1.00	1	12	  410.20	-3	5	NULL
real	CR	310	21	15	   -1.00	0	    1.00	1	11	  440.52	-6	7	NULL
real	CL	311	22	15	    0.00	1	   -1.00	1	11	  529.62	-6	7	NULL
real	ER	312	22	-15	   -2.00	1	   -1.00	1	12	  567.54	-3	7	NULL
real	GL	313	22	15	    0.00	1	   -1.00	1	11	  830.01	-3	7	NULL
real	DR	314	22	15	   -1.00	1	   -1.00	1	12	  758.15	-6	5	NULL
real	CR	315	22	15	    0.00	1	   -1.00	1	12	  544.44	-6	7	NULL
real	GL	316	23	15	   -1.00	1	   -1.00	0	11	  697.82	-3	7	NULL
real	CL	317	23	15	   -1.00	0	    1.00	1	12	  926.31	-6	7	NULL
real	GL	318	24	15	   -2.00	0	    1.00	1	12	  513.22	-3	7	NULL
