TRIAL_TYPE	trial_variant	TRIAL_NUMBER	TRIAL_ITERATION_VAL	frame_tilt	rod_tilt	response	step_size	reversal	reversal_num	RT	probe_del	alpha_entrain_refreshes	rod_tilt_val
real	HL	1	1	15	  -20.00	1	   -8.00	0	0	 6876.64	-3	5	NULL
real	CR	2	1	15	   20.00	1	   -8.00	0	0	 1547.81	-6	7	NULL
real	GL	3	1	15	  -20.00	0	    8.00	0	0	 1426.91	-3	7	NULL
real	EL	4	1	-15	  -20.00	0	    8.00	0	0	  690.72	-3	7	NULL
real	CL	5	1	15	  -20.00	0	    8.00	0	0	  682.17	-6	7	NULL
real	HR	6	1	15	   20.00	1	   -8.00	0	0	  643.65	-3	5	NULL
real	DL	7	1	15	  -20.00	0	    8.00	0	0	  546.49	-6	5	NULL
real	GR	8	1	15	   20.00	1	   -8.00	0	0	  491.47	-3	7	NULL
real	FL	9	1	-15	  -20.00	0	    8.00	0	0	  698.15	-3	5	NULL
real	AL	10	1	-15	  -20.00	0	    8.00	0	0	  486.68	-6	7	NULL
real	ER	11	1	-15	   20.00	1	   -8.00	0	0	  502.94	-3	7	NULL
real	DR	12	1	15	   20.00	1	   -8.00	0	0	  562.60	-6	5	NULL
real	AR	13	1	-15	   20.00	1	   -8.00	0	0	  502.50	-6	7	NULL
real	FR	14	1	-15	   20.00	1	   -8.00	0	0	  521.92	-3	5	NULL
real	BR	15	1	-15	   20.00	1	   -8.00	0	0	  481.38	-6	5	NULL
real	BL	16	1	-15	  -20.00	0	    8.00	0	0	  506.27	-6	5	NULL
real	BL	17	2	-15	  -12.00	0	    8.00	0	0	  477.29	-6	5	NULL
real	DR	18	2	15	   12.00	1	   -8.00	0	0	  417.05	-6	5	NULL
real	CR	19	2	15	   12.00	1	   -8.00	0	0	  498.72	-6	7	NULL
real	FL	20	2	-15	  -12.00	0	    8.00	0	0	  709.91	-3	5	NULL
real	HR	21	2	15	   12.00	1	   -8.00	0	0	  565.02	-3	5	NULL
real	EL	22	2	-15	  -12.00	0	    8.00	0	0	  521.54	-3	7	NULL
real	DL	23	2	15	  -12.00	0	    8.00	0	0	  524.23	-6	5	NULL
real	AL	24	2	-15	  -12.00	0	    8.00	0	0	  535.76	-6	7	NULL
real	GL	25	2	15	  -12.00	0	    8.00	0	0	  623.16	-3	7	NULL
real	AR	26	2	-15	   12.00	1	   -8.00	0	0	  569.01	-6	7	NULL
real	FR	27	2	-15	   12.00	1	   -8.00	0	0	  444.38	-3	5	NULL
real	HL	28	2	15	-20	0	    4.00	1	1	  450.33	-3	5	NULL
real	BR	29	2	-15	   12.00	1	   -8.00	0	0	  462.24	-6	5	NULL
real	GR	30	2	15	   12.00	1	   -8.00	0	0	  506.90	-3	7	NULL
real	CL	31	2	15	  -12.00	0	    8.00	0	0	  431.43	-6	7	NULL
real	ER	32	2	-15	   12.00	1	   -8.00	0	0	  421.37	-3	7	NULL
real	AL	33	3	-15	   -4.00	0	    8.00	0	0	  685.04	-6	7	NULL
real	GL	34	3	15	   -4.00	0	    8.00	0	0	  543.64	-3	7	NULL
real	AR	35	3	-15	    4.00	1	   -8.00	0	0	  540.23	-6	7	NULL
real	CL	36	3	15	   -4.00	0	    8.00	0	0	  459.09	-6	7	NULL
real	FL	37	3	-15	   -4.00	0	    8.00	0	0	  512.93	-3	5	NULL
real	CR	38	3	15	    4.00	1	   -8.00	0	0	  498.16	-6	7	NULL
real	DL	39	3	15	   -4.00	0	    8.00	0	0	  488.07	-6	5	NULL
real	FR	40	3	-15	    4.00	1	   -8.00	0	0	  527.81	-3	5	NULL
real	ER	41	3	-15	    4.00	1	   -8.00	0	0	  500.54	-3	7	NULL
real	BL	42	3	-15	   -4.00	0	    8.00	0	0	  574.72	-6	5	NULL
real	HL	43	3	15	  -16.00	0	    4.00	0	1	  474.55	-3	5	NULL
real	EL	44	3	-15	   -4.00	0	    8.00	0	0	  744.22	-3	7	NULL
real	GR	45	3	15	    4.00	1	   -8.00	0	0	  639.61	-3	7	NULL
real	BR	46	3	-15	    4.00	1	   -8.00	0	0	  544.11	-6	5	NULL
real	HR	47	3	15	    4.00	1	   -8.00	0	0	  720.51	-3	5	NULL
real	DR	48	3	15	    4.00	1	   -8.00	0	0	  574.13	-6	5	NULL
real	BL	49	4	-15	    4.00	1	   -4.00	1	1	  538.30	-6	5	NULL
real	DL	50	4	15	    4.00	1	   -4.00	1	1	  514.72	-6	5	NULL
real	DR	51	4	15	   -4.00	0	    4.00	1	1	  621.50	-6	5	NULL
real	AR	52	4	-15	   -4.00	0	    4.00	1	1	  627.54	-6	7	NULL
real	ER	53	4	-15	   -4.00	0	    4.00	1	1	  645.50	-3	7	NULL
real	FR	54	4	-15	   -4.00	0	    4.00	1	1	  519.73	-3	5	NULL
real	CL	55	4	15	    4.00	1	   -4.00	1	1	  768.52	-6	7	NULL
real	HR	56	4	15	   -4.00	0	    4.00	1	1	  585.27	-3	5	NULL
real	GL	57	4	15	    4.00	1	   -4.00	1	1	  555.18	-3	7	NULL
real	GR	58	4	15	   -4.00	0	    4.00	1	1	  584.92	-3	7	NULL
real	BR	59	4	-15	   -4.00	0	    4.00	1	1	  551.51	-6	5	NULL
real	CR	60	4	15	   -4.00	0	    4.00	1	1	  542.77	-6	7	NULL
real	EL	61	4	-15	    4.00	1	   -4.00	1	1	  517.15	-3	7	NULL
real	AL	62	4	-15	    4.00	1	   -4.00	1	1	  522.88	-6	7	NULL
real	FL	63	4	-15	    4.00	1	   -4.00	1	1	  457.46	-3	5	NULL
real	HL	64	4	15	  -12.00	0	    4.00	0	1	  458.02	-3	5	NULL
real	AL	65	5	-15	    0.00	0	    2.00	1	2	 1045.98	-6	7	NULL
real	CR	66	5	15	    0.00	0	    4.00	0	1	  910.95	-6	7	NULL
real	GL	67	5	15	    0.00	0	    2.00	1	2	  486.43	-3	7	NULL
real	CL	68	5	15	    0.00	0	    2.00	1	2	  720.39	-6	7	NULL
real	HR	69	5	15	    0.00	0	    4.00	0	1	  688.29	-3	5	NULL
real	FR	70	5	-15	    0.00	1	   -2.00	1	2	  984.62	-3	5	NULL
real	ER	71	5	-15	    0.00	0	    4.00	0	1	 1178.00	-3	7	NULL
real	AR	72	5	-15	    0.00	1	   -2.00	1	2	 1161.71	-6	7	NULL
real	DL	73	5	15	    0.00	0	    2.00	1	2	  684.43	-6	5	NULL
real	FL	74	5	-15	    0.00	1	   -4.00	0	1	  883.97	-3	5	NULL
real	BL	75	5	-15	    0.00	0	    2.00	1	2	  724.60	-6	5	NULL
real	GR	76	5	15	    0.00	0	    4.00	0	1	  708.20	-3	7	NULL
real	EL	77	5	-15	    0.00	1	   -4.00	0	1	  850.75	-3	7	NULL
real	HL	78	5	15	   -8.00	0	    4.00	0	1	  520.71	-3	5	NULL
real	BR	79	5	-15	    0.00	0	    4.00	0	1	 1116.36	-6	5	NULL
real	DR	80	5	15	    0.00	0	    4.00	0	1	  773.27	-6	5	NULL
real	CR	81	6	15	    4.00	1	   -2.00	1	2	  542.21	-6	7	NULL
real	FR	82	6	-15	   -2.00	0	    1.00	1	3	 1334.28	-3	5	NULL
real	HR	83	6	15	    4.00	1	   -2.00	1	2	  517.07	-3	5	NULL
real	AR	84	6	-15	   -2.00	0	    1.00	1	3	  495.42	-6	7	NULL
real	FL	85	6	-15	   -4.00	0	    2.00	1	2	  530.58	-3	5	NULL
real	AL	86	6	-15	    2.00	1	   -1.00	1	3	  617.95	-6	7	NULL
real	GR	87	6	15	    4.00	1	   -2.00	1	2	  814.77	-3	7	NULL
real	EL	88	6	-15	   -4.00	0	    2.00	1	2	  571.50	-3	7	NULL
real	BR	89	6	-15	    4.00	1	   -2.00	1	2	  482.71	-6	5	NULL
real	ER	90	6	-15	    4.00	1	   -2.00	1	2	  593.08	-3	7	NULL
real	HL	91	6	15	   -4.00	0	    4.00	0	1	  996.10	-3	5	NULL
real	GL	92	6	15	    2.00	0	    2.00	0	2	 1101.80	-3	7	NULL
real	DL	93	6	15	    2.00	1	   -1.00	1	3	 1103.74	-6	5	NULL
real	BL	94	6	-15	    2.00	1	   -1.00	1	3	  812.28	-6	5	NULL
real	CL	95	6	15	    2.00	1	   -1.00	1	3	  617.55	-6	7	NULL
real	DR	96	6	15	    4.00	1	   -2.00	1	2	  683.74	-6	5	NULL
real	BL	97	7	-15	    1.00	1	   -1.00	0	3	  839.12	-6	5	NULL
real	HL	98	7	15	    0.00	0	    4.00	0	1	  588.36	-3	5	NULL
real	GR	99	7	15	    2.00	0	    1.00	1	3	 1287.05	-3	7	NULL
real	CL	100	7	15	    1.00	0	    1.00	1	4	  919.11	-6	7	NULL
real	ER	101	7	-15	    2.00	1	   -2.00	0	2	  579.11	-3	7	NULL
real	FR	102	7	-15	   -1.00	1	   -1.00	1	4	  671.98	-3	5	NULL
real	FL	103	7	-15	   -2.00	0	    2.00	0	2	  577.11	-3	5	NULL
real	DL	104	7	15	    1.00	0	    1.00	1	4	  742.33	-6	5	NULL
real	AR	105	7	-15	   -1.00	0	    1.00	0	3	  988.62	-6	7	NULL
real	AL	106	7	-15	    1.00	1	   -1.00	0	3	  593.26	-6	7	NULL
real	GL	107	7	15	    4.00	1	   -1.00	1	3	  764.90	-3	7	NULL
real	BR	108	7	-15	    2.00	1	   -2.00	0	2	  793.70	-6	5	NULL
real	HR	109	7	15	    2.00	1	   -2.00	0	2	  620.42	-3	5	NULL
real	EL	110	7	-15	   -2.00	0	    2.00	0	2	  837.46	-3	7	NULL
real	DR	111	7	15	    2.00	1	   -2.00	0	2	  514.04	-6	5	NULL
real	CR	112	7	15	    2.00	1	   -2.00	0	2	  772.60	-6	7	NULL
real	GR	113	8	15	    3.00	1	   -1.00	1	4	  707.95	-3	7	NULL
real	CL	114	8	15	    2.00	1	   -1.00	1	5	 1251.25	-6	7	NULL
real	CR	115	8	15	    0.00	0	    1.00	1	3	  648.56	-6	7	NULL
real	AR	116	8	-15	    0.00	1	   -1.00	1	4	 1357.21	-6	7	NULL
real	DR	117	8	15	    0.00	0	    1.00	1	3	  844.10	-6	5	NULL
real	BL	118	8	-15	    0.00	0	    1.00	1	4	  766.07	-6	5	NULL
real	HR	119	8	15	    0.00	0	    1.00	1	3	  886.49	-3	5	NULL
real	DL	120	8	15	    2.00	1	   -1.00	1	5	  723.14	-6	5	NULL
real	FR	121	8	-15	   -2.00	0	    1.00	1	5	  812.96	-3	5	NULL
real	EL	122	8	-15	    0.00	1	   -1.00	1	3	  618.95	-3	7	NULL
real	GL	123	8	15	    3.00	1	   -1.00	0	3	  561.91	-3	7	NULL
real	BR	124	8	-15	    0.00	1	   -2.00	0	2	  765.35	-6	5	NULL
real	ER	125	8	-15	    0.00	1	   -2.00	0	2	  787.78	-3	7	NULL
real	HL	126	8	15	    4.00	1	   -2.00	1	2	  552.19	-3	5	NULL
real	AL	127	8	-15	    0.00	1	   -1.00	0	3	  639.19	-6	7	NULL
real	FL	128	8	-15	    0.00	1	   -1.00	1	3	  565.32	-3	5	NULL
real	CL	129	9	15	    1.00	0	    1.00	1	6	  925.20	-6	7	NULL
real	CR	130	9	15	    1.00	0	    1.00	0	3	 1186.99	-6	7	NULL
real	EL	131	9	-15	   -1.00	0	    1.00	1	4	  869.27	-3	7	NULL
real	HR	132	9	15	    1.00	0	    1.00	0	3	  757.98	-3	5	NULL
real	BL	133	9	-15	    1.00	1	   -1.00	1	5	  700.45	-6	5	NULL
real	DL	134	9	15	    1.00	0	    1.00	1	6	  631.11	-6	5	NULL
real	GR	135	9	15	    2.00	0	    1.00	1	5	 1312.37	-3	7	NULL
real	FL	136	9	-15	   -1.00	0	    1.00	1	4	 1503.41	-3	5	NULL
real	ER	137	9	-15	   -2.00	0	    1.00	1	3	  638.32	-3	7	NULL
real	AR	138	9	-15	   -1.00	0	    1.00	1	5	 1115.43	-6	7	NULL
real	AL	139	9	-15	   -1.00	0	    1.00	1	4	  711.72	-6	7	NULL
real	HL	140	9	15	    2.00	1	   -2.00	0	2	  642.73	-3	5	NULL
real	FR	141	9	-15	   -1.00	0	    1.00	0	5	  864.15	-3	5	NULL
real	DR	142	9	15	    1.00	0	    1.00	0	3	  980.41	-6	5	NULL
real	GL	143	9	15	    2.00	1	   -1.00	0	3	  661.74	-3	7	NULL
real	BR	144	9	-15	   -2.00	0	    1.00	1	3	  626.66	-6	5	NULL
real	AL	145	10	-15	    0.00	0	    1.00	0	4	  640.62	-6	7	NULL
real	BL	146	10	-15	    0.00	1	   -1.00	0	5	 1707.94	-6	5	NULL
real	CL	147	10	15	    2.00	1	   -1.00	1	7	 1004.40	-6	7	NULL
real	GR	148	10	15	    3.00	1	   -1.00	1	6	  623.97	-3	7	NULL
real	GL	149	10	15	    1.00	1	   -1.00	0	3	  566.92	-3	7	NULL
real	HL	150	10	15	    0.00	0	    1.00	1	3	  639.17	-3	5	NULL
real	DR	151	10	15	    2.00	1	   -1.00	1	4	  690.60	-6	5	NULL
real	BR	152	10	-15	   -1.00	0	    1.00	0	3	  756.37	-6	5	NULL
real	DL	153	10	15	    2.00	1	   -1.00	1	7	  550.39	-6	5	NULL
real	HR	154	10	15	    2.00	1	   -1.00	1	4	  613.71	-3	5	NULL
real	EL	155	10	-15	    0.00	1	   -1.00	1	5	  562.89	-3	7	NULL
real	CR	156	10	15	    2.00	1	   -1.00	1	4	  573.13	-6	7	NULL
real	FL	157	10	-15	    0.00	1	   -1.00	1	5	  606.80	-3	5	NULL
real	AR	158	10	-15	    0.00	0	    1.00	0	5	  659.50	-6	7	NULL
real	ER	159	10	-15	   -1.00	1	   -1.00	1	4	  705.23	-3	7	NULL
real	FR	160	10	-15	    0.00	0	    1.00	0	5	 1487.60	-3	5	NULL
real	ER	161	11	-15	   -2.00	0	    1.00	1	5	  733.24	-3	7	NULL
real	AR	162	11	-15	    1.00	1	   -1.00	1	6	  596.61	-6	7	NULL
real	FL	163	11	-15	   -1.00	1	   -1.00	0	5	  783.01	-3	5	NULL
real	BR	164	11	-15	    0.00	0	    1.00	0	3	  868.48	-6	5	NULL
real	GR	165	11	15	    2.00	1	   -1.00	0	6	 1202.65	-3	7	NULL
real	CR	166	11	15	    1.00	1	   -1.00	0	4	 1944.76	-6	7	NULL
real	DR	167	11	15	    1.00	1	   -1.00	0	4	 1353.40	-6	5	NULL
real	CL	168	11	15	    1.00	0	    1.00	1	8	  701.98	-6	7	NULL
real	BL	169	11	-15	   -1.00	0	    1.00	1	6	 2848.86	-6	5	NULL
real	AL	170	11	-15	    1.00	1	   -1.00	1	5	 1682.62	-6	7	NULL
real	GL	171	11	15	    0.00	0	    1.00	1	4	  836.70	-3	7	NULL
real	DL	172	11	15	    1.00	0	    1.00	1	8	 1441.88	-6	5	NULL
real	FR	173	11	-15	    1.00	1	   -1.00	1	6	  748.91	-3	5	NULL
real	HL	174	11	15	    1.00	0	    1.00	0	3	  846.52	-3	5	NULL
real	EL	175	11	-15	   -1.00	0	    1.00	1	6	  754.96	-3	7	NULL
real	HR	176	11	15	    1.00	0	    1.00	1	5	  723.85	-3	5	NULL
real	HL	177	12	15	    2.00	0	    1.00	0	3	 1172.37	-3	5	NULL
real	EL	178	12	-15	    0.00	0	    1.00	0	6	 1243.41	-3	7	NULL
real	AR	179	12	-15	    0.00	1	   -1.00	0	6	  947.04	-6	7	NULL
real	AL	180	12	-15	    0.00	0	    1.00	1	6	  722.49	-6	7	NULL
real	GL	181	12	15	    1.00	0	    1.00	0	4	  957.52	-3	7	NULL
real	DL	182	12	15	    2.00	0	    1.00	0	8	  820.25	-6	5	NULL
real	FL	183	12	-15	   -2.00	0	    1.00	1	6	 1018.87	-3	5	NULL
real	DR	184	12	15	    0.00	0	    1.00	1	5	  566.15	-6	5	NULL
real	CR	185	12	15	    0.00	0	    1.00	1	5	  469.66	-6	7	NULL
real	HR	186	12	15	    2.00	1	   -1.00	1	6	  546.70	-3	5	NULL
real	CL	187	12	15	    2.00	0	    1.00	0	8	 1406.63	-6	7	NULL
real	BL	188	12	-15	    0.00	0	    1.00	0	6	  548.73	-6	5	NULL
real	FR	189	12	-15	    0.00	0	    1.00	1	7	  617.13	-3	5	NULL
real	ER	190	12	-15	   -1.00	0	    1.00	0	5	 1185.64	-3	7	NULL
real	BR	191	12	-15	    1.00	1	   -1.00	1	4	 2207.03	-6	5	NULL
real	GR	192	12	15	    1.00	0	    1.00	1	7	  720.32	-3	7	NULL
real	AL	193	13	-15	    1.00	1	   -1.00	1	7	 1851.07	-6	7	NULL
real	FR	194	13	-15	    1.00	0	    1.00	0	7	 1346.21	-3	5	NULL
real	BL	195	13	-15	    1.00	1	   -1.00	1	7	 1172.48	-6	5	NULL
real	GL	196	13	15	    2.00	1	   -1.00	1	5	 1485.42	-3	7	NULL
real	GR	197	13	15	    2.00	1	   -1.00	1	8	 2497.73	-3	7	NULL
real	HL	198	13	15	    3.00	1	   -1.00	1	4	 1379.34	-3	5	NULL
real	BR	199	13	-15	    0.00	0	    1.00	1	5	 1873.28	-6	5	NULL
real	CR	200	13	15	    1.00	0	    1.00	0	5	 1507.80	-6	7	NULL
real	AR	201	13	-15	   -1.00	1	   -1.00	0	6	 1143.79	-6	7	NULL
real	HR	202	13	15	    1.00	1	   -1.00	0	6	  924.96	-3	5	NULL
real	DL	203	13	15	    3.00	1	   -1.00	1	9	  581.77	-6	5	NULL
real	CL	204	13	15	    3.00	1	   -1.00	1	9	 1163.62	-6	7	NULL
real	DR	205	13	15	    1.00	0	    1.00	0	5	 1443.21	-6	5	NULL
real	FL	206	13	-15	   -1.00	0	    1.00	0	6	 2681.72	-3	5	NULL
real	ER	207	13	-15	    0.00	1	   -1.00	1	6	  598.11	-3	7	NULL
real	EL	208	13	-15	    1.00	1	   -1.00	1	7	  677.97	-3	7	NULL
real	FL	209	14	-15	    0.00	1	   -1.00	1	7	 1787.11	-3	5	NULL
real	HR	210	14	15	    0.00	0	    1.00	1	7	 1964.24	-3	5	NULL
real	AL	211	14	-15	    0.00	1	   -1.00	0	7	  691.39	-6	7	NULL
real	DL	212	14	15	    2.00	1	   -1.00	0	9	  634.69	-6	5	NULL
real	CL	213	14	15	    2.00	1	   -1.00	0	9	  564.33	-6	7	NULL
real	GR	214	14	15	    1.00	0	    1.00	1	9	  778.13	-3	7	NULL
real	BL	215	14	-15	    0.00	1	   -1.00	0	7	  875.29	-6	5	NULL
real	ER	216	14	-15	   -1.00	0	    1.00	1	7	  782.08	-3	7	NULL
real	DR	217	14	15	    2.00	1	   -1.00	1	6	  540.03	-6	5	NULL
real	FR	218	14	-15	    2.00	1	   -1.00	1	8	 1019.24	-3	5	NULL
real	HL	219	14	15	    2.00	0	    1.00	1	5	 1203.52	-3	5	NULL
real	CR	220	14	15	    2.00	1	   -1.00	1	6	  647.72	-6	7	NULL
real	BR	221	14	-15	    1.00	1	   -1.00	1	6	  681.78	-6	5	NULL
real	GL	222	14	15	    1.00	0	    1.00	1	6	  670.21	-3	7	NULL
real	EL	223	14	-15	    0.00	0	    1.00	1	8	 1330.39	-3	7	NULL
real	AR	224	14	-15	   -2.00	0	    1.00	1	7	  705.30	-6	7	NULL
real	AL	225	15	-15	   -1.00	0	    1.00	1	8	  886.89	-6	7	NULL
real	DL	226	15	15	    1.00	0	    1.00	1	10	  896.09	-6	5	NULL
real	GL	227	15	15	    2.00	0	    1.00	0	6	 1310.29	-3	7	NULL
real	FL	228	15	-15	   -1.00	0	    1.00	1	8	  836.18	-3	5	NULL
real	DR	229	15	15	    1.00	0	    1.00	1	7	  689.37	-6	5	NULL
real	HL	230	15	15	    3.00	1	   -1.00	1	6	  565.10	-3	5	NULL
real	BR	231	15	-15	    0.00	0	    1.00	1	7	  768.08	-6	5	NULL
real	CL	232	15	15	    1.00	0	    1.00	1	10	  827.98	-6	7	NULL
real	EL	233	15	-15	    1.00	1	   -1.00	1	9	  836.27	-3	7	NULL
real	GR	234	15	15	    2.00	0	    1.00	0	9	  815.30	-3	7	NULL
real	FR	235	15	-15	    1.00	0	    1.00	1	9	 1348.25	-3	5	NULL
real	HR	236	15	15	    1.00	0	    1.00	0	7	 1496.08	-3	5	NULL
real	ER	237	15	-15	    0.00	1	   -1.00	1	8	  813.79	-3	7	NULL
real	AR	238	15	-15	   -1.00	1	   -1.00	1	8	  832.09	-6	7	NULL
real	CR	239	15	15	    1.00	1	   -1.00	0	6	  972.70	-6	7	NULL
real	BL	240	15	-15	   -1.00	0	    1.00	1	8	  759.64	-6	5	NULL
real	HR	241	16	15	    2.00	0	    1.00	0	7	 1410.49	-3	5	NULL
real	DR	242	16	15	    2.00	1	   -1.00	1	8	  721.39	-6	5	NULL
real	FR	243	16	-15	    2.00	1	   -1.00	1	10	  646.83	-3	5	NULL
real	GR	244	16	15	    3.00	0	    1.00	0	9	 1523.17	-3	7	NULL
real	AL	245	16	-15	    0.00	0	    1.00	0	8	  594.18	-6	7	NULL
real	GL	246	16	15	    3.00	1	   -1.00	1	7	  869.73	-3	7	NULL
real	FL	247	16	-15	    0.00	0	    1.00	0	8	  647.26	-3	5	NULL
real	HL	248	16	15	    2.00	0	    1.00	1	7	 1231.59	-3	5	NULL
real	ER	249	16	-15	   -1.00	0	    1.00	1	9	  843.92	-3	7	NULL
real	CL	250	16	15	    2.00	1	   -1.00	1	11	 1082.37	-6	7	NULL
real	BR	251	16	-15	    1.00	0	    1.00	0	7	  958.38	-6	5	NULL
real	BL	252	16	-15	    0.00	0	    1.00	0	8	  804.28	-6	5	NULL
real	CR	253	16	15	    0.00	0	    1.00	1	7	  686.57	-6	7	NULL
real	DL	254	16	15	    2.00	1	   -1.00	1	11	  540.23	-6	5	NULL
real	EL	255	16	-15	    0.00	0	    1.00	1	10	  821.42	-3	7	NULL
real	AR	256	16	-15	   -2.00	0	    1.00	1	9	  534.53	-6	7	NULL
real	GR	257	17	15	    4.00	1	   -1.00	1	10	  578.88	-3	7	NULL
real	FR	258	17	-15	    1.00	1	   -1.00	0	10	  633.99	-3	5	NULL
real	DL	259	17	15	    1.00	0	    1.00	1	12	 1441.06	-6	5	NULL
real	GL	260	17	15	    2.00	1	   -1.00	0	7	  713.65	-3	7	NULL
real	CR	261	17	15	    1.00	0	    1.00	0	7	 1881.47	-6	7	NULL
real	DR	262	17	15	    1.00	0	    1.00	1	9	  856.54	-6	5	NULL
real	BR	263	17	-15	    2.00	1	   -1.00	1	8	  647.75	-6	5	NULL
real	AL	264	17	-15	    1.00	0	    1.00	0	8	 1590.66	-6	7	NULL
real	CL	265	17	15	    1.00	1	   -1.00	0	11	 1245.82	-6	7	NULL
real	BL	266	17	-15	    1.00	1	   -1.00	1	9	 1847.97	-6	5	NULL
real	AR	267	17	-15	   -1.00	0	    1.00	0	9	 1324.04	-6	7	NULL
real	FL	268	17	-15	    1.00	1	   -1.00	1	9	  647.10	-3	5	NULL
real	HR	269	17	15	    3.00	1	   -1.00	1	8	  523.97	-3	5	NULL
real	ER	270	17	-15	    0.00	1	   -1.00	1	10	 1030.94	-3	7	NULL
real	EL	271	17	-15	    1.00	1	   -1.00	1	11	  609.23	-3	7	NULL
real	HL	272	17	15	    3.00	1	   -1.00	1	8	  645.62	-3	5	NULL
real	GL	273	18	15	    1.00	1	   -1.00	0	7	  903.70	-3	7	NULL
real	FL	274	18	-15	    0.00	1	   -1.00	0	9	  711.45	-3	5	NULL
real	BR	275	18	-15	    1.00	1	   -1.00	0	8	  651.34	-6	5	NULL
real	BL	276	18	-15	    0.00	0	    1.00	1	10	  714.98	-6	5	NULL
real	CL	277	18	15	    0.00	0	    1.00	1	12	  784.66	-6	7	NULL
real	EL	278	18	-15	    0.00	1	   -1.00	0	11	  603.11	-3	7	NULL
real	GR	279	18	15	    3.00	1	   -1.00	0	10	  584.69	-3	7	NULL
real	ER	280	18	-15	   -1.00	0	    1.00	1	11	  870.91	-3	7	NULL
real	AR	281	18	-15	    0.00	1	   -1.00	1	10	  621.66	-6	7	NULL
real	CR	282	18	15	    2.00	1	   -1.00	1	8	  558.13	-6	7	NULL
real	DR	283	18	15	    2.00	0	    1.00	0	9	 1141.35	-6	5	NULL
real	AL	284	18	-15	    2.00	1	   -1.00	1	9	  757.40	-6	7	NULL
real	HR	285	18	15	    2.00	0	    1.00	1	9	  963.32	-3	5	NULL
real	FR	286	18	-15	    0.00	0	    1.00	1	11	 1694.90	-3	5	NULL
real	HL	287	18	15	    2.00	1	   -1.00	0	8	 1536.38	-3	5	NULL
real	FL	288	19	-15	   -1.00	0	    1.00	1	10	 1242.37	-3	5	NULL
real	GL	289	19	15	    0.00	0	    1.00	1	8	 1069.50	-3	7	NULL
real	HL	290	19	15	    1.00	0	    1.00	1	9	  563.11	-3	5	NULL
real	CR	291	19	15	    1.00	0	    1.00	1	9	  727.42	-6	7	NULL
real	FR	292	19	-15	    1.00	0	    1.00	0	11	 1300.74	-3	5	NULL
real	EL	293	19	-15	   -1.00	0	    1.00	1	12	  660.29	-3	7	NULL
real	GR	294	19	15	    2.00	1	   -1.00	0	10	  877.68	-3	7	NULL
real	BR	295	19	-15	    0.00	0	    1.00	1	9	  773.00	-6	5	NULL
real	AL	296	19	-15	    1.00	1	   -1.00	0	9	  931.30	-6	7	NULL
real	DR	297	19	15	    3.00	1	   -1.00	1	10	  653.03	-6	5	NULL
real	HR	298	19	15	    3.00	1	   -1.00	1	10	  670.95	-3	5	NULL
real	AR	299	19	-15	   -1.00	0	    1.00	1	11	  527.51	-6	7	NULL
real	BL	300	19	-15	    1.00	1	   -1.00	1	11	  865.08	-6	5	NULL
real	ER	301	19	-15	    0.00	0	    1.00	0	11	  800.48	-3	7	NULL
real	ER	302	20	-15	    1.00	1	   -1.00	1	12	  709.23	-3	7	NULL
real	GL	303	20	15	    1.00	0	    1.00	0	8	  656.94	-3	7	NULL
real	AL	304	20	-15	    0.00	1	   -1.00	0	9	 1137.63	-6	7	NULL
real	HR	305	20	15	    2.00	0	    1.00	1	11	  794.67	-3	5	NULL
real	BL	306	20	-15	    0.00	0	    1.00	1	12	  514.86	-6	5	NULL
real	BR	307	20	-15	    1.00	1	   -1.00	1	10	  628.03	-6	5	NULL
real	HL	308	20	15	    2.00	0	    1.00	0	9	  574.88	-3	5	NULL
real	DR	309	20	15	    2.00	1	   -1.00	0	10	  968.69	-6	5	NULL
real	AR	310	20	-15	    0.00	0	    1.00	0	11	  708.37	-6	7	NULL
real	CR	311	20	15	    2.00	1	   -1.00	1	10	  562.54	-6	7	NULL
real	GR	312	20	15	    1.00	1	   -1.00	0	10	  616.08	-3	7	NULL
real	FR	313	20	-15	    2.00	1	   -1.00	1	12	  597.06	-3	5	NULL
real	FL	314	20	-15	    0.00	0	    1.00	0	10	  567.18	-3	5	NULL
real	DR	315	21	15	    1.00	0	    1.00	1	11	  883.45	-6	5	NULL
real	CR	316	21	15	    1.00	0	    1.00	1	11	  758.75	-6	7	NULL
real	HR	317	21	15	    3.00	1	   -1.00	1	12	  804.45	-3	5	NULL
real	GL	318	21	15	    2.00	0	    1.00	0	8	  936.22	-3	7	NULL
real	HL	319	21	15	    3.00	1	   -1.00	1	10	  451.14	-3	5	NULL
real	AR	320	21	-15	    1.00	1	   -1.00	1	12	  659.47	-6	7	NULL
real	BR	321	21	-15	    0.00	0	    1.00	1	11	  695.03	-6	5	NULL
real	FL	322	21	-15	    1.00	1	   -1.00	1	11	  680.69	-3	5	NULL
real	GR	323	21	15	    0.00	0	    1.00	1	11	  642.31	-3	7	NULL
real	AL	324	21	-15	   -1.00	1	   -1.00	0	9	  874.79	-6	7	NULL
real	GL	325	22	15	    3.00	1	   -1.00	1	9	  637.99	-3	7	NULL
real	AL	326	22	-15	   -2.00	0	    1.00	1	10	  572.99	-6	7	NULL
real	HL	327	22	15	    2.00	1	   -1.00	0	10	  638.50	-3	5	NULL
real	FL	328	22	-15	    0.00	1	   -1.00	0	11	  603.78	-3	5	NULL
real	DR	329	22	15	    2.00	0	    1.00	0	11	  859.30	-6	5	NULL
real	GR	330	22	15	    1.00	0	    1.00	0	11	  693.88	-3	7	NULL
real	BR	331	22	-15	    1.00	1	   -1.00	1	12	  592.09	-6	5	NULL
real	CR	332	22	15	    2.00	1	   -1.00	1	12	 1702.22	-6	7	NULL
real	GR	333	23	15	    2.00	0	    1.00	0	11	  970.25	-3	7	NULL
real	HL	334	23	15	    1.00	0	    1.00	1	11	  626.07	-3	5	NULL
real	AL	335	23	-15	   -1.00	0	    1.00	0	10	  852.69	-6	7	NULL
real	GL	336	23	15	    2.00	0	    1.00	1	10	  629.45	-3	7	NULL
real	FL	337	23	-15	   -1.00	0	    1.00	1	12	  623.86	-3	5	NULL
real	DR	338	23	15	    3.00	1	   -1.00	1	12	  599.66	-6	5	NULL
real	GL	339	24	15	    3.00	1	   -1.00	1	11	  611.55	-3	7	NULL
real	HL	340	24	15	    2.00	0	    1.00	0	11	  638.22	-3	5	NULL
real	AL	341	24	-15	    0.00	0	    1.00	0	10	  475.41	-6	7	NULL
real	GR	342	24	15	    3.00	1	   -1.00	1	12	  649.19	-3	7	NULL
real	AL	343	25	-15	    1.00	0	    1.00	0	10	  600.25	-6	7	NULL
real	GL	344	25	15	    2.00	0	    1.00	1	12	  675.31	-3	7	NULL
real	HL	345	25	15	    3.00	1	   -1.00	1	12	  819.76	-3	5	NULL
real	AL	346	26	-15	    2.00	1	   -1.00	1	11	  748.70	-6	7	NULL
real	AL	347	27	-15	    1.00	1	   -1.00	0	11	 1486.58	-6	7	NULL
real	AL	348	28	-15	    0.00	0	    1.00	1	12	  998.65	-6	7	NULL
