TRIAL_TYPE	trial_variant	TRIAL_NUMBER	TRIAL_ITERATION_VAL	frame_tilt	rod_tilt	response	step_size	reversal	reversal_num	RT	probe_del	alpha_entrain_refreshes	rod_tilt_val
real	CL	1	1	15	  -20.00	0	    8.00	0	0	 5869.20	-6	7	NULL
real	FR	2	1	-15	   20.00	1	   -8.00	0	0	 1716.67	-3	5	NULL
real	DR	3	1	15	   20.00	1	   -8.00	0	0	  972.94	-6	5	NULL
real	EL	4	1	-15	  -20.00	0	    8.00	0	0	 1044.44	-3	7	NULL
real	GL	5	1	15	  -20.00	0	    8.00	0	0	  883.80	-3	7	NULL
real	ER	6	1	-15	   20.00	1	   -8.00	0	0	 1151.44	-3	7	NULL
real	CR	7	1	15	   20.00	1	   -8.00	0	0	  774.41	-6	7	NULL
real	FL	8	1	-15	  -20.00	0	    8.00	0	0	  929.60	-3	5	NULL
real	AR	9	1	-15	   20.00	1	   -8.00	0	0	  807.52	-6	7	NULL
real	GR	10	1	15	   20.00	1	   -8.00	0	0	  969.85	-3	7	NULL
real	HR	11	1	15	   20.00	1	   -8.00	0	0	  591.88	-3	5	NULL
real	AL	12	1	-15	  -20.00	0	    8.00	0	0	  850.50	-6	7	NULL
real	DL	13	1	15	  -20.00	0	    8.00	0	0	  669.83	-6	5	NULL
real	HL	14	1	15	  -20.00	0	    8.00	0	0	  575.26	-3	5	NULL
real	BR	15	1	-15	   20.00	1	   -8.00	0	0	  737.33	-6	5	NULL
real	BL	16	1	-15	  -20.00	0	    8.00	0	0	  913.35	-6	5	NULL
real	HL	17	2	15	  -12.00	0	    8.00	0	0	  889.03	-3	5	NULL
real	CR	18	2	15	   12.00	1	   -8.00	0	0	  905.08	-6	7	NULL
real	DR	19	2	15	   12.00	1	   -8.00	0	0	  753.23	-6	5	NULL
real	FR	20	2	-15	   12.00	1	   -8.00	0	0	  660.65	-3	5	NULL
real	GL	21	2	15	  -12.00	0	    8.00	0	0	  677.45	-3	7	NULL
real	AR	22	2	-15	   12.00	1	   -8.00	0	0	  769.56	-6	7	NULL
real	ER	23	2	-15	   12.00	1	   -8.00	0	0	  552.34	-3	7	NULL
real	BL	24	2	-15	  -12.00	0	    8.00	0	0	  731.53	-6	5	NULL
real	EL	25	2	-15	  -12.00	0	    8.00	0	0	  811.68	-3	7	NULL
real	FL	26	2	-15	  -12.00	0	    8.00	0	0	  632.38	-3	5	NULL
real	HR	27	2	15	   12.00	1	   -8.00	0	0	  469.43	-3	5	NULL
real	BR	28	2	-15	   12.00	1	   -8.00	0	0	  550.41	-6	5	NULL
real	DL	29	2	15	  -12.00	0	    8.00	0	0	  570.28	-6	5	NULL
real	CL	30	2	15	  -12.00	0	    8.00	0	0	  567.05	-6	7	NULL
real	GR	31	2	15	   12.00	1	   -8.00	0	0	  561.92	-3	7	NULL
real	AL	32	2	-15	  -12.00	0	    8.00	0	0	  451.70	-6	7	NULL
real	AR	33	3	-15	    4.00	1	   -8.00	0	0	  429.07	-6	7	NULL
real	EL	34	3	-15	   -4.00	1	   -4.00	1	1	  704.90	-3	7	NULL
real	ER	35	3	-15	    4.00	1	   -8.00	0	0	  543.85	-3	7	NULL
real	HR	36	3	15	    4.00	0	    4.00	1	1	  763.06	-3	5	NULL
real	DR	37	3	15	    4.00	1	   -8.00	0	0	  570.48	-6	5	NULL
real	GL	38	3	15	   -4.00	0	    8.00	0	0	  628.58	-3	7	NULL
real	FL	39	3	-15	   -4.00	1	   -4.00	1	1	  682.91	-3	5	NULL
real	FR	40	3	-15	    4.00	1	   -8.00	0	0	  575.01	-3	5	NULL
real	HL	41	3	15	   -4.00	0	    8.00	0	0	  479.76	-3	5	NULL
real	BL	42	3	-15	   -4.00	1	   -4.00	1	1	 1200.33	-6	5	NULL
real	BR	43	3	-15	    4.00	1	   -8.00	0	0	  629.42	-6	5	NULL
real	DL	44	3	15	   -4.00	0	    8.00	0	0	  709.74	-6	5	NULL
real	CL	45	3	15	   -4.00	0	    8.00	0	0	  605.96	-6	7	NULL
real	CR	46	3	15	    4.00	1	   -8.00	0	0	  522.14	-6	7	NULL
real	AL	47	3	-15	   -4.00	1	   -4.00	1	1	 1017.58	-6	7	NULL
real	GR	48	3	15	    4.00	1	   -8.00	0	0	 1509.31	-3	7	NULL
real	DL	49	4	15	    4.00	1	   -4.00	1	1	  665.37	-6	5	NULL
real	DR	50	4	15	   -4.00	0	    4.00	1	1	  938.82	-6	5	NULL
real	BR	51	4	-15	   -4.00	1	   -8.00	0	0	 1176.15	-6	5	NULL
real	FR	52	4	-15	   -4.00	1	   -8.00	0	0	  840.91	-3	5	NULL
real	AR	53	4	-15	   -4.00	0	    4.00	1	1	  705.66	-6	7	NULL
real	HL	54	4	15	    4.00	1	   -4.00	1	1	  615.07	-3	5	NULL
real	BL	55	4	-15	   -8.00	0	    2.00	1	2	  610.30	-6	5	NULL
real	CL	56	4	15	    4.00	1	   -4.00	1	1	  509.67	-6	7	NULL
real	EL	57	4	-15	   -8.00	0	    2.00	1	2	  702.94	-3	7	NULL
real	GL	58	4	15	    4.00	1	   -4.00	1	1	  410.06	-3	7	NULL
real	GR	59	4	15	   -4.00	0	    4.00	1	1	  559.77	-3	7	NULL
real	HR	60	4	15	    8.00	1	   -2.00	1	2	  480.94	-3	5	NULL
real	FL	61	4	-15	   -8.00	0	    2.00	1	2	  536.32	-3	5	NULL
real	CR	62	4	15	   -4.00	0	    4.00	1	1	  620.94	-6	7	NULL
real	AL	63	4	-15	   -8.00	0	    2.00	1	2	 1014.99	-6	7	NULL
real	ER	64	4	-15	   -4.00	1	   -8.00	0	0	  931.89	-3	7	NULL
real	FR	65	5	-15	  -12.00	0	    4.00	1	1	  549.97	-3	5	NULL
real	CL	66	5	15	    0.00	1	   -4.00	0	1	  847.95	-6	7	NULL
real	GL	67	5	15	    0.00	0	    2.00	1	2	 3542.76	-3	7	NULL
real	AR	68	5	-15	    0.00	1	   -2.00	1	2	  836.69	-6	7	NULL
real	BL	69	5	-15	   -6.00	0	    2.00	0	2	  751.88	-6	5	NULL
real	DL	70	5	15	    0.00	1	   -4.00	0	1	 1004.60	-6	5	NULL
real	HR	71	5	15	    6.00	1	   -2.00	0	2	  577.33	-3	5	NULL
real	AL	72	5	-15	   -6.00	0	    2.00	0	2	  749.87	-6	7	NULL
real	HL	73	5	15	    0.00	0	    2.00	1	2	 2583.46	-3	5	NULL
real	DR	74	5	15	    0.00	0	    4.00	0	1	 2197.19	-6	5	NULL
real	GR	75	5	15	    0.00	0	    4.00	0	1	 1613.56	-3	7	NULL
real	ER	76	5	-15	  -12.00	0	    4.00	1	1	  685.12	-3	7	NULL
real	FL	77	5	-15	   -6.00	1	   -1.00	1	3	 1090.16	-3	5	NULL
real	CR	78	5	15	    0.00	1	   -2.00	1	2	  986.07	-6	7	NULL
real	EL	79	5	-15	   -6.00	1	   -1.00	1	3	  860.09	-3	7	NULL
real	BR	80	5	-15	  -12.00	0	    4.00	1	1	  796.51	-6	5	NULL
real	DR	81	6	15	    4.00	1	   -2.00	1	2	  524.11	-6	5	NULL
real	GR	82	6	15	    4.00	1	   -2.00	1	2	  603.88	-3	7	NULL
real	BL	83	6	-15	   -4.00	1	   -1.00	1	3	 2223.15	-6	5	NULL
real	HR	84	6	15	    4.00	1	   -2.00	0	2	  663.77	-3	5	NULL
real	HL	85	6	15	    2.00	1	   -1.00	1	3	 1068.47	-3	5	NULL
real	DL	86	6	15	   -4.00	0	    2.00	1	2	  548.67	-6	5	NULL
real	BR	87	6	-15	   -8.00	0	    4.00	0	1	  728.19	-6	5	NULL
real	CR	88	6	15	   -2.00	0	    1.00	1	3	  672.83	-6	7	NULL
real	EL	89	6	-15	   -7.00	0	    1.00	1	4	  908.42	-3	7	NULL
real	AR	90	6	-15	   -2.00	1	   -2.00	0	2	  632.75	-6	7	NULL
real	FL	91	6	-15	   -7.00	0	    1.00	1	4	  918.73	-3	5	NULL
real	ER	92	6	-15	   -8.00	0	    4.00	0	1	  782.60	-3	7	NULL
real	AL	93	6	-15	   -4.00	1	   -1.00	1	3	  929.61	-6	7	NULL
real	CL	94	6	15	   -4.00	0	    2.00	1	2	  785.34	-6	7	NULL
real	FR	95	6	-15	   -8.00	0	    4.00	0	1	  963.55	-3	5	NULL
real	GL	96	6	15	    2.00	1	   -1.00	1	3	 1008.24	-3	7	NULL
real	GR	97	7	15	    2.00	1	   -2.00	0	2	  577.47	-3	7	NULL
real	HL	98	7	15	    1.00	1	   -1.00	0	3	  836.53	-3	5	NULL
real	CR	99	7	15	   -1.00	1	   -1.00	1	4	  971.94	-6	7	NULL
real	FR	100	7	-15	   -4.00	1	   -2.00	1	2	  681.50	-3	5	NULL
real	BL	101	7	-15	   -5.00	0	    1.00	1	4	  658.89	-6	5	NULL
real	HR	102	7	15	    2.00	1	   -2.00	0	2	  643.37	-3	5	NULL
real	DL	103	7	15	   -2.00	0	    2.00	0	2	  599.99	-6	5	NULL
real	AR	104	7	-15	   -4.00	1	   -2.00	0	2	  771.81	-6	7	NULL
real	AL	105	7	-15	   -5.00	0	    1.00	1	4	  691.49	-6	7	NULL
real	BR	106	7	-15	   -4.00	1	   -2.00	1	2	  745.76	-6	5	NULL
real	ER	107	7	-15	   -4.00	1	   -2.00	1	2	  611.47	-3	7	NULL
real	FL	108	7	-15	   -6.00	1	   -1.00	1	5	 1172.76	-3	5	NULL
real	GL	109	7	15	    1.00	1	   -1.00	0	3	 1037.47	-3	7	NULL
real	CL	110	7	15	   -2.00	0	    2.00	0	2	  620.71	-6	7	NULL
real	EL	111	7	-15	   -6.00	1	   -1.00	1	5	 1263.18	-3	7	NULL
real	DR	112	7	15	    2.00	1	   -2.00	0	2	  546.81	-6	5	NULL
real	EL	113	8	-15	   -7.00	0	    1.00	1	6	  597.33	-3	7	NULL
real	CR	114	8	15	   -2.00	0	    1.00	1	5	  671.57	-6	7	NULL
real	BR	115	8	-15	   -6.00	0	    1.00	1	3	  566.25	-6	5	NULL
real	DL	116	8	15	    0.00	1	   -1.00	1	3	  645.72	-6	5	NULL
real	BL	117	8	-15	   -4.00	1	   -1.00	1	5	  786.89	-6	5	NULL
real	AR	118	8	-15	   -6.00	0	    1.00	1	3	  694.94	-6	7	NULL
real	FL	119	8	-15	   -7.00	1	   -1.00	0	5	  814.18	-3	5	NULL
real	AL	120	8	-15	   -4.00	1	   -1.00	1	5	  768.17	-6	7	NULL
real	ER	121	8	-15	   -6.00	1	   -2.00	0	2	  773.77	-3	7	NULL
real	DR	122	8	15	    0.00	1	   -2.00	0	2	  610.60	-6	5	NULL
real	CL	123	8	15	    0.00	1	   -1.00	1	3	  720.60	-6	7	NULL
real	GL	124	8	15	    0.00	0	    1.00	1	4	  753.17	-3	7	NULL
real	FR	125	8	-15	   -6.00	0	    1.00	1	3	  771.15	-3	5	NULL
real	HL	126	8	15	    0.00	0	    1.00	1	4	  692.83	-3	5	NULL
real	HR	127	8	15	    0.00	1	   -2.00	0	2	 1023.45	-3	5	NULL
real	GR	128	8	15	    0.00	0	    1.00	1	3	  620.98	-3	7	NULL
real	AR	129	9	-15	   -5.00	1	   -1.00	1	4	 1507.97	-6	7	NULL
real	CL	130	9	15	   -1.00	0	    1.00	1	4	  727.83	-6	7	NULL
real	DL	131	9	15	   -1.00	1	   -1.00	0	3	  869.64	-6	5	NULL
real	FR	132	9	-15	   -5.00	1	   -1.00	1	4	  775.95	-3	5	NULL
real	HL	133	9	15	    1.00	1	   -1.00	1	5	  753.55	-3	5	NULL
real	ER	134	9	-15	   -8.00	0	    1.00	1	3	  688.33	-3	7	NULL
real	FL	135	9	-15	   -8.00	0	    1.00	1	6	  599.78	-3	5	NULL
real	BL	136	9	-15	   -5.00	0	    1.00	1	6	  634.23	-6	5	NULL
real	CR	137	9	15	   -1.00	1	   -1.00	1	6	  736.00	-6	7	NULL
real	EL	138	9	-15	   -6.00	1	   -1.00	1	7	 1037.53	-3	7	NULL
real	DR	139	9	15	   -2.00	0	    1.00	1	3	  772.50	-6	5	NULL
real	HR	140	9	15	   -2.00	0	    1.00	1	3	  660.21	-3	5	NULL
real	AL	141	9	-15	   -5.00	0	    1.00	1	6	  499.13	-6	7	NULL
real	GL	142	9	15	    1.00	1	   -1.00	1	5	  573.74	-3	7	NULL
real	GR	143	9	15	    1.00	1	   -1.00	1	4	  509.02	-3	7	NULL
real	BR	144	9	-15	   -5.00	0	    1.00	0	3	  626.97	-6	5	NULL
real	BR	145	10	-15	   -4.00	1	   -1.00	1	4	 1079.82	-6	5	NULL
real	DL	146	10	15	   -2.00	0	    1.00	1	4	  605.52	-6	5	NULL
real	BL	147	10	-15	   -4.00	1	   -1.00	1	7	  685.51	-6	5	NULL
real	AR	148	10	-15	   -6.00	0	    1.00	1	5	  602.91	-6	7	NULL
real	HL	149	10	15	    0.00	1	   -1.00	0	5	  784.26	-3	5	NULL
real	DR	150	10	15	   -1.00	1	   -1.00	1	4	  873.55	-6	5	NULL
real	GR	151	10	15	    0.00	1	   -1.00	0	4	  909.41	-3	7	NULL
real	GL	152	10	15	    0.00	1	   -1.00	0	5	  778.59	-3	7	NULL
real	CR	153	10	15	   -2.00	0	    1.00	1	7	  632.95	-6	7	NULL
real	ER	154	10	-15	   -7.00	0	    1.00	0	3	  715.55	-3	7	NULL
real	AL	155	10	-15	   -4.00	0	    1.00	0	6	  696.01	-6	7	NULL
real	FL	156	10	-15	   -7.00	0	    1.00	0	6	  492.07	-3	5	NULL
real	CL	157	10	15	    0.00	1	   -1.00	1	5	  475.04	-6	7	NULL
real	EL	158	10	-15	   -7.00	0	    1.00	1	8	  581.50	-3	7	NULL
real	FR	159	10	-15	   -6.00	0	    1.00	1	5	  681.56	-3	5	NULL
real	HR	160	10	15	   -1.00	0	    1.00	0	3	  725.13	-3	5	NULL
real	AL	161	11	-15	   -3.00	1	   -1.00	1	7	  547.89	-6	7	NULL
real	FR	162	11	-15	   -5.00	1	   -1.00	1	6	  642.14	-3	5	NULL
real	CL	163	11	15	   -1.00	1	   -1.00	0	5	  991.48	-6	7	NULL
real	BL	164	11	-15	   -5.00	0	    1.00	1	8	  560.08	-6	5	NULL
real	FL	165	11	-15	   -6.00	0	    1.00	0	6	  614.89	-3	5	NULL
real	DR	166	11	15	   -2.00	1	   -1.00	0	4	  547.44	-6	5	NULL
real	GR	167	11	15	   -1.00	0	    1.00	1	5	  645.08	-3	7	NULL
real	DL	168	11	15	   -1.00	1	   -1.00	1	5	  696.04	-6	5	NULL
real	EL	169	11	-15	   -6.00	0	    1.00	0	8	  825.00	-3	7	NULL
real	GL	170	11	15	   -1.00	0	    1.00	1	6	  680.02	-3	7	NULL
real	CR	171	11	15	   -1.00	1	   -1.00	1	8	  810.12	-6	7	NULL
real	AR	172	11	-15	   -5.00	0	    1.00	0	5	  725.67	-6	7	NULL
real	BR	173	11	-15	   -5.00	0	    1.00	1	5	  672.90	-6	5	NULL
real	ER	174	11	-15	   -6.00	0	    1.00	0	3	  765.53	-3	7	NULL
real	HL	175	11	15	   -1.00	0	    1.00	1	6	  609.92	-3	5	NULL
real	HR	176	11	15	    0.00	1	   -1.00	1	4	  697.41	-3	5	NULL
real	AL	177	12	-15	   -4.00	1	   -1.00	0	7	 1089.15	-6	7	NULL
real	DL	178	12	15	   -2.00	0	    1.00	1	6	  584.60	-6	5	NULL
real	BL	179	12	-15	   -4.00	0	    1.00	0	8	  704.92	-6	5	NULL
real	EL	180	12	-15	   -5.00	1	   -1.00	1	9	  783.31	-3	7	NULL
real	GR	181	12	15	    0.00	1	   -1.00	1	6	  618.51	-3	7	NULL
real	HR	182	12	15	   -1.00	0	    1.00	1	5	  621.85	-3	5	NULL
real	BR	183	12	-15	   -4.00	1	   -1.00	1	6	  667.84	-6	5	NULL
real	GL	184	12	15	    0.00	1	   -1.00	1	7	  653.27	-3	7	NULL
real	ER	185	12	-15	   -5.00	0	    1.00	0	3	  624.21	-3	7	NULL
real	CR	186	12	15	   -2.00	0	    1.00	1	9	  686.42	-6	7	NULL
real	AR	187	12	-15	   -4.00	1	   -1.00	1	6	  926.32	-6	7	NULL
real	CL	188	12	15	   -2.00	0	    1.00	1	6	  729.33	-6	7	NULL
real	HL	189	12	15	    0.00	1	   -1.00	1	7	  816.57	-3	5	NULL
real	FL	190	12	-15	   -5.00	1	   -1.00	1	7	  597.42	-3	5	NULL
real	FR	191	12	-15	   -6.00	1	   -1.00	0	6	  676.46	-3	5	NULL
real	DR	192	12	15	   -3.00	0	    1.00	1	5	  623.55	-6	5	NULL
real	HR	193	13	15	    0.00	1	   -1.00	1	6	  532.91	-3	5	NULL
real	DL	194	13	15	   -1.00	0	    1.00	0	6	  711.86	-6	5	NULL
real	HL	195	13	15	   -1.00	0	    1.00	1	8	  816.62	-3	5	NULL
real	GR	196	13	15	   -1.00	0	    1.00	1	7	  742.91	-3	7	NULL
real	CL	197	13	15	   -1.00	1	   -1.00	1	7	  666.20	-6	7	NULL
real	AL	198	13	-15	   -5.00	0	    1.00	1	8	  475.09	-6	7	NULL
real	DR	199	13	15	   -2.00	0	    1.00	0	5	  711.23	-6	5	NULL
real	AR	200	13	-15	   -5.00	0	    1.00	1	7	  668.69	-6	7	NULL
real	BL	201	13	-15	   -3.00	1	   -1.00	1	9	  707.16	-6	5	NULL
real	GL	202	13	15	   -1.00	0	    1.00	1	8	  784.15	-3	7	NULL
real	FR	203	13	-15	   -7.00	0	    1.00	1	7	  518.99	-3	5	NULL
real	BR	204	13	-15	   -5.00	0	    1.00	1	7	  528.75	-6	5	NULL
real	FL	205	13	-15	   -6.00	0	    1.00	1	8	  471.96	-3	5	NULL
real	ER	206	13	-15	   -4.00	1	   -1.00	1	4	  577.36	-3	7	NULL
real	EL	207	13	-15	   -6.00	1	   -1.00	0	9	  869.70	-3	7	NULL
real	CR	208	13	15	   -1.00	1	   -1.00	1	10	  650.55	-6	7	NULL
real	DL	209	14	15	    0.00	1	   -1.00	1	7	  631.36	-6	5	NULL
real	AL	210	14	-15	   -4.00	1	   -1.00	1	9	  759.16	-6	7	NULL
real	CL	211	14	15	   -2.00	0	    1.00	1	8	  965.31	-6	7	NULL
real	ER	212	14	-15	   -5.00	1	   -1.00	0	4	  740.89	-3	7	NULL
real	CR	213	14	15	   -2.00	1	   -1.00	0	10	  702.13	-6	7	NULL
real	GR	214	14	15	    0.00	0	    1.00	0	7	  690.64	-3	7	NULL
real	FR	215	14	-15	   -6.00	0	    1.00	0	7	  651.60	-3	5	NULL
real	FL	216	14	-15	   -5.00	1	   -1.00	1	9	  706.17	-3	5	NULL
real	BL	217	14	-15	   -4.00	0	    1.00	1	10	  655.19	-6	5	NULL
real	BR	218	14	-15	   -4.00	1	   -1.00	1	8	  750.11	-6	5	NULL
real	GL	219	14	15	    0.00	0	    1.00	0	8	  963.36	-3	7	NULL
real	HR	220	14	15	   -1.00	1	   -1.00	0	6	  880.65	-3	5	NULL
real	AR	221	14	-15	   -4.00	0	    1.00	0	7	  533.86	-6	7	NULL
real	EL	222	14	-15	   -7.00	0	    1.00	1	10	  513.13	-3	7	NULL
real	HL	223	14	15	    0.00	1	   -1.00	1	9	  869.84	-3	5	NULL
real	DR	224	14	15	   -1.00	0	    1.00	0	5	  725.96	-6	5	NULL
real	ER	225	15	-15	   -6.00	0	    1.00	1	5	  494.22	-3	7	NULL
real	BR	226	15	-15	   -5.00	0	    1.00	1	9	  501.83	-6	5	NULL
real	AL	227	15	-15	   -5.00	0	    1.00	1	10	  598.20	-6	7	NULL
real	DR	228	15	15	    0.00	1	   -1.00	1	6	  552.46	-6	5	NULL
real	FL	229	15	-15	   -6.00	1	   -1.00	0	9	  770.48	-3	5	NULL
real	GR	230	15	15	    1.00	1	   -1.00	1	8	  658.57	-3	7	NULL
real	GL	231	15	15	    1.00	1	   -1.00	1	9	  627.57	-3	7	NULL
real	EL	232	15	-15	   -6.00	0	    1.00	0	10	  555.12	-3	7	NULL
real	HR	233	15	15	   -2.00	0	    1.00	1	7	  814.25	-3	5	NULL
real	FR	234	15	-15	   -5.00	1	   -1.00	1	8	  794.51	-3	5	NULL
real	CR	235	15	15	   -3.00	0	    1.00	1	11	  593.53	-6	7	NULL
real	AR	236	15	-15	   -3.00	1	   -1.00	1	8	  614.80	-6	7	NULL
real	DL	237	15	15	   -1.00	1	   -1.00	0	7	  560.01	-6	5	NULL
real	CL	238	15	15	   -1.00	1	   -1.00	1	9	  872.29	-6	7	NULL
real	BL	239	15	-15	   -3.00	0	    1.00	0	10	 1094.14	-6	5	NULL
real	HL	240	15	15	   -1.00	0	    1.00	1	10	  835.56	-3	5	NULL
real	ER	241	16	-15	   -5.00	0	    1.00	0	5	 2417.83	-3	7	NULL
real	FL	242	16	-15	   -7.00	0	    1.00	1	10	  750.38	-3	5	NULL
real	HR	243	16	15	   -1.00	1	   -1.00	1	8	  709.52	-3	5	NULL
real	BR	244	16	-15	   -4.00	1	   -1.00	1	10	  956.94	-6	5	NULL
real	DL	245	16	15	   -2.00	0	    1.00	1	8	  607.11	-6	5	NULL
real	FR	246	16	-15	   -6.00	0	    1.00	1	9	  553.17	-3	5	NULL
real	AL	247	16	-15	   -4.00	1	   -1.00	1	11	  647.56	-6	7	NULL
real	CL	248	16	15	   -2.00	1	   -1.00	0	9	  611.53	-6	7	NULL
real	AR	249	16	-15	   -4.00	0	    1.00	1	9	  671.25	-6	7	NULL
real	CR	250	16	15	   -2.00	0	    1.00	0	11	  531.76	-6	7	NULL
real	BL	251	16	-15	   -2.00	1	   -1.00	1	11	  560.10	-6	5	NULL
real	HL	252	16	15	    0.00	1	   -1.00	1	11	  649.18	-3	5	NULL
real	EL	253	16	-15	   -5.00	1	   -1.00	1	11	  601.36	-3	7	NULL
real	GL	254	16	15	    0.00	1	   -1.00	0	9	  617.87	-3	7	NULL
real	GR	255	16	15	    0.00	1	   -1.00	0	8	 1334.38	-3	7	NULL
real	DR	256	16	15	   -1.00	0	    1.00	1	7	  784.98	-6	5	NULL
real	HR	257	17	15	   -2.00	0	    1.00	1	9	  582.03	-3	5	NULL
real	FR	258	17	-15	   -5.00	0	    1.00	0	9	 4514.03	-3	5	NULL
real	CL	259	17	15	   -3.00	0	    1.00	1	10	  695.15	-6	7	NULL
real	GR	260	17	15	   -1.00	0	    1.00	1	9	 1051.52	-3	7	NULL
real	BL	261	17	-15	   -3.00	0	    1.00	1	12	  904.05	-6	5	NULL
real	CR	262	17	15	   -1.00	0	    1.00	0	11	 1103.54	-6	7	NULL
real	GL	263	17	15	   -1.00	0	    1.00	1	10	  593.31	-3	7	NULL
real	EL	264	17	-15	   -6.00	0	    1.00	1	12	  560.54	-3	7	NULL
real	HL	265	17	15	   -1.00	0	    1.00	1	12	  720.30	-3	5	NULL
real	DR	266	17	15	    0.00	1	   -1.00	1	8	  582.80	-6	5	NULL
real	AR	267	17	-15	   -3.00	1	   -1.00	1	10	  651.84	-6	7	NULL
real	FL	268	17	-15	   -6.00	0	    1.00	0	10	  474.68	-3	5	NULL
real	AL	269	17	-15	   -5.00	0	    1.00	1	12	  480.91	-6	7	NULL
real	DL	270	17	15	   -1.00	1	   -1.00	1	9	  456.85	-6	5	NULL
real	ER	271	17	-15	   -4.00	1	   -1.00	1	6	  556.06	-3	7	NULL
real	BR	272	17	-15	   -5.00	0	    1.00	1	11	  719.62	-6	5	NULL
real	GR	273	18	15	    0.00	0	    1.00	0	9	  978.96	-3	7	NULL
real	DL	274	18	15	   -2.00	0	    1.00	1	10	 1302.59	-6	5	NULL
real	AR	275	18	-15	   -4.00	1	   -1.00	0	10	  708.42	-6	7	NULL
real	CL	276	18	15	   -2.00	1	   -1.00	1	11	  779.55	-6	7	NULL
real	GL	277	18	15	    0.00	1	   -1.00	1	11	  705.75	-3	7	NULL
real	FL	278	18	-15	   -5.00	0	    1.00	0	10	  637.58	-3	5	NULL
real	DR	279	18	15	   -1.00	1	   -1.00	0	8	  697.98	-6	5	NULL
real	CR	280	18	15	    0.00	1	   -1.00	1	12	  649.88	-6	7	NULL
real	ER	281	18	-15	   -5.00	0	    1.00	1	7	 1637.16	-3	7	NULL
real	FR	282	18	-15	   -4.00	1	   -1.00	1	10	  647.09	-3	5	NULL
real	BR	283	18	-15	   -4.00	0	    1.00	0	11	  726.94	-6	5	NULL
real	HR	284	18	15	   -1.00	0	    1.00	0	9	  683.01	-3	5	NULL
real	DR	285	19	15	   -2.00	0	    1.00	1	9	 1103.75	-6	5	NULL
real	GR	286	19	15	    1.00	1	   -1.00	1	10	  877.40	-3	7	NULL
real	AR	287	19	-15	   -5.00	0	    1.00	1	11	  578.04	-6	7	NULL
real	GL	288	19	15	   -1.00	1	   -1.00	0	11	  504.79	-3	7	NULL
real	BR	289	19	-15	   -3.00	1	   -1.00	1	12	 1318.51	-6	5	NULL
real	ER	290	19	-15	   -4.00	0	    1.00	0	7	 1837.47	-3	7	NULL
real	FL	291	19	-15	   -4.00	1	   -1.00	1	11	  749.28	-3	5	NULL
real	CL	292	19	15	   -3.00	0	    1.00	1	12	  698.90	-6	7	NULL
real	FR	293	19	-15	   -5.00	1	   -1.00	0	10	  674.36	-3	5	NULL
real	DL	294	19	15	   -1.00	1	   -1.00	1	11	  551.34	-6	5	NULL
real	HR	295	19	15	    0.00	1	   -1.00	1	10	  892.47	-3	5	NULL
real	FR	296	20	-15	   -6.00	0	    1.00	1	11	  614.46	-3	5	NULL
real	HR	297	20	15	   -1.00	0	    1.00	1	11	 1107.72	-3	5	NULL
real	FL	298	20	-15	   -5.00	0	    1.00	1	12	  582.68	-3	5	NULL
real	DR	299	20	15	   -1.00	1	   -1.00	1	10	  561.35	-6	5	NULL
real	ER	300	20	-15	   -3.00	1	   -1.00	1	8	  585.02	-3	7	NULL
real	DL	301	20	15	   -2.00	1	   -1.00	0	11	  624.23	-6	5	NULL
real	AR	302	20	-15	   -4.00	0	    1.00	0	11	  504.43	-6	7	NULL
real	GR	303	20	15	    0.00	0	    1.00	1	11	  623.41	-3	7	NULL
real	GL	304	20	15	   -2.00	0	    1.00	1	12	  537.93	-3	7	NULL
real	DL	305	21	15	   -3.00	0	    1.00	1	12	  537.79	-6	5	NULL
real	DR	306	21	15	   -2.00	0	    1.00	1	11	  683.75	-6	5	NULL
real	ER	307	21	-15	   -4.00	1	   -1.00	0	8	 1058.69	-3	7	NULL
real	AR	308	21	-15	   -3.00	1	   -1.00	1	12	  647.99	-6	7	NULL
real	GR	309	21	15	    1.00	1	   -1.00	1	12	  539.39	-3	7	NULL
real	FR	310	21	-15	   -5.00	0	    1.00	0	11	  612.35	-3	5	NULL
real	HR	311	21	15	    0.00	1	   -1.00	1	12	  650.19	-3	5	NULL
real	FR	312	22	-15	   -4.00	1	   -1.00	1	12	  508.02	-3	5	NULL
real	ER	313	22	-15	   -5.00	0	    1.00	1	9	  545.34	-3	7	NULL
real	DR	314	22	15	   -1.00	1	   -1.00	1	12	  676.43	-6	5	NULL
real	ER	315	23	-15	   -4.00	1	   -1.00	1	10	  745.23	-3	7	NULL
real	ER	316	24	-15	   -5.00	1	   -1.00	0	10	  551.35	-3	7	NULL
real	ER	317	25	-15	   -6.00	0	    1.00	1	11	  628.19	-3	7	NULL
real	ER	318	26	-15	   -5.00	1	   -1.00	1	12	  614.40	-3	7	NULL
