TRIAL_TYPE	trial_variant	TRIAL_NUMBER	TRIAL_ITERATION_VAL	frame_tilt	rod_tilt	response	step_size	reversal	reversal_num	RT	probe_del	alpha_entrain_refreshes	rod_tilt_val
real	FL	1	1	-15	  -20.00	0	    8.00	0	0	 3796.60	-3	5	NULL
real	BR	2	1	-15	   20.00	1	   -8.00	0	0	  756.47	-6	5	NULL
real	CR	3	1	15	   20.00	1	   -8.00	0	0	  601.76	-6	7	NULL
real	HR	4	1	15	   20.00	1	   -8.00	0	0	  492.75	-3	5	NULL
real	GL	5	1	15	  -20.00	0	    8.00	0	0	  529.94	-3	7	NULL
real	FR	6	1	-15	   20.00	1	   -8.00	0	0	  485.50	-3	5	NULL
real	DR	7	1	15	   20.00	1	   -8.00	0	0	  500.59	-6	5	NULL
real	ER	8	1	-15	   20.00	1	   -8.00	0	0	  432.92	-3	7	NULL
real	AR	9	1	-15	   20.00	1	   -8.00	0	0	  460.32	-6	7	NULL
real	GR	10	1	15	   20.00	1	   -8.00	0	0	  487.72	-3	7	NULL
real	AL	11	1	-15	  -20.00	0	    8.00	0	0	  716.61	-6	7	NULL
real	HL	12	1	15	  -20.00	0	    8.00	0	0	  525.69	-3	5	NULL
real	BL	13	1	-15	  -20.00	0	    8.00	0	0	  494.43	-6	5	NULL
real	EL	14	1	-15	  -20.00	0	    8.00	0	0	  687.62	-3	7	NULL
real	DL	15	1	15	  -20.00	0	    8.00	0	0	  557.38	-6	5	NULL
real	CL	16	1	15	  -20.00	0	    8.00	0	0	  548.50	-6	7	NULL
real	EL	17	2	-15	  -12.00	0	    8.00	0	0	  743.35	-3	7	NULL
real	GL	18	2	15	  -12.00	0	    8.00	0	0	  519.70	-3	7	NULL
real	FR	19	2	-15	   12.00	1	   -8.00	0	0	  569.90	-3	5	NULL
real	DR	20	2	15	   12.00	1	   -8.00	0	0	  468.45	-6	5	NULL
real	ER	21	2	-15	   12.00	1	   -8.00	0	0	  397.02	-3	7	NULL
real	AL	22	2	-15	  -12.00	0	    8.00	0	0	  708.05	-6	7	NULL
real	DL	23	2	15	  -12.00	0	    8.00	0	0	  521.08	-6	5	NULL
real	HR	24	2	15	   12.00	1	   -8.00	0	0	  409.27	-3	5	NULL
real	FL	25	2	-15	  -12.00	0	    8.00	0	0	  616.90	-3	5	NULL
real	HL	26	2	15	  -12.00	0	    8.00	0	0	  460.50	-3	5	NULL
real	BL	27	2	-15	  -12.00	0	    8.00	0	0	  645.44	-6	5	NULL
real	BR	28	2	-15	   12.00	1	   -8.00	0	0	  497.22	-6	5	NULL
real	CR	29	2	15	   12.00	1	   -8.00	0	0	  433.79	-6	7	NULL
real	AR	30	2	-15	   12.00	1	   -8.00	0	0	  359.72	-6	7	NULL
real	CL	31	2	15	  -12.00	0	    8.00	0	0	  517.80	-6	7	NULL
real	GR	32	2	15	   12.00	1	   -8.00	0	0	  366.36	-3	7	NULL
real	HR	33	3	15	    4.00	1	   -8.00	0	0	  412.20	-3	5	NULL
real	GR	34	3	15	    4.00	1	   -8.00	0	0	  677.48	-3	7	NULL
real	BR	35	3	-15	    4.00	1	   -8.00	0	0	  390.72	-6	5	NULL
real	AR	36	3	-15	    4.00	1	   -8.00	0	0	  384.83	-6	7	NULL
real	FL	37	3	-15	   -4.00	1	   -4.00	1	1	  861.82	-3	5	NULL
real	GL	38	3	15	   -4.00	0	    8.00	0	0	  630.53	-3	7	NULL
real	DR	39	3	15	    4.00	1	   -8.00	0	0	  623.11	-6	5	NULL
real	HL	40	3	15	   -4.00	0	    8.00	0	0	  563.06	-3	5	NULL
real	AL	41	3	-15	   -4.00	0	    8.00	0	0	  448.51	-6	7	NULL
real	FR	42	3	-15	    4.00	1	   -8.00	0	0	  393.59	-3	5	NULL
real	ER	43	3	-15	    4.00	1	   -8.00	0	0	  388.27	-3	7	NULL
real	CR	44	3	15	    4.00	1	   -8.00	0	0	  376.27	-6	7	NULL
real	EL	45	3	-15	   -4.00	1	   -4.00	1	1	  772.99	-3	7	NULL
real	DL	46	3	15	   -4.00	0	    8.00	0	0	  571.89	-6	5	NULL
real	CL	47	3	15	   -4.00	0	    8.00	0	0	  476.06	-6	7	NULL
real	BL	48	3	-15	   -4.00	0	    8.00	0	0	  742.03	-6	5	NULL
real	ER	49	4	-15	   -4.00	0	    4.00	1	1	 1516.65	-3	7	NULL
real	CR	50	4	15	   -4.00	0	    4.00	1	1	  882.51	-6	7	NULL
real	GR	51	4	15	   -4.00	0	    4.00	1	1	  525.14	-3	7	NULL
real	BR	52	4	-15	   -4.00	0	    4.00	1	1	  681.11	-6	5	NULL
real	CL	53	4	15	    4.00	1	   -4.00	1	1	  443.49	-6	7	NULL
real	HL	54	4	15	    4.00	1	   -4.00	1	1	  395.91	-3	5	NULL
real	BL	55	4	-15	    4.00	1	   -4.00	1	1	  431.57	-6	5	NULL
real	FR	56	4	-15	   -4.00	0	    4.00	1	1	  527.71	-3	5	NULL
real	FL	57	4	-15	   -8.00	0	    2.00	1	2	  634.36	-3	5	NULL
real	GL	58	4	15	    4.00	1	   -4.00	1	1	  435.95	-3	7	NULL
real	HR	59	4	15	   -4.00	0	    4.00	1	1	  571.59	-3	5	NULL
real	AR	60	4	-15	   -4.00	1	   -8.00	0	0	  778.72	-6	7	NULL
real	DR	61	4	15	   -4.00	0	    4.00	1	1	  528.05	-6	5	NULL
real	AL	62	4	-15	    4.00	1	   -4.00	1	1	  501.31	-6	7	NULL
real	DL	63	4	15	    4.00	1	   -4.00	1	1	  392.49	-6	5	NULL
real	EL	64	4	-15	   -8.00	0	    2.00	1	2	  460.27	-3	7	NULL
real	AL	65	5	-15	    0.00	1	   -4.00	0	1	  553.43	-6	7	NULL
real	CR	66	5	15	    0.00	1	   -2.00	1	2	  501.84	-6	7	NULL
real	BL	67	5	-15	    0.00	1	   -4.00	0	1	  603.90	-6	5	NULL
real	GR	68	5	15	    0.00	0	    4.00	0	1	  678.39	-3	7	NULL
real	DL	69	5	15	    0.00	1	   -4.00	0	1	  612.94	-6	5	NULL
real	GL	70	5	15	    0.00	1	   -4.00	0	1	  609.03	-3	7	NULL
real	FL	71	5	-15	   -6.00	0	    2.00	0	2	  470.26	-3	5	NULL
real	DR	72	5	15	    0.00	1	   -2.00	1	2	  583.65	-6	5	NULL
real	FR	73	5	-15	    0.00	1	   -2.00	1	2	  488.42	-3	5	NULL
real	HR	74	5	15	    0.00	1	   -2.00	1	2	  440.68	-3	5	NULL
real	AR	75	5	-15	  -12.00	0	    4.00	1	1	  448.36	-6	7	NULL
real	CL	76	5	15	    0.00	1	   -4.00	0	1	  828.22	-6	7	NULL
real	EL	77	5	-15	   -6.00	0	    2.00	0	2	  766.88	-3	7	NULL
real	BR	78	5	-15	    0.00	1	   -2.00	1	2	  517.44	-6	5	NULL
real	ER	79	5	-15	    0.00	1	   -2.00	1	2	  522.52	-3	7	NULL
real	HL	80	5	15	    0.00	1	   -4.00	0	1	  411.86	-3	5	NULL
real	BL	81	6	-15	   -4.00	0	    2.00	1	2	  587.15	-6	5	NULL
real	DR	82	6	15	   -2.00	0	    1.00	1	3	  695.16	-6	5	NULL
real	AR	83	6	-15	   -8.00	0	    4.00	0	1	  453.44	-6	7	NULL
real	GL	84	6	15	   -4.00	0	    2.00	1	2	  703.84	-3	7	NULL
real	GR	85	6	15	    4.00	1	   -2.00	1	2	  464.86	-3	7	NULL
real	ER	86	6	-15	   -2.00	1	   -2.00	0	2	  518.55	-3	7	NULL
real	BR	87	6	-15	   -2.00	1	   -2.00	0	2	  623.23	-6	5	NULL
real	AL	88	6	-15	   -4.00	0	    2.00	1	2	  623.73	-6	7	NULL
real	FR	89	6	-15	   -2.00	1	   -2.00	0	2	  456.03	-3	5	NULL
real	HR	90	6	15	   -2.00	0	    1.00	1	3	  609.02	-3	5	NULL
real	DL	91	6	15	   -4.00	0	    2.00	1	2	  648.14	-6	5	NULL
real	CR	92	6	15	   -2.00	0	    1.00	1	3	  552.46	-6	7	NULL
real	FL	93	6	-15	   -4.00	0	    2.00	0	2	 1011.80	-3	5	NULL
real	EL	94	6	-15	   -4.00	0	    2.00	0	2	  701.15	-3	7	NULL
real	HL	95	6	15	   -4.00	0	    2.00	1	2	  502.25	-3	5	NULL
real	CL	96	6	15	   -4.00	0	    2.00	1	2	  563.71	-6	7	NULL
real	DR	97	7	15	   -1.00	1	   -1.00	1	4	  535.99	-6	5	NULL
real	DL	98	7	15	   -2.00	1	   -1.00	1	3	  664.81	-6	5	NULL
real	HL	99	7	15	   -2.00	0	    2.00	0	2	  786.48	-3	5	NULL
real	AR	100	7	-15	   -4.00	0	    4.00	0	1	 1379.83	-6	7	NULL
real	EL	101	7	-15	   -2.00	1	   -1.00	1	3	  613.92	-3	7	NULL
real	GR	102	7	15	    2.00	1	   -2.00	0	2	  567.36	-3	7	NULL
real	CR	103	7	15	   -1.00	0	    1.00	0	3	  754.34	-6	7	NULL
real	AL	104	7	-15	   -2.00	1	   -1.00	1	3	  623.34	-6	7	NULL
real	HR	105	7	15	   -1.00	1	   -1.00	1	4	  444.94	-3	5	NULL
real	FR	106	7	-15	   -4.00	1	   -2.00	0	2	  657.71	-3	5	NULL
real	FL	107	7	-15	   -2.00	1	   -1.00	1	3	  426.69	-3	5	NULL
real	BL	108	7	-15	   -2.00	1	   -1.00	1	3	  419.12	-6	5	NULL
real	ER	109	7	-15	   -4.00	1	   -2.00	0	2	  535.97	-3	7	NULL
real	GL	110	7	15	   -2.00	1	   -1.00	1	3	  359.59	-3	7	NULL
real	CL	111	7	15	   -2.00	0	    2.00	0	2	  790.71	-6	7	NULL
real	BR	112	7	-15	   -4.00	0	    1.00	1	3	  724.94	-6	5	NULL
real	DR	113	8	15	   -2.00	0	    1.00	1	5	  752.18	-6	5	NULL
real	FL	114	8	-15	   -3.00	1	   -1.00	0	3	  535.99	-3	5	NULL
real	GR	115	8	15	    0.00	1	   -2.00	0	2	  549.33	-3	7	NULL
real	HL	116	8	15	    0.00	1	   -1.00	1	3	  478.38	-3	5	NULL
real	BR	117	8	-15	   -3.00	1	   -1.00	1	4	  570.89	-6	5	NULL
real	DL	118	8	15	   -3.00	0	    1.00	1	4	  517.97	-6	5	NULL
real	BL	119	8	-15	   -3.00	1	   -1.00	0	3	  638.09	-6	5	NULL
real	CL	120	8	15	    0.00	1	   -1.00	1	3	  561.10	-6	7	NULL
real	AR	121	8	-15	    0.00	1	   -2.00	1	2	  371.65	-6	7	NULL
real	EL	122	8	-15	   -3.00	0	    1.00	1	4	  364.99	-3	7	NULL
real	HR	123	8	15	   -2.00	0	    1.00	1	5	  609.05	-3	5	NULL
real	ER	124	8	-15	   -6.00	0	    1.00	1	3	  527.60	-3	7	NULL
real	AL	125	8	-15	   -3.00	0	    1.00	1	4	  512.33	-6	7	NULL
real	GL	126	8	15	   -3.00	0	    1.00	1	4	  516.75	-3	7	NULL
real	CR	127	8	15	    0.00	1	   -1.00	1	4	  519.92	-6	7	NULL
real	FR	128	8	-15	   -6.00	0	    1.00	1	3	  514.87	-3	5	NULL
real	AR	129	9	-15	   -2.00	0	    1.00	1	3	  509.34	-6	7	NULL
real	GR	130	9	15	   -2.00	0	    1.00	1	3	  685.19	-3	7	NULL
real	DL	131	9	15	   -2.00	0	    1.00	0	4	  783.72	-6	5	NULL
real	BL	132	9	-15	   -4.00	1	   -1.00	0	3	 1678.58	-6	5	NULL
real	ER	133	9	-15	   -5.00	0	    1.00	0	3	  395.66	-3	7	NULL
real	CR	134	9	15	   -1.00	1	   -1.00	0	4	  497.68	-6	7	NULL
real	CL	135	9	15	   -1.00	1	   -1.00	0	3	  379.04	-6	7	NULL
real	FL	136	9	-15	   -4.00	1	   -1.00	0	3	  385.32	-3	5	NULL
real	HL	137	9	15	   -1.00	1	   -1.00	0	3	  346.06	-3	5	NULL
real	BR	138	9	-15	   -4.00	1	   -1.00	0	4	  354.57	-6	5	NULL
real	FR	139	9	-15	   -5.00	0	    1.00	0	3	  838.19	-3	5	NULL
real	AL	140	9	-15	   -2.00	0	    1.00	0	4	  776.12	-6	7	NULL
real	HR	141	9	15	   -1.00	0	    1.00	0	5	  693.08	-3	5	NULL
real	GL	142	9	15	   -2.00	0	    1.00	0	4	  556.14	-3	7	NULL
real	DR	143	9	15	   -1.00	1	   -1.00	1	6	  581.26	-6	5	NULL
real	EL	144	9	-15	   -2.00	1	   -1.00	1	5	  407.41	-3	7	NULL
real	AL	145	10	-15	   -1.00	1	   -1.00	1	5	  370.85	-6	7	NULL
real	BL	146	10	-15	   -5.00	0	    1.00	1	4	  455.06	-6	5	NULL
real	FL	147	10	-15	   -5.00	0	    1.00	1	4	  359.25	-3	5	NULL
real	EL	148	10	-15	   -3.00	1	   -1.00	0	5	 1242.59	-3	7	NULL
real	DL	149	10	15	   -1.00	1	   -1.00	1	5	  489.24	-6	5	NULL
real	ER	150	10	-15	   -4.00	0	    1.00	0	3	  492.11	-3	7	NULL
real	HL	151	10	15	   -2.00	1	   -1.00	0	3	  441.46	-3	5	NULL
real	FR	152	10	-15	   -4.00	1	   -1.00	1	4	  798.98	-3	5	NULL
real	CR	153	10	15	   -2.00	1	   -1.00	0	4	  354.41	-6	7	NULL
real	BR	154	10	-15	   -5.00	0	    1.00	1	5	  434.92	-6	5	NULL
real	AR	155	10	-15	   -1.00	1	   -1.00	1	4	  427.10	-6	7	NULL
real	DR	156	10	15	   -2.00	1	   -1.00	0	6	  778.02	-6	5	NULL
real	HR	157	10	15	    0.00	1	   -1.00	1	6	  425.53	-3	5	NULL
real	GR	158	10	15	   -1.00	1	   -1.00	1	4	  343.13	-3	7	NULL
real	GL	159	10	15	   -1.00	1	   -1.00	1	5	  377.83	-3	7	NULL
real	CL	160	10	15	   -2.00	1	   -1.00	0	3	  344.13	-6	7	NULL
real	HL	161	11	15	   -3.00	0	    1.00	1	4	  555.02	-3	5	NULL
real	GR	162	11	15	   -2.00	0	    1.00	1	5	 1198.51	-3	7	NULL
real	EL	163	11	-15	   -4.00	1	   -1.00	0	5	 1742.96	-3	7	NULL
real	DL	164	11	15	   -2.00	1	   -1.00	0	5	  679.55	-6	5	NULL
real	HR	165	11	15	   -1.00	1	   -1.00	0	6	  443.82	-3	5	NULL
real	CL	166	11	15	   -3.00	0	    1.00	1	4	 1411.92	-6	7	NULL
real	BL	167	11	-15	   -4.00	1	   -1.00	1	5	  729.65	-6	5	NULL
real	ER	168	11	-15	   -3.00	1	   -1.00	1	4	  594.75	-3	7	NULL
real	FL	169	11	-15	   -4.00	1	   -1.00	1	5	  489.62	-3	5	NULL
real	FR	170	11	-15	   -5.00	0	    1.00	1	5	  551.44	-3	5	NULL
real	DR	171	11	15	   -3.00	1	   -1.00	0	6	  442.87	-6	5	NULL
real	GL	172	11	15	   -2.00	0	    1.00	1	6	  561.17	-3	7	NULL
real	AR	173	11	-15	   -2.00	1	   -1.00	0	4	  594.99	-6	7	NULL
real	CR	174	11	15	   -3.00	0	    1.00	1	5	  538.49	-6	7	NULL
real	AL	175	11	-15	   -2.00	1	   -1.00	0	5	  476.74	-6	7	NULL
real	BR	176	11	-15	   -4.00	0	    1.00	0	5	  554.67	-6	5	NULL
real	CR	177	12	15	   -2.00	1	   -1.00	1	6	  412.16	-6	7	NULL
real	BL	178	12	-15	   -5.00	1	   -1.00	0	5	  664.40	-6	5	NULL
real	AR	179	12	-15	   -3.00	1	   -1.00	0	4	  523.91	-6	7	NULL
real	HR	180	12	15	   -2.00	1	   -1.00	0	6	  744.95	-3	5	NULL
real	EL	181	12	-15	   -5.00	0	    1.00	1	6	  519.78	-3	7	NULL
real	BR	182	12	-15	   -3.00	1	   -1.00	1	6	  671.06	-6	5	NULL
real	GR	183	12	15	   -1.00	1	   -1.00	1	6	  419.47	-3	7	NULL
real	HL	184	12	15	   -2.00	0	    1.00	0	4	  681.93	-3	5	NULL
real	FR	185	12	-15	   -4.00	1	   -1.00	1	6	  758.72	-3	5	NULL
real	FL	186	12	-15	   -5.00	0	    1.00	1	6	  527.02	-3	5	NULL
real	AL	187	12	-15	   -3.00	1	   -1.00	0	5	  683.24	-6	7	NULL
real	GL	188	12	15	   -1.00	1	   -1.00	1	7	  613.51	-3	7	NULL
real	CL	189	12	15	   -2.00	1	   -1.00	1	5	  495.46	-6	7	NULL
real	DL	190	12	15	   -3.00	1	   -1.00	0	5	  616.84	-6	5	NULL
real	ER	191	12	-15	   -4.00	1	   -1.00	0	4	  562.63	-3	7	NULL
real	DR	192	12	15	   -4.00	0	    1.00	1	7	  612.75	-6	5	NULL
real	EL	193	13	-15	   -4.00	1	   -1.00	1	7	  645.62	-3	7	NULL
real	AR	194	13	-15	   -4.00	1	   -1.00	0	4	  445.40	-6	7	NULL
real	HL	195	13	15	   -1.00	1	   -1.00	1	5	  501.02	-3	5	NULL
real	CR	196	13	15	   -3.00	1	   -1.00	0	6	  518.23	-6	7	NULL
real	FR	197	13	-15	   -5.00	1	   -1.00	0	6	  574.02	-3	5	NULL
real	AL	198	13	-15	   -4.00	1	   -1.00	0	5	  696.89	-6	7	NULL
real	DR	199	13	15	   -3.00	0	    1.00	0	7	 1008.82	-6	5	NULL
real	ER	200	13	-15	   -5.00	1	   -1.00	0	4	  613.89	-3	7	NULL
real	DL	201	13	15	   -4.00	0	    1.00	1	6	  602.63	-6	5	NULL
real	BR	202	13	-15	   -4.00	1	   -1.00	0	6	  641.91	-6	5	NULL
real	FL	203	13	-15	   -4.00	1	   -1.00	1	7	  377.47	-3	5	NULL
real	GR	204	13	15	   -2.00	1	   -1.00	0	6	 1582.74	-3	7	NULL
real	GL	205	13	15	   -2.00	1	   -1.00	0	7	  538.87	-3	7	NULL
real	CL	206	13	15	   -3.00	1	   -1.00	0	5	  586.60	-6	7	NULL
real	HR	207	13	15	   -3.00	1	   -1.00	0	6	  385.72	-3	5	NULL
real	BL	208	13	-15	   -6.00	1	   -1.00	0	5	  359.65	-6	5	NULL
real	HR	209	14	15	   -4.00	1	   -1.00	0	6	  455.97	-3	5	NULL
real	DR	210	14	15	   -2.00	1	   -1.00	1	8	  554.15	-6	5	NULL
real	EL	211	14	-15	   -5.00	1	   -1.00	0	7	  444.72	-3	7	NULL
real	GL	212	14	15	   -3.00	1	   -1.00	0	7	  807.42	-3	7	NULL
real	GR	213	14	15	   -3.00	1	   -1.00	0	6	  705.41	-3	7	NULL
real	CR	214	14	15	   -4.00	0	    1.00	1	7	  479.93	-6	7	NULL
real	FR	215	14	-15	   -6.00	1	   -1.00	0	6	  530.99	-3	5	NULL
real	AL	216	14	-15	   -5.00	1	   -1.00	0	5	  529.14	-6	7	NULL
real	BR	217	14	-15	   -5.00	1	   -1.00	0	6	  454.96	-6	5	NULL
real	ER	218	14	-15	   -6.00	1	   -1.00	0	4	  579.01	-3	7	NULL
real	FL	219	14	-15	   -5.00	1	   -1.00	0	7	  808.09	-3	5	NULL
real	AR	220	14	-15	   -5.00	1	   -1.00	0	4	  504.82	-6	7	NULL
real	BL	221	14	-15	   -7.00	0	    1.00	1	6	  486.00	-6	5	NULL
real	CL	222	14	15	   -4.00	1	   -1.00	0	5	  420.57	-6	7	NULL
real	HL	223	14	15	   -2.00	1	   -1.00	0	5	  530.26	-3	5	NULL
real	DL	224	14	15	   -3.00	1	   -1.00	1	7	  389.99	-6	5	NULL
real	HL	225	15	15	   -3.00	1	   -1.00	0	5	  690.14	-3	5	NULL
real	CL	226	15	15	   -5.00	1	   -1.00	0	5	  485.75	-6	7	NULL
real	AR	227	15	-15	   -6.00	1	   -1.00	0	4	  745.30	-6	7	NULL
real	BL	228	15	-15	   -6.00	1	   -1.00	1	7	  630.04	-6	5	NULL
real	DR	229	15	15	   -3.00	1	   -1.00	0	8	  421.91	-6	5	NULL
real	EL	230	15	-15	   -6.00	1	   -1.00	0	7	  715.72	-3	7	NULL
real	FR	231	15	-15	   -7.00	0	    1.00	1	7	 1151.48	-3	5	NULL
real	ER	232	15	-15	   -7.00	0	    1.00	1	5	  673.40	-3	7	NULL
real	FL	233	15	-15	   -6.00	1	   -1.00	0	7	  705.18	-3	5	NULL
real	GR	234	15	15	   -4.00	0	    1.00	1	7	  580.59	-3	7	NULL
real	HR	235	15	15	   -5.00	0	    1.00	1	7	 1140.40	-3	5	NULL
real	GL	236	15	15	   -4.00	0	    1.00	1	8	  520.87	-3	7	NULL
real	BR	237	15	-15	   -6.00	0	    1.00	1	7	  474.28	-6	5	NULL
real	CR	238	15	15	   -3.00	1	   -1.00	1	8	  606.41	-6	7	NULL
real	AL	239	15	-15	   -6.00	0	    1.00	1	6	  401.91	-6	7	NULL
real	DL	240	15	15	   -4.00	1	   -1.00	0	7	  556.35	-6	5	NULL
real	GL	241	16	15	   -3.00	1	   -1.00	1	9	  480.63	-3	7	NULL
real	ER	242	16	-15	   -6.00	0	    1.00	0	5	  666.92	-3	7	NULL
real	HL	243	16	15	   -4.00	0	    1.00	1	6	  487.31	-3	5	NULL
real	FL	244	16	-15	   -7.00	0	    1.00	1	8	  557.77	-3	5	NULL
real	HR	245	16	15	   -4.00	1	   -1.00	1	8	  631.00	-3	5	NULL
real	AL	246	16	-15	   -5.00	1	   -1.00	1	7	  647.63	-6	7	NULL
real	AR	247	16	-15	   -7.00	1	   -1.00	0	4	 1411.87	-6	7	NULL
real	DR	248	16	15	   -4.00	0	    1.00	1	9	  616.73	-6	5	NULL
real	CL	249	16	15	   -6.00	0	    1.00	1	6	  778.30	-6	7	NULL
real	DL	250	16	15	   -5.00	0	    1.00	1	8	  877.34	-6	5	NULL
real	BR	251	16	-15	   -5.00	1	   -1.00	1	8	  724.85	-6	5	NULL
real	CR	252	16	15	   -4.00	0	    1.00	1	9	  565.28	-6	7	NULL
real	FR	253	16	-15	   -6.00	0	    1.00	0	7	  517.20	-3	5	NULL
real	BL	254	16	-15	   -7.00	1	   -1.00	0	7	  600.11	-6	5	NULL
real	GR	255	16	15	   -3.00	1	   -1.00	1	8	  654.41	-3	7	NULL
real	EL	256	16	-15	   -7.00	0	    1.00	1	8	  510.82	-3	7	NULL
real	EL	257	17	-15	   -6.00	1	   -1.00	1	9	  624.93	-3	7	NULL
real	FL	258	17	-15	   -6.00	0	    1.00	0	8	  533.80	-3	5	NULL
real	GL	259	17	15	   -4.00	1	   -1.00	0	9	  358.97	-3	7	NULL
real	AL	260	17	-15	   -6.00	1	   -1.00	0	7	  745.47	-6	7	NULL
real	DR	261	17	15	   -3.00	1	   -1.00	1	10	  684.91	-6	5	NULL
real	HR	262	17	15	   -5.00	0	    1.00	1	9	  517.96	-3	5	NULL
real	AR	263	17	-15	   -8.00	0	    1.00	1	5	  573.47	-6	7	NULL
real	CR	264	17	15	   -3.00	1	   -1.00	1	10	  760.21	-6	7	NULL
real	DL	265	17	15	   -4.00	1	   -1.00	1	9	  903.00	-6	5	NULL
real	HL	266	17	15	   -3.00	1	   -1.00	1	7	  682.47	-3	5	NULL
real	ER	267	17	-15	   -5.00	1	   -1.00	1	6	  603.30	-3	7	NULL
real	GR	268	17	15	   -4.00	1	   -1.00	0	8	  808.64	-3	7	NULL
real	CL	269	17	15	   -5.00	1	   -1.00	1	7	  673.97	-6	7	NULL
real	BL	270	17	-15	   -8.00	0	    1.00	1	8	  620.33	-6	5	NULL
real	FR	271	17	-15	   -5.00	1	   -1.00	1	8	  702.39	-3	5	NULL
real	BR	272	17	-15	   -6.00	1	   -1.00	0	8	  554.64	-6	5	NULL
real	CR	273	18	15	   -4.00	1	   -1.00	0	10	  635.30	-6	7	NULL
real	BL	274	18	-15	   -7.00	0	    1.00	0	8	  802.21	-6	5	NULL
real	FR	275	18	-15	   -6.00	0	    1.00	1	9	  771.35	-3	5	NULL
real	HL	276	18	15	   -4.00	1	   -1.00	0	7	  974.24	-3	5	NULL
real	AL	277	18	-15	   -7.00	0	    1.00	1	8	  740.34	-6	7	NULL
real	HR	278	18	15	   -4.00	0	    1.00	0	9	 1495.32	-3	5	NULL
real	DR	279	18	15	   -4.00	0	    1.00	1	11	 1377.49	-6	5	NULL
real	CL	280	18	15	   -6.00	0	    1.00	1	8	 3038.89	-6	7	NULL
real	BR	281	18	-15	   -7.00	0	    1.00	1	9	  505.78	-6	5	NULL
real	GL	282	18	15	   -5.00	0	    1.00	1	10	  361.05	-3	7	NULL
real	ER	283	18	-15	   -6.00	1	   -1.00	0	6	  771.00	-3	7	NULL
real	GR	284	18	15	   -5.00	0	    1.00	1	9	  484.30	-3	7	NULL
real	AR	285	18	-15	   -7.00	0	    1.00	0	5	  445.34	-6	7	NULL
real	DL	286	18	15	   -5.00	0	    1.00	1	10	  799.24	-6	5	NULL
real	FL	287	18	-15	   -5.00	1	   -1.00	1	9	  595.35	-3	5	NULL
real	EL	288	18	-15	   -7.00	1	   -1.00	0	9	  820.69	-3	7	NULL
real	AL	289	19	-15	   -6.00	1	   -1.00	1	9	  580.12	-6	7	NULL
real	GR	290	19	15	   -4.00	1	   -1.00	1	10	  545.80	-3	7	NULL
real	DL	291	19	15	   -4.00	1	   -1.00	1	11	  641.48	-6	5	NULL
real	BL	292	19	-15	   -6.00	0	    1.00	0	8	  930.80	-6	5	NULL
real	EL	293	19	-15	   -8.00	0	    1.00	1	10	  524.13	-3	7	NULL
real	FR	294	19	-15	   -5.00	1	   -1.00	1	10	  490.19	-3	5	NULL
real	HL	295	19	15	   -5.00	0	    1.00	1	8	  966.97	-3	5	NULL
real	DR	296	19	15	   -3.00	1	   -1.00	1	12	  735.00	-6	5	NULL
real	BR	297	19	-15	   -6.00	1	   -1.00	1	10	  641.79	-6	5	NULL
real	FL	298	19	-15	   -6.00	1	   -1.00	0	9	  885.80	-3	5	NULL
real	GL	299	19	15	   -4.00	1	   -1.00	1	11	  615.58	-3	7	NULL
real	AR	300	19	-15	   -6.00	1	   -1.00	1	6	  534.16	-6	7	NULL
real	ER	301	19	-15	   -7.00	0	    1.00	1	7	  456.13	-3	7	NULL
real	CL	302	19	15	   -5.00	0	    1.00	0	8	  687.88	-6	7	NULL
real	HR	303	19	15	   -3.00	1	   -1.00	1	10	  495.12	-3	5	NULL
real	CR	304	19	15	   -5.00	0	    1.00	1	11	  714.38	-6	7	NULL
real	GL	305	20	15	   -5.00	0	    1.00	1	12	  649.90	-3	7	NULL
real	FL	306	20	-15	   -7.00	1	   -1.00	0	9	  679.09	-3	5	NULL
real	AR	307	20	-15	   -7.00	0	    1.00	1	7	  420.76	-6	7	NULL
real	FR	308	20	-15	   -6.00	1	   -1.00	0	10	 1022.60	-3	5	NULL
real	CL	309	20	15	   -4.00	1	   -1.00	1	9	  481.61	-6	7	NULL
real	GR	310	20	15	   -5.00	0	    1.00	1	11	  565.67	-3	7	NULL
real	ER	311	20	-15	   -6.00	1	   -1.00	1	8	  507.39	-3	7	NULL
real	BL	312	20	-15	   -5.00	1	   -1.00	1	9	 1026.81	-6	5	NULL
real	CR	313	20	15	   -4.00	1	   -1.00	1	12	  394.77	-6	7	NULL
real	DL	314	20	15	   -5.00	1	   -1.00	0	11	  853.26	-6	5	NULL
real	EL	315	20	-15	   -7.00	0	    1.00	0	10	  433.29	-3	7	NULL
real	HR	316	20	15	   -4.00	1	   -1.00	0	10	  954.95	-3	5	NULL
real	BR	317	20	-15	   -7.00	0	    1.00	1	11	  660.14	-6	5	NULL
real	HL	318	20	15	   -4.00	1	   -1.00	1	9	  652.25	-3	5	NULL
real	AL	319	20	-15	   -7.00	0	    1.00	1	10	  591.27	-6	7	NULL
real	EL	320	21	-15	   -6.00	1	   -1.00	1	11	  512.04	-3	7	NULL
real	DL	321	21	15	   -6.00	0	    1.00	1	12	 1572.14	-6	5	NULL
real	BR	322	21	-15	   -6.00	1	   -1.00	1	12	  655.37	-6	5	NULL
real	FL	323	21	-15	   -8.00	1	   -1.00	0	9	 1649.47	-3	5	NULL
real	AR	324	21	-15	   -6.00	1	   -1.00	1	8	  673.31	-6	7	NULL
real	FR	325	21	-15	   -7.00	1	   -1.00	0	10	  843.66	-3	5	NULL
real	AL	326	21	-15	   -6.00	1	   -1.00	1	11	  608.86	-6	7	NULL
real	HL	327	21	15	   -5.00	0	    1.00	1	10	  619.42	-3	5	NULL
real	HR	328	21	15	   -5.00	0	    1.00	1	11	 1262.96	-3	5	NULL
real	BL	329	21	-15	   -6.00	1	   -1.00	0	9	 1099.57	-6	5	NULL
real	CL	330	21	15	   -5.00	1	   -1.00	0	9	  841.25	-6	7	NULL
real	GR	331	21	15	   -4.00	1	   -1.00	1	12	  581.98	-3	7	NULL
real	ER	332	21	-15	   -7.00	1	   -1.00	0	8	  698.31	-3	7	NULL
real	CL	333	22	15	   -6.00	0	    1.00	1	10	  621.32	-6	7	NULL
real	FR	334	22	-15	   -8.00	1	   -1.00	0	10	  901.23	-3	5	NULL
real	BL	335	22	-15	   -7.00	0	    1.00	1	10	  455.77	-6	5	NULL
real	AL	336	22	-15	   -7.00	1	   -1.00	0	11	 1607.79	-6	7	NULL
real	ER	337	22	-15	   -8.00	0	    1.00	1	9	  502.43	-3	7	NULL
real	HL	338	22	15	   -4.00	0	    1.00	0	10	  721.93	-3	5	NULL
real	HR	339	22	15	   -4.00	1	   -1.00	1	12	  375.86	-3	5	NULL
real	EL	340	22	-15	   -7.00	0	    1.00	1	12	  735.85	-3	7	NULL
real	AR	341	22	-15	   -7.00	0	    1.00	1	9	  804.04	-6	7	NULL
real	FL	342	22	-15	   -9.00	1	   -1.00	0	9	  788.53	-3	5	NULL
real	AR	343	23	-15	   -6.00	1	   -1.00	1	10	  600.57	-6	7	NULL
real	CL	344	23	15	   -5.00	0	    1.00	0	10	  679.14	-6	7	NULL
real	AL	345	23	-15	   -8.00	0	    1.00	1	12	  501.38	-6	7	NULL
real	FR	346	23	-15	   -9.00	1	   -1.00	0	10	  666.52	-3	5	NULL
real	ER	347	23	-15	   -7.00	1	   -1.00	1	10	  665.73	-3	7	NULL
real	FL	348	23	-15	  -10.00	0	    1.00	1	10	  457.86	-3	5	NULL
real	HL	349	23	15	   -3.00	0	    1.00	0	10	  564.21	-3	5	NULL
real	BL	350	23	-15	   -6.00	0	    1.00	0	10	  641.88	-6	5	NULL
real	ER	351	24	-15	   -8.00	0	    1.00	1	11	  515.64	-3	7	NULL
real	FL	352	24	-15	   -9.00	0	    1.00	0	10	  476.44	-3	5	NULL
real	FR	353	24	-15	  -10.00	0	    1.00	1	11	  707.78	-3	5	NULL
real	BL	354	24	-15	   -5.00	1	   -1.00	1	11	  787.25	-6	5	NULL
real	AR	355	24	-15	   -7.00	0	    1.00	1	11	  679.90	-6	7	NULL
real	CL	356	24	15	   -4.00	1	   -1.00	1	11	  875.53	-6	7	NULL
real	HL	357	24	15	   -2.00	1	   -1.00	1	11	  628.09	-3	5	NULL
real	AR	358	25	-15	   -6.00	0	    1.00	0	11	  558.43	-6	7	NULL
real	FL	359	25	-15	   -8.00	1	   -1.00	1	11	  673.35	-3	5	NULL
real	BL	360	25	-15	   -6.00	1	   -1.00	0	11	  798.38	-6	5	NULL
real	FR	361	25	-15	   -9.00	0	    1.00	0	11	  420.06	-3	5	NULL
real	CL	362	25	15	   -5.00	1	   -1.00	0	11	  465.50	-6	7	NULL
real	ER	363	25	-15	   -7.00	0	    1.00	0	11	  778.82	-3	7	NULL
real	HL	364	25	15	   -3.00	1	   -1.00	0	11	  462.45	-3	5	NULL
real	HL	365	26	15	   -4.00	1	   -1.00	0	11	  683.68	-3	5	NULL
real	FL	366	26	-15	   -9.00	0	    1.00	1	12	  474.00	-3	5	NULL
real	AR	367	26	-15	   -5.00	1	   -1.00	1	12	  637.95	-6	7	NULL
real	ER	368	26	-15	   -6.00	1	   -1.00	1	12	  595.01	-3	7	NULL
real	BL	369	26	-15	   -7.00	0	    1.00	1	12	  544.03	-6	5	NULL
real	FR	370	26	-15	   -8.00	0	    1.00	0	11	  570.11	-3	5	NULL
real	CL	371	26	15	   -6.00	0	    1.00	1	12	  637.68	-6	7	NULL
real	FR	372	27	-15	   -7.00	0	    1.00	0	11	  527.80	-3	5	NULL
real	HL	373	27	15	   -5.00	0	    1.00	1	12	  753.33	-3	5	NULL
real	FR	374	28	-15	   -6.00	1	   -1.00	1	12	  662.25	-3	5	NULL
