TRIAL_TYPE	trial_variant	TRIAL_NUMBER	TRIAL_ITERATION_VAL	frame_tilt	rod_tilt	response	step_size	reversal	reversal_num	RT	probe_del	alpha_entrain_refreshes	rod_tilt_val
real	GL	1	1	15	  -20.00	0	    8.00	0	0	 1023.23	-3	7	NULL
real	EL	2	1	-15	  -20.00	0	    8.00	0	0	  735.11	-3	7	NULL
real	CL	3	1	15	  -20.00	0	    8.00	0	0	  459.38	-6	7	NULL
real	CR	4	1	15	   20.00	1	   -8.00	0	0	  448.49	-6	7	NULL
real	HL	5	1	15	  -20.00	0	    8.00	0	0	  428.27	-3	5	NULL
real	DR	6	1	15	   20.00	1	   -8.00	0	0	  417.24	-6	5	NULL
real	BR	7	1	-15	   20.00	1	   -8.00	0	0	  469.45	-6	5	NULL
real	FR	8	1	-15	   20.00	1	   -8.00	0	0	  396.56	-3	5	NULL
real	ER	9	1	-15	   20.00	1	   -8.00	0	0	  342.60	-3	7	NULL
real	BL	10	1	-15	  -20.00	0	    8.00	0	0	  443.83	-6	5	NULL
real	AL	11	1	-15	  -20.00	0	    8.00	0	0	  386.92	-6	7	NULL
real	FL	12	1	-15	  -20.00	0	    8.00	0	0	  486.60	-3	5	NULL
real	DL	13	1	15	  -20.00	0	    8.00	0	0	  432.27	-6	5	NULL
real	GR	14	1	15	   20.00	1	   -8.00	0	0	  355.28	-3	7	NULL
real	AR	15	1	-15	   20.00	1	   -8.00	0	0	  422.34	-6	7	NULL
real	HR	16	1	15	   20.00	1	   -8.00	0	0	  448.97	-3	5	NULL
real	GL	17	2	15	  -12.00	0	    8.00	0	0	  408.64	-3	7	NULL
real	FR	18	2	-15	   12.00	1	   -8.00	0	0	  367.83	-3	5	NULL
real	CR	19	2	15	   12.00	1	   -8.00	0	0	  404.44	-6	7	NULL
real	DL	20	2	15	  -12.00	0	    8.00	0	0	  459.92	-6	5	NULL
real	HL	21	2	15	  -12.00	0	    8.00	0	0	  434.30	-3	5	NULL
real	FL	22	2	-15	  -12.00	0	    8.00	0	0	  371.31	-3	5	NULL
real	BR	23	2	-15	   12.00	1	   -8.00	0	0	  429.65	-6	5	NULL
real	AL	24	2	-15	  -12.00	0	    8.00	0	0	  365.44	-6	7	NULL
real	HR	25	2	15	   12.00	1	   -8.00	0	0	  359.66	-3	5	NULL
real	AR	26	2	-15	   12.00	1	   -8.00	0	0	  398.21	-6	7	NULL
real	DR	27	2	15	   12.00	1	   -8.00	0	0	  398.53	-6	5	NULL
real	BL	28	2	-15	  -12.00	0	    8.00	0	0	  458.22	-6	5	NULL
real	GR	29	2	15	   12.00	1	   -8.00	0	0	  475.38	-3	7	NULL
real	CL	30	2	15	  -12.00	0	    8.00	0	0	  431.04	-6	7	NULL
real	EL	31	2	-15	  -12.00	0	    8.00	0	0	  493.24	-3	7	NULL
real	ER	32	2	-15	   12.00	1	   -8.00	0	0	  374.51	-3	7	NULL
real	DR	33	3	15	    4.00	1	   -8.00	0	0	  716.16	-6	5	NULL
real	GL	34	3	15	   -4.00	0	    8.00	0	0	  611.83	-3	7	NULL
real	AR	35	3	-15	    4.00	1	   -8.00	0	0	  322.17	-6	7	NULL
real	GR	36	3	15	    4.00	1	   -8.00	0	0	  518.36	-3	7	NULL
real	FR	37	3	-15	    4.00	1	   -8.00	0	0	  634.81	-3	5	NULL
real	BR	38	3	-15	    4.00	1	   -8.00	0	0	  494.45	-6	5	NULL
real	BL	39	3	-15	   -4.00	0	    8.00	0	0	  623.15	-6	5	NULL
real	CL	40	3	15	   -4.00	1	   -4.00	1	1	  511.51	-6	7	NULL
real	ER	41	3	-15	    4.00	1	   -8.00	0	0	  435.98	-3	7	NULL
real	DL	42	3	15	   -4.00	0	    8.00	0	0	  476.56	-6	5	NULL
real	HR	43	3	15	    4.00	1	   -8.00	0	0	  432.64	-3	5	NULL
real	HL	44	3	15	   -4.00	0	    8.00	0	0	  463.42	-3	5	NULL
real	CR	45	3	15	    4.00	1	   -8.00	0	0	  330.46	-6	7	NULL
real	AL	46	3	-15	   -4.00	0	    8.00	0	0	  443.25	-6	7	NULL
real	FL	47	3	-15	   -4.00	0	    8.00	0	0	  436.34	-3	5	NULL
real	EL	48	3	-15	   -4.00	0	    8.00	0	0	  627.38	-3	7	NULL
real	FL	49	4	-15	    4.00	1	   -4.00	1	1	  359.78	-3	5	NULL
real	GL	50	4	15	    4.00	1	   -4.00	1	1	  375.97	-3	7	NULL
real	CR	51	4	15	   -4.00	0	    4.00	1	1	  282.41	-6	7	NULL
real	BL	52	4	-15	    4.00	1	   -4.00	1	1	  275.45	-6	5	NULL
real	HR	53	4	15	   -4.00	0	    4.00	1	1	  450.86	-3	5	NULL
real	AR	54	4	-15	   -4.00	0	    4.00	1	1	  721.18	-6	7	NULL
real	GR	55	4	15	   -4.00	0	    4.00	1	1	  508.17	-3	7	NULL
real	EL	56	4	-15	    4.00	1	   -4.00	1	1	  341.30	-3	7	NULL
real	AL	57	4	-15	    4.00	1	   -4.00	1	1	  384.35	-6	7	NULL
real	DR	58	4	15	   -4.00	0	    4.00	1	1	  373.55	-6	5	NULL
real	BR	59	4	-15	   -4.00	0	    4.00	1	1	  253.09	-6	5	NULL
real	CL	60	4	15	   -8.00	0	    2.00	1	2	  365.42	-6	7	NULL
real	FR	61	4	-15	   -4.00	0	    4.00	1	1	  460.77	-3	5	NULL
real	HL	62	4	15	    4.00	1	   -4.00	1	1	  465.14	-3	5	NULL
real	ER	63	4	-15	   -4.00	0	    4.00	1	1	  670.69	-3	7	NULL
real	DL	64	4	15	    4.00	1	   -4.00	1	1	  676.90	-6	5	NULL
real	DL	65	5	15	    0.00	1	   -4.00	0	1	  602.99	-6	5	NULL
real	EL	66	5	-15	    0.00	1	   -4.00	0	1	 1046.23	-3	7	NULL
real	BL	67	5	-15	    0.00	1	   -4.00	0	1	  562.81	-6	5	NULL
real	DR	68	5	15	    0.00	1	   -2.00	1	2	  880.66	-6	5	NULL
real	BR	69	5	-15	    0.00	1	   -2.00	1	2	  534.04	-6	5	NULL
real	FR	70	5	-15	    0.00	1	   -2.00	1	2	  597.91	-3	5	NULL
real	CL	71	5	15	   -6.00	0	    2.00	0	2	  463.36	-6	7	NULL
real	CR	72	5	15	    0.00	0	    4.00	0	1	  562.63	-6	7	NULL
real	ER	73	5	-15	    0.00	1	   -2.00	1	2	  451.52	-3	7	NULL
real	GL	74	5	15	    0.00	0	    2.00	1	2	  708.24	-3	7	NULL
real	AL	75	5	-15	    0.00	1	   -4.00	0	1	  543.83	-6	7	NULL
real	GR	76	5	15	    0.00	0	    4.00	0	1	  486.10	-3	7	NULL
real	AR	77	5	-15	    0.00	1	   -2.00	1	2	  496.40	-6	7	NULL
real	FL	78	5	-15	    0.00	1	   -4.00	0	1	  454.18	-3	5	NULL
real	HR	79	5	15	    0.00	0	    4.00	0	1	  703.48	-3	5	NULL
real	HL	80	5	15	    0.00	0	    2.00	1	2	  585.34	-3	5	NULL
real	DL	81	6	15	   -4.00	0	    2.00	1	2	  497.71	-6	5	NULL
real	ER	82	6	-15	   -2.00	0	    1.00	1	3	  425.32	-3	7	NULL
real	CR	83	6	15	    4.00	1	   -2.00	1	2	  336.68	-6	7	NULL
real	DR	84	6	15	   -2.00	0	    1.00	1	3	  299.96	-6	5	NULL
real	HR	85	6	15	    4.00	1	   -2.00	1	2	  352.72	-3	5	NULL
real	FL	86	6	-15	   -4.00	0	    2.00	1	2	  402.86	-3	5	NULL
real	BR	87	6	-15	   -2.00	0	    1.00	1	3	  560.15	-6	5	NULL
real	GL	88	6	15	    2.00	1	   -1.00	1	3	  591.15	-3	7	NULL
real	FR	89	6	-15	   -2.00	0	    1.00	1	3	  589.57	-3	5	NULL
real	AL	90	6	-15	   -4.00	0	    2.00	1	2	  626.71	-6	7	NULL
real	EL	91	6	-15	   -4.00	0	    2.00	1	2	  538.59	-3	7	NULL
real	HL	92	6	15	    2.00	0	    2.00	0	2	  556.45	-3	5	NULL
real	CL	93	6	15	   -4.00	0	    2.00	0	2	  468.49	-6	7	NULL
real	BL	94	6	-15	   -4.00	0	    2.00	1	2	  444.61	-6	5	NULL
real	GR	95	6	15	    4.00	1	   -2.00	1	2	  377.21	-3	7	NULL
real	AR	96	6	-15	   -2.00	1	   -2.00	0	2	  691.31	-6	7	NULL
real	AR	97	7	-15	   -4.00	0	    1.00	1	3	  458.56	-6	7	NULL
real	GL	98	7	15	    1.00	1	   -1.00	0	3	  644.53	-3	7	NULL
real	GR	99	7	15	    2.00	0	    1.00	1	3	  339.32	-3	7	NULL
real	ER	100	7	-15	   -1.00	1	   -1.00	1	4	  739.49	-3	7	NULL
real	AL	101	7	-15	   -2.00	0	    2.00	0	2	  985.78	-6	7	NULL
real	DR	102	7	15	   -1.00	0	    1.00	0	3	  505.65	-6	5	NULL
real	FL	103	7	-15	   -2.00	0	    2.00	0	2	  442.69	-3	5	NULL
real	FR	104	7	-15	   -1.00	1	   -1.00	1	4	  950.58	-3	5	NULL
real	HR	105	7	15	    2.00	1	   -2.00	0	2	  647.22	-3	5	NULL
real	HL	106	7	15	    4.00	1	   -1.00	1	3	  725.73	-3	5	NULL
real	EL	107	7	-15	   -2.00	1	   -1.00	1	3	  573.50	-3	7	NULL
real	CR	108	7	15	    2.00	1	   -2.00	0	2	  490.48	-6	7	NULL
real	DL	109	7	15	   -2.00	0	    2.00	0	2	  559.47	-6	5	NULL
real	BL	110	7	-15	   -2.00	1	   -1.00	1	3	  483.69	-6	5	NULL
real	BR	111	7	-15	   -1.00	1	   -1.00	1	4	  746.77	-6	5	NULL
real	CL	112	7	15	   -2.00	0	    2.00	0	2	  495.21	-6	7	NULL
real	GR	113	8	15	    3.00	1	   -1.00	1	4	  463.14	-3	7	NULL
real	FL	114	8	-15	    0.00	1	   -1.00	1	3	  729.53	-3	5	NULL
real	DL	115	8	15	    0.00	1	   -1.00	1	3	  462.20	-6	5	NULL
real	DR	116	8	15	    0.00	1	   -1.00	1	4	  468.41	-6	5	NULL
real	ER	117	8	-15	   -2.00	0	    1.00	1	5	  523.80	-3	7	NULL
real	CL	118	8	15	    0.00	0	    2.00	0	2	  626.04	-6	7	NULL
real	FR	119	8	-15	   -2.00	1	   -1.00	0	4	  498.65	-3	5	NULL
real	HL	120	8	15	    3.00	1	   -1.00	0	3	  472.13	-3	5	NULL
real	EL	121	8	-15	   -3.00	0	    1.00	1	4	  862.15	-3	7	NULL
real	BR	122	8	-15	   -2.00	0	    1.00	1	5	 1027.73	-6	5	NULL
real	CR	123	8	15	    0.00	1	   -2.00	0	2	  535.61	-6	7	NULL
real	BL	124	8	-15	   -3.00	0	    1.00	1	4	  456.11	-6	5	NULL
real	GL	125	8	15	    0.00	0	    1.00	1	4	  509.48	-3	7	NULL
real	AR	126	8	-15	   -3.00	0	    1.00	0	3	  350.56	-6	7	NULL
real	HR	127	8	15	    0.00	0	    1.00	1	3	  422.93	-3	5	NULL
real	AL	128	8	-15	    0.00	0	    2.00	0	2	  454.74	-6	7	NULL
real	BR	129	9	-15	   -1.00	1	   -1.00	1	6	  801.23	-6	5	NULL
real	FR	130	9	-15	   -3.00	0	    1.00	1	5	  634.78	-3	5	NULL
real	HR	131	9	15	    1.00	1	   -1.00	1	4	  588.43	-3	5	NULL
real	CL	132	9	15	    2.00	1	   -1.00	1	3	  434.01	-6	7	NULL
real	CR	133	9	15	   -2.00	0	    1.00	1	3	  558.68	-6	7	NULL
real	BL	134	9	-15	   -2.00	0	    1.00	0	4	  496.46	-6	5	NULL
real	ER	135	9	-15	   -1.00	1	   -1.00	1	6	  680.45	-3	7	NULL
real	AL	136	9	-15	    2.00	1	   -1.00	1	3	  474.11	-6	7	NULL
real	DL	137	9	15	   -1.00	0	    1.00	1	4	  463.69	-6	5	NULL
real	GR	138	9	15	    2.00	0	    1.00	1	5	  477.53	-3	7	NULL
real	AR	139	9	-15	   -2.00	0	    1.00	0	3	  585.20	-6	7	NULL
real	HL	140	9	15	    2.00	0	    1.00	1	4	  490.49	-3	5	NULL
real	GL	141	9	15	    1.00	0	    1.00	0	4	  718.97	-3	7	NULL
real	FL	142	9	-15	   -1.00	1	   -1.00	0	3	  751.40	-3	5	NULL
real	DR	143	9	15	   -1.00	0	    1.00	1	5	  884.61	-6	5	NULL
real	EL	144	9	-15	   -2.00	1	   -1.00	1	5	  655.62	-3	7	NULL
real	AL	145	10	-15	    1.00	1	   -1.00	0	3	  676.18	-6	7	NULL
real	DL	146	10	15	    0.00	0	    1.00	0	4	  597.26	-6	5	NULL
real	FR	147	10	-15	   -2.00	1	   -1.00	1	6	  847.70	-3	5	NULL
real	DR	148	10	15	    0.00	0	    1.00	0	5	  531.36	-6	5	NULL
real	FL	149	10	-15	   -2.00	0	    1.00	1	4	  695.32	-3	5	NULL
real	HL	150	10	15	    3.00	1	   -1.00	1	5	  431.46	-3	5	NULL
real	CR	151	10	15	   -1.00	0	    1.00	0	3	  519.58	-6	7	NULL
real	EL	152	10	-15	   -3.00	0	    1.00	1	6	  640.78	-3	7	NULL
real	BR	153	10	-15	   -2.00	0	    1.00	1	7	  429.05	-6	5	NULL
real	CL	154	10	15	    1.00	0	    1.00	1	4	  434.84	-6	7	NULL
real	BL	155	10	-15	   -1.00	0	    1.00	0	4	  389.71	-6	5	NULL
real	GL	156	10	15	    2.00	0	    1.00	0	4	  272.85	-3	7	NULL
real	ER	157	10	-15	   -2.00	0	    1.00	1	7	  448.67	-3	7	NULL
real	AR	158	10	-15	   -1.00	0	    1.00	0	3	  744.26	-6	7	NULL
real	HR	159	10	15	    0.00	0	    1.00	1	5	  406.62	-3	5	NULL
real	GR	160	10	15	    3.00	1	   -1.00	1	6	  410.97	-3	7	NULL
real	FR	161	11	-15	   -3.00	0	    1.00	1	7	  487.96	-3	5	NULL
real	CL	162	11	15	    2.00	1	   -1.00	1	5	  524.50	-6	7	NULL
real	FL	163	11	-15	   -1.00	0	    1.00	0	4	  650.73	-3	5	NULL
real	DR	164	11	15	    1.00	1	   -1.00	1	6	  447.83	-6	5	NULL
real	HR	165	11	15	    1.00	0	    1.00	0	5	  711.90	-3	5	NULL
real	DL	166	11	15	    1.00	1	   -1.00	1	5	  362.83	-6	5	NULL
real	AL	167	11	-15	    0.00	1	   -1.00	0	3	  604.49	-6	7	NULL
real	HL	168	11	15	    2.00	1	   -1.00	0	5	  346.60	-3	5	NULL
real	GR	169	11	15	    2.00	1	   -1.00	0	6	  430.92	-3	7	NULL
real	BL	170	11	-15	    0.00	0	    1.00	0	4	  535.85	-6	5	NULL
real	ER	171	11	-15	   -1.00	1	   -1.00	1	8	  336.41	-3	7	NULL
real	AR	172	11	-15	    0.00	1	   -1.00	1	4	  518.90	-6	7	NULL
real	CR	173	11	15	    0.00	1	   -1.00	1	4	  361.10	-6	7	NULL
real	EL	174	11	-15	   -2.00	1	   -1.00	1	7	  744.96	-3	7	NULL
real	GL	175	11	15	    3.00	1	   -1.00	1	5	  512.87	-3	7	NULL
real	BR	176	11	-15	   -1.00	0	    1.00	0	7	  732.42	-6	5	NULL
real	CL	177	12	15	    1.00	1	   -1.00	0	5	  555.13	-6	7	NULL
real	DL	178	12	15	    0.00	0	    1.00	1	6	  646.11	-6	5	NULL
real	ER	179	12	-15	   -2.00	0	    1.00	1	9	  599.29	-3	7	NULL
real	CR	180	12	15	   -1.00	0	    1.00	1	5	  363.43	-6	7	NULL
real	FR	181	12	-15	   -2.00	0	    1.00	0	7	  406.32	-3	5	NULL
real	HL	182	12	15	    1.00	0	    1.00	1	6	  689.15	-3	5	NULL
real	BR	183	12	-15	    0.00	0	    1.00	0	7	  559.78	-6	5	NULL
real	GR	184	12	15	    1.00	0	    1.00	1	7	  705.75	-3	7	NULL
real	AL	185	12	-15	   -1.00	1	   -1.00	0	3	  674.48	-6	7	NULL
real	DR	186	12	15	    0.00	0	    1.00	1	7	  468.98	-6	5	NULL
real	GL	187	12	15	    2.00	0	    1.00	1	6	  905.52	-3	7	NULL
real	HR	188	12	15	    2.00	1	   -1.00	1	6	  497.55	-3	5	NULL
real	FL	189	12	-15	    0.00	1	   -1.00	1	5	  479.30	-3	5	NULL
real	EL	190	12	-15	   -3.00	0	    1.00	1	8	  594.32	-3	7	NULL
real	BL	191	12	-15	    1.00	1	   -1.00	1	5	  613.85	-6	5	NULL
real	AR	192	12	-15	   -1.00	0	    1.00	1	5	  380.73	-6	7	NULL
real	BR	193	13	-15	    1.00	1	   -1.00	1	8	  881.17	-6	5	NULL
real	GL	194	13	15	    3.00	1	   -1.00	1	7	  458.66	-3	7	NULL
real	HR	195	13	15	    1.00	0	    1.00	1	7	  500.71	-3	5	NULL
real	CR	196	13	15	    0.00	0	    1.00	0	5	  593.03	-6	7	NULL
real	DR	197	13	15	    1.00	1	   -1.00	1	8	  350.99	-6	5	NULL
real	CL	198	13	15	    0.00	0	    1.00	1	6	  620.72	-6	7	NULL
real	DL	199	13	15	    1.00	1	   -1.00	1	7	  380.33	-6	5	NULL
real	AR	200	13	-15	    0.00	1	   -1.00	1	6	  603.41	-6	7	NULL
real	ER	201	13	-15	   -1.00	1	   -1.00	1	10	  426.84	-3	7	NULL
real	AL	202	13	-15	   -2.00	0	    1.00	1	4	  676.19	-6	7	NULL
real	EL	203	13	-15	   -2.00	0	    1.00	0	8	  594.81	-3	7	NULL
real	FL	204	13	-15	   -1.00	1	   -1.00	0	5	  728.30	-3	5	NULL
real	FR	205	13	-15	   -1.00	1	   -1.00	1	8	  726.64	-3	5	NULL
real	BL	206	13	-15	    0.00	1	   -1.00	0	5	  528.15	-6	5	NULL
real	HL	207	13	15	    2.00	1	   -1.00	1	7	  419.62	-3	5	NULL
real	GR	208	13	15	    2.00	1	   -1.00	1	8	  380.53	-3	7	NULL
real	FR	209	14	-15	   -2.00	0	    1.00	1	9	  545.88	-3	5	NULL
real	DR	210	14	15	    0.00	0	    1.00	1	9	  685.14	-6	5	NULL
real	GL	211	14	15	    2.00	1	   -1.00	0	7	  324.36	-3	7	NULL
real	ER	212	14	-15	   -2.00	0	    1.00	1	11	  345.89	-3	7	NULL
real	DL	213	14	15	    0.00	1	   -1.00	0	7	  369.12	-6	5	NULL
real	CR	214	14	15	    1.00	0	    1.00	0	5	  973.93	-6	7	NULL
real	AL	215	14	-15	   -1.00	0	    1.00	0	4	  640.31	-6	7	NULL
real	BL	216	14	-15	   -1.00	1	   -1.00	0	5	  773.00	-6	5	NULL
real	HL	217	14	15	    1.00	0	    1.00	1	8	  634.82	-3	5	NULL
real	EL	218	14	-15	   -1.00	1	   -1.00	1	9	  603.58	-3	7	NULL
real	GR	219	14	15	    1.00	1	   -1.00	0	8	  423.48	-3	7	NULL
real	CL	220	14	15	    1.00	1	   -1.00	1	7	  474.40	-6	7	NULL
real	HR	221	14	15	    2.00	1	   -1.00	1	8	  397.66	-3	5	NULL
real	BR	222	14	-15	    0.00	1	   -1.00	0	8	  472.96	-6	5	NULL
real	FL	223	14	-15	   -2.00	0	    1.00	1	6	  423.04	-3	5	NULL
real	AR	224	14	-15	   -1.00	0	    1.00	1	7	  799.68	-6	7	NULL
real	GL	225	15	15	    1.00	1	   -1.00	0	7	  327.26	-3	7	NULL
real	CL	226	15	15	    0.00	0	    1.00	1	8	  730.65	-6	7	NULL
real	BR	227	15	-15	   -1.00	1	   -1.00	0	8	  680.40	-6	5	NULL
real	CR	228	15	15	    2.00	1	   -1.00	1	6	  426.26	-6	7	NULL
real	AR	229	15	-15	    0.00	1	   -1.00	1	8	  637.48	-6	7	NULL
real	HL	230	15	15	    2.00	1	   -1.00	1	9	  463.35	-3	5	NULL
real	GR	231	15	15	    0.00	0	    1.00	1	9	 1478.42	-3	7	NULL
real	DL	232	15	15	   -1.00	0	    1.00	1	8	  600.77	-6	5	NULL
real	AL	233	15	-15	    0.00	1	   -1.00	1	5	  720.65	-6	7	NULL
real	FL	234	15	-15	   -1.00	1	   -1.00	1	7	  803.55	-3	5	NULL
real	FR	235	15	-15	   -1.00	1	   -1.00	1	10	  492.98	-3	5	NULL
real	BL	236	15	-15	   -2.00	0	    1.00	1	6	  505.64	-6	5	NULL
real	ER	237	15	-15	   -1.00	1	   -1.00	1	12	  366.96	-3	7	NULL
real	EL	238	15	-15	   -2.00	0	    1.00	1	10	  453.57	-3	7	NULL
real	DR	239	15	15	    1.00	1	   -1.00	1	10	  276.80	-6	5	NULL
real	HR	240	15	15	    1.00	0	    1.00	1	9	  537.53	-3	5	NULL
real	CR	241	16	15	    1.00	1	   -1.00	0	6	  576.92	-6	7	NULL
real	CL	242	16	15	    1.00	0	    1.00	0	8	  466.11	-6	7	NULL
real	AR	243	16	-15	   -1.00	0	    1.00	1	9	  555.78	-6	7	NULL
real	DL	244	16	15	    0.00	0	    1.00	0	8	  696.73	-6	5	NULL
real	GR	245	16	15	    1.00	1	   -1.00	1	10	  370.12	-3	7	NULL
real	FR	246	16	-15	   -2.00	0	    1.00	1	11	  455.75	-3	5	NULL
real	BL	247	16	-15	   -1.00	1	   -1.00	1	7	  693.64	-6	5	NULL
real	FL	248	16	-15	   -2.00	1	   -1.00	0	7	  653.66	-3	5	NULL
real	BR	249	16	-15	   -2.00	0	    1.00	1	9	  466.88	-6	5	NULL
real	GL	250	16	15	    0.00	1	   -1.00	0	7	  391.81	-3	7	NULL
real	AL	251	16	-15	   -1.00	1	   -1.00	0	5	  636.05	-6	7	NULL
real	EL	252	16	-15	   -1.00	1	   -1.00	1	11	  674.22	-3	7	NULL
real	HR	253	16	15	    2.00	1	   -1.00	1	10	  504.57	-3	5	NULL
real	HL	254	16	15	    1.00	0	    1.00	1	10	  640.65	-3	5	NULL
real	DR	255	16	15	    0.00	0	    1.00	1	11	  598.65	-6	5	NULL
real	AR	256	17	-15	    0.00	1	   -1.00	1	10	  640.26	-6	7	NULL
real	FR	257	17	-15	   -1.00	1	   -1.00	1	12	  605.00	-3	5	NULL
real	DL	258	17	15	    1.00	1	   -1.00	1	9	  549.45	-6	5	NULL
real	HL	259	17	15	    2.00	1	   -1.00	1	11	  482.88	-3	5	NULL
real	CR	260	17	15	    0.00	1	   -1.00	0	6	  442.31	-6	7	NULL
real	FL	261	17	-15	   -3.00	0	    1.00	1	8	  650.98	-3	5	NULL
real	CL	262	17	15	    2.00	1	   -1.00	1	9	  413.68	-6	7	NULL
real	BL	263	17	-15	   -2.00	0	    1.00	1	8	  650.80	-6	5	NULL
real	GR	264	17	15	    0.00	0	    1.00	1	11	 1172.23	-3	7	NULL
real	GL	265	17	15	   -1.00	0	    1.00	1	8	  470.22	-3	7	NULL
real	DR	266	17	15	    1.00	1	   -1.00	1	12	  429.47	-6	5	NULL
real	BR	267	17	-15	   -1.00	0	    1.00	0	9	  544.63	-6	5	NULL
real	AL	268	17	-15	   -2.00	0	    1.00	1	6	  429.03	-6	7	NULL
real	EL	269	17	-15	   -2.00	1	   -1.00	0	11	  478.27	-3	7	NULL
real	HR	270	17	15	    1.00	0	    1.00	1	11	  551.97	-3	5	NULL
real	CR	271	18	15	   -1.00	0	    1.00	1	7	  685.00	-6	7	NULL
real	AR	272	18	-15	   -1.00	0	    1.00	1	11	  623.45	-6	7	NULL
real	HL	273	18	15	    1.00	0	    1.00	1	12	  930.25	-3	5	NULL
real	GL	274	18	15	    0.00	0	    1.00	0	8	  574.86	-3	7	NULL
real	HR	275	18	15	    2.00	1	   -1.00	1	12	  522.95	-3	5	NULL
real	DL	276	18	15	    0.00	0	    1.00	1	10	  689.35	-6	5	NULL
real	FL	277	18	-15	   -2.00	0	    1.00	0	8	  592.94	-3	5	NULL
real	BL	278	18	-15	   -1.00	0	    1.00	0	8	  521.89	-6	5	NULL
real	EL	279	18	-15	   -3.00	0	    1.00	1	12	  549.72	-3	7	NULL
real	AL	280	18	-15	   -1.00	1	   -1.00	1	7	 1172.98	-6	7	NULL
real	CL	281	18	15	    1.00	1	   -1.00	0	9	  682.56	-6	7	NULL
real	GR	282	18	15	    1.00	1	   -1.00	1	12	  744.42	-3	7	NULL
real	BR	283	18	-15	    0.00	1	   -1.00	1	10	  545.50	-6	5	NULL
real	AL	284	19	-15	   -2.00	1	   -1.00	0	7	  916.68	-6	7	NULL
real	DL	285	19	15	    1.00	1	   -1.00	1	11	  600.87	-6	5	NULL
real	FL	286	19	-15	   -1.00	1	   -1.00	1	9	  631.09	-3	5	NULL
real	GL	287	19	15	    1.00	0	    1.00	0	8	  833.46	-3	7	NULL
real	BL	288	19	-15	    0.00	1	   -1.00	1	9	  690.73	-6	5	NULL
real	CL	289	19	15	    0.00	0	    1.00	1	10	  685.21	-6	7	NULL
real	CR	290	19	15	    0.00	0	    1.00	0	7	  634.60	-6	7	NULL
real	AR	291	19	-15	    0.00	1	   -1.00	1	12	  548.85	-6	7	NULL
real	BR	292	19	-15	   -1.00	1	   -1.00	0	10	  729.35	-6	5	NULL
real	DL	293	20	15	    0.00	0	    1.00	1	12	  606.68	-6	5	NULL
real	BL	294	20	-15	   -1.00	1	   -1.00	0	9	  626.16	-6	5	NULL
real	GL	295	20	15	    2.00	0	    1.00	0	8	  665.54	-3	7	NULL
real	AL	296	20	-15	   -3.00	0	    1.00	1	8	  487.88	-6	7	NULL
real	FL	297	20	-15	   -2.00	1	   -1.00	0	9	  662.82	-3	5	NULL
real	CR	298	20	15	    1.00	1	   -1.00	1	8	  474.21	-6	7	NULL
real	BR	299	20	-15	   -2.00	0	    1.00	1	11	  588.26	-6	5	NULL
real	CL	300	20	15	    1.00	1	   -1.00	1	11	  424.26	-6	7	NULL
real	CR	301	21	15	    0.00	1	   -1.00	0	8	  506.33	-6	7	NULL
real	AL	302	21	-15	   -2.00	0	    1.00	0	8	  756.02	-6	7	NULL
real	CL	303	21	15	    0.00	0	    1.00	1	12	  422.13	-6	7	NULL
real	BR	304	21	-15	   -1.00	1	   -1.00	1	12	  632.65	-6	5	NULL
real	GL	305	21	15	    3.00	0	    1.00	0	8	  887.23	-3	7	NULL
real	FL	306	21	-15	   -3.00	0	    1.00	1	10	  582.04	-3	5	NULL
real	BL	307	21	-15	   -2.00	0	    1.00	1	10	  555.21	-6	5	NULL
real	CR	308	22	15	   -1.00	0	    1.00	1	9	  502.56	-6	7	NULL
real	FL	309	22	-15	   -2.00	0	    1.00	0	10	  466.43	-3	5	NULL
real	AL	310	22	-15	   -1.00	0	    1.00	0	8	  545.56	-6	7	NULL
real	GL	311	22	15	    4.00	1	   -1.00	1	9	  485.82	-3	7	NULL
real	BL	312	22	-15	   -1.00	0	    1.00	0	10	  469.90	-6	5	NULL
real	AL	313	23	-15	    0.00	1	   -1.00	1	9	  563.48	-6	7	NULL
real	FL	314	23	-15	   -1.00	0	    1.00	0	10	  426.01	-3	5	NULL
real	CR	315	23	15	    0.00	0	    1.00	0	9	  497.73	-6	7	NULL
real	GL	316	23	15	    3.00	1	   -1.00	0	9	  437.28	-3	7	NULL
real	BL	317	23	-15	    0.00	0	    1.00	0	10	  481.00	-6	5	NULL
real	GL	318	24	15	    2.00	1	   -1.00	0	9	  424.65	-3	7	NULL
real	BL	319	24	-15	    1.00	1	   -1.00	1	11	  691.25	-6	5	NULL
real	AL	320	24	-15	   -1.00	0	    1.00	1	10	  568.58	-6	7	NULL
real	FL	321	24	-15	    0.00	1	   -1.00	1	11	  578.61	-3	5	NULL
real	CR	322	24	15	    1.00	0	    1.00	0	9	  859.88	-6	7	NULL
real	GL	323	25	15	    1.00	0	    1.00	1	10	  615.72	-3	7	NULL
real	AL	324	25	-15	    0.00	1	   -1.00	1	11	  919.48	-6	7	NULL
real	CR	325	25	15	    2.00	1	   -1.00	1	10	  374.51	-6	7	NULL
real	BL	326	25	-15	    0.00	0	    1.00	1	12	 1143.48	-6	5	NULL
real	FL	327	25	-15	   -1.00	1	   -1.00	0	11	  638.70	-3	5	NULL
real	CR	328	26	15	    1.00	0	    1.00	1	11	  686.54	-6	7	NULL
real	FL	329	26	-15	   -2.00	0	    1.00	1	12	  629.02	-3	5	NULL
real	GL	330	26	15	    2.00	1	   -1.00	1	11	  466.58	-3	7	NULL
real	AL	331	26	-15	   -1.00	1	   -1.00	0	11	  649.14	-6	7	NULL
real	AL	332	27	-15	   -2.00	0	    1.00	1	12	  570.71	-6	7	NULL
real	GL	333	27	15	    1.00	0	    1.00	1	12	  694.46	-3	7	NULL
real	CR	334	27	15	    2.00	1	   -1.00	1	12	  739.02	-6	7	NULL
