TRIAL_TYPE	trial_variant	TRIAL_NUMBER	TRIAL_ITERATION_VAL	frame_tilt	rod_tilt	response	step_size	reversal	reversal_num	RT	probe_del	alpha_entrain_refreshes	rod_tilt_val
real	BL	1	1	-15	  -20.00	1	   -8.00	0	0	 8860.34	-6	5	NULL
real	FL	2	1	-15	  -20.00	0	    8.00	0	0	 1205.02	-3	5	NULL
real	DR	3	1	15	   20.00	1	   -8.00	0	0	  704.65	-6	5	NULL
real	AL	4	1	-15	  -20.00	0	    8.00	0	0	  557.49	-6	7	NULL
real	CL	5	1	15	  -20.00	0	    8.00	0	0	  672.72	-6	7	NULL
real	GR	6	1	15	   20.00	1	   -8.00	0	0	  693.89	-3	7	NULL
real	FR	7	1	-15	   20.00	1	   -8.00	0	0	  769.92	-3	5	NULL
real	AR	8	1	-15	   20.00	1	   -8.00	0	0	  695.82	-6	7	NULL
real	EL	9	1	-15	  -20.00	0	    8.00	0	0	  665.71	-3	7	NULL
real	HL	10	1	15	  -20.00	0	    8.00	0	0	  629.86	-3	5	NULL
real	ER	11	1	-15	   20.00	1	   -8.00	0	0	  846.93	-3	7	NULL
real	GL	12	1	15	  -20.00	0	    8.00	0	0	  624.38	-3	7	NULL
real	BR	13	1	-15	   20.00	1	   -8.00	0	0	  703.93	-6	5	NULL
real	HR	14	1	15	   20.00	1	   -8.00	0	0	  679.88	-3	5	NULL
real	DL	15	1	15	  -20.00	0	    8.00	0	0	  652.46	-6	5	NULL
real	CR	16	1	15	   20.00	1	   -8.00	0	0	  814.95	-6	7	NULL
real	CL	17	2	15	  -12.00	0	    8.00	0	0	  715.48	-6	7	NULL
real	AR	18	2	-15	   12.00	1	   -8.00	0	0	  671.10	-6	7	NULL
real	FL	19	2	-15	  -12.00	0	    8.00	0	0	  667.42	-3	5	NULL
real	HR	20	2	15	   12.00	1	   -8.00	0	0	  546.30	-3	5	NULL
real	EL	21	2	-15	  -12.00	0	    8.00	0	0	  874.78	-3	7	NULL
real	FR	22	2	-15	   12.00	1	   -8.00	0	0	  533.86	-3	5	NULL
real	HL	23	2	15	  -12.00	0	    8.00	0	0	  615.22	-3	5	NULL
real	DR	24	2	15	   12.00	1	   -8.00	0	0	  604.33	-6	5	NULL
real	GR	25	2	15	   12.00	1	   -8.00	0	0	  708.15	-3	7	NULL
real	GL	26	2	15	  -12.00	0	    8.00	0	0	  518.99	-3	7	NULL
real	CR	27	2	15	   12.00	1	   -8.00	0	0	  751.80	-6	7	NULL
real	AL	28	2	-15	  -12.00	0	    8.00	0	0	  527.52	-6	7	NULL
real	DL	29	2	15	  -12.00	0	    8.00	0	0	  492.65	-6	5	NULL
real	BR	30	2	-15	   12.00	1	   -8.00	0	0	  529.82	-6	5	NULL
real	BL	31	2	-15	-20	0	    4.00	1	1	  483.84	-6	5	NULL
real	ER	32	2	-15	   12.00	1	   -8.00	0	0	  450.10	-3	7	NULL
real	FL	33	3	-15	   -4.00	0	    8.00	0	0	  739.44	-3	5	NULL
real	DL	34	3	15	   -4.00	0	    8.00	0	0	  624.77	-6	5	NULL
real	GR	35	3	15	    4.00	0	    4.00	1	1	  861.83	-3	7	NULL
real	BR	36	3	-15	    4.00	1	   -8.00	0	0	  535.63	-6	5	NULL
real	HL	37	3	15	   -4.00	0	    8.00	0	0	  649.60	-3	5	NULL
real	HR	38	3	15	    4.00	1	   -8.00	0	0	  622.37	-3	5	NULL
real	BL	39	3	-15	  -16.00	0	    4.00	0	1	  566.66	-6	5	NULL
real	FR	40	3	-15	    4.00	1	   -8.00	0	0	  485.10	-3	5	NULL
real	CR	41	3	15	    4.00	1	   -8.00	0	0	  496.04	-6	7	NULL
real	CL	42	3	15	   -4.00	0	    8.00	0	0	  460.03	-6	7	NULL
real	ER	43	3	-15	    4.00	1	   -8.00	0	0	  518.51	-3	7	NULL
real	AL	44	3	-15	   -4.00	0	    8.00	0	0	  549.08	-6	7	NULL
real	DR	45	3	15	    4.00	1	   -8.00	0	0	  529.58	-6	5	NULL
real	AR	46	3	-15	    4.00	1	   -8.00	0	0	  550.58	-6	7	NULL
real	GL	47	3	15	   -4.00	0	    8.00	0	0	  479.07	-3	7	NULL
real	EL	48	3	-15	   -4.00	0	    8.00	0	0	  811.41	-3	7	NULL
real	BL	49	4	-15	  -12.00	0	    4.00	0	1	  530.46	-6	5	NULL
real	DR	50	4	15	   -4.00	0	    4.00	1	1	  536.16	-6	5	NULL
real	CR	51	4	15	   -4.00	0	    4.00	1	1	  559.33	-6	7	NULL
real	DL	52	4	15	    4.00	1	   -4.00	1	1	  589.31	-6	5	NULL
real	GR	53	4	15	    8.00	1	   -2.00	1	2	  475.74	-3	7	NULL
real	GL	54	4	15	    4.00	1	   -4.00	1	1	  407.06	-3	7	NULL
real	FL	55	4	-15	    4.00	1	   -4.00	1	1	  586.77	-3	5	NULL
real	AL	56	4	-15	    4.00	1	   -4.00	1	1	  557.45	-6	7	NULL
real	BR	57	4	-15	   -4.00	0	    4.00	1	1	  735.87	-6	5	NULL
real	HR	58	4	15	   -4.00	0	    4.00	1	1	  652.21	-3	5	NULL
real	ER	59	4	-15	   -4.00	1	   -8.00	0	0	 1346.71	-3	7	NULL
real	CL	60	4	15	    4.00	1	   -4.00	1	1	  862.35	-6	7	NULL
real	HL	61	4	15	    4.00	1	   -4.00	1	1	  766.65	-3	5	NULL
real	FR	62	4	-15	   -4.00	0	    4.00	1	1	  672.49	-3	5	NULL
real	AR	63	4	-15	   -4.00	0	    4.00	1	1	  476.53	-6	7	NULL
real	EL	64	4	-15	    4.00	1	   -4.00	1	1	  541.86	-3	7	NULL
real	AR	65	5	-15	    0.00	1	   -2.00	1	2	  548.64	-6	7	NULL
real	FR	66	5	-15	    0.00	1	   -2.00	1	2	  521.94	-3	5	NULL
real	ER	67	5	-15	  -12.00	0	    4.00	1	1	  791.09	-3	7	NULL
real	CL	68	5	15	    0.00	0	    2.00	1	2	 1162.70	-6	7	NULL
real	FL	69	5	-15	    0.00	1	   -4.00	0	1	  624.17	-3	5	NULL
real	BR	70	5	-15	    0.00	1	   -2.00	1	2	  522.03	-6	5	NULL
real	AL	71	5	-15	    0.00	1	   -4.00	0	1	  712.86	-6	7	NULL
real	GL	72	5	15	    0.00	0	    2.00	1	2	  456.29	-3	7	NULL
real	CR	73	5	15	    0.00	0	    4.00	0	1	  839.60	-6	7	NULL
real	BL	74	5	-15	   -8.00	0	    4.00	0	1	  645.76	-6	5	NULL
real	EL	75	5	-15	    0.00	1	   -4.00	0	1	  595.13	-3	7	NULL
real	HR	76	5	15	    0.00	0	    4.00	0	1	  963.07	-3	5	NULL
real	DL	77	5	15	    0.00	1	   -4.00	0	1	  634.88	-6	5	NULL
real	GR	78	5	15	    6.00	1	   -2.00	0	2	  563.89	-3	7	NULL
real	HL	79	5	15	    0.00	0	    2.00	1	2	  663.80	-3	5	NULL
real	DR	80	5	15	    0.00	0	    4.00	0	1	  916.49	-6	5	NULL
real	DR	81	6	15	    4.00	1	   -2.00	1	2	  636.38	-6	5	NULL
real	HR	82	6	15	    4.00	1	   -2.00	1	2	  769.94	-3	5	NULL
real	CL	83	6	15	    2.00	1	   -1.00	1	3	  904.67	-6	7	NULL
real	EL	84	6	-15	   -4.00	0	    2.00	1	2	  664.68	-3	7	NULL
real	FR	85	6	-15	   -2.00	1	   -2.00	0	2	  573.80	-3	5	NULL
real	AL	86	6	-15	   -4.00	0	    2.00	1	2	  503.47	-6	7	NULL
real	AR	87	6	-15	   -2.00	1	   -2.00	0	2	  699.40	-6	7	NULL
real	BL	88	6	-15	   -4.00	0	    4.00	0	1	  719.42	-6	5	NULL
real	FL	89	6	-15	   -4.00	0	    2.00	1	2	  960.26	-3	5	NULL
real	CR	90	6	15	    4.00	1	   -2.00	1	2	  417.93	-6	7	NULL
real	ER	91	6	-15	   -8.00	0	    4.00	0	1	  568.05	-3	7	NULL
real	BR	92	6	-15	   -2.00	1	   -2.00	0	2	  516.11	-6	5	NULL
real	GL	93	6	15	    2.00	0	    2.00	0	2	  751.49	-3	7	NULL
real	GR	94	6	15	    4.00	1	   -2.00	0	2	  481.41	-3	7	NULL
real	DL	95	6	15	   -4.00	0	    2.00	1	2	  490.69	-6	5	NULL
real	HL	96	6	15	    2.00	1	   -1.00	1	3	  616.86	-3	5	NULL
real	HR	97	7	15	    2.00	1	   -2.00	0	2	  837.69	-3	5	NULL
real	CL	98	7	15	    1.00	1	   -1.00	0	3	 1566.34	-6	7	NULL
real	EL	99	7	-15	   -2.00	1	   -1.00	1	3	  626.51	-3	7	NULL
real	CR	100	7	15	    2.00	1	   -2.00	0	2	  462.22	-6	7	NULL
real	BR	101	7	-15	   -4.00	0	    1.00	1	3	  525.30	-6	5	NULL
real	DR	102	7	15	    2.00	1	   -2.00	0	2	  530.50	-6	5	NULL
real	HL	103	7	15	    1.00	1	   -1.00	0	3	 1101.21	-3	5	NULL
real	FL	104	7	-15	   -2.00	1	   -1.00	1	3	  537.75	-3	5	NULL
real	DL	105	7	15	   -2.00	0	    2.00	0	2	  603.69	-6	5	NULL
real	BL	106	7	-15	    0.00	1	   -2.00	1	2	  542.35	-6	5	NULL
real	AR	107	7	-15	   -4.00	0	    1.00	1	3	  685.67	-6	7	NULL
real	AL	108	7	-15	   -2.00	1	   -1.00	1	3	  604.02	-6	7	NULL
real	GR	109	7	15	    2.00	1	   -2.00	0	2	  586.43	-3	7	NULL
real	GL	110	7	15	    4.00	1	   -1.00	1	3	  766.33	-3	7	NULL
real	ER	111	7	-15	   -4.00	0	    4.00	0	1	  470.10	-3	7	NULL
real	FR	112	7	-15	   -4.00	0	    1.00	1	3	  736.60	-3	5	NULL
real	FR	113	8	-15	   -3.00	0	    1.00	0	3	  735.26	-3	5	NULL
real	ER	114	8	-15	    0.00	1	   -2.00	1	2	  446.30	-3	7	NULL
real	GR	115	8	15	    0.00	0	    1.00	1	3	  690.71	-3	7	NULL
real	DR	116	8	15	    0.00	1	   -2.00	0	2	  504.76	-6	5	NULL
real	FL	117	8	-15	   -3.00	1	   -1.00	0	3	  546.67	-3	5	NULL
real	CL	118	8	15	    0.00	0	    1.00	1	4	  702.71	-6	7	NULL
real	EL	119	8	-15	   -3.00	1	   -1.00	0	3	  577.87	-3	7	NULL
real	CR	120	8	15	    0.00	1	   -2.00	0	2	  571.88	-6	7	NULL
real	AL	121	8	-15	   -3.00	0	    1.00	1	4	  909.96	-6	7	NULL
real	GL	122	8	15	    3.00	1	   -1.00	0	3	  650.74	-3	7	NULL
real	AR	123	8	-15	   -3.00	0	    1.00	0	3	  731.02	-6	7	NULL
real	BR	124	8	-15	   -3.00	1	   -1.00	1	4	  881.86	-6	5	NULL
real	BL	125	8	-15	   -2.00	1	   -2.00	0	2	  641.11	-6	5	NULL
real	DL	126	8	15	    0.00	0	    2.00	0	2	  633.19	-6	5	NULL
real	HL	127	8	15	    0.00	0	    1.00	1	4	  951.33	-3	5	NULL
real	HR	128	8	15	    0.00	0	    1.00	1	3	  813.49	-3	5	NULL
real	CR	129	9	15	   -2.00	0	    1.00	1	3	  522.52	-6	7	NULL
real	CL	130	9	15	    1.00	1	   -1.00	1	5	  531.23	-6	7	NULL
real	EL	131	9	-15	   -4.00	0	    1.00	1	4	  695.30	-3	7	NULL
real	ER	132	9	-15	   -2.00	1	   -2.00	0	2	  606.64	-3	7	NULL
real	AR	133	9	-15	   -2.00	0	    1.00	0	3	  564.67	-6	7	NULL
real	DL	134	9	15	    2.00	1	   -1.00	1	3	  549.06	-6	5	NULL
real	DR	135	9	15	   -2.00	0	    1.00	1	3	  565.41	-6	5	NULL
real	AL	136	9	-15	   -2.00	1	   -1.00	1	5	  514.72	-6	7	NULL
real	GL	137	9	15	    2.00	1	   -1.00	0	3	  460.25	-3	7	NULL
real	GR	138	9	15	    1.00	1	   -1.00	1	4	  599.08	-3	7	NULL
real	HR	139	9	15	    1.00	1	   -1.00	1	4	  551.18	-3	5	NULL
real	BR	140	9	-15	   -4.00	0	    1.00	1	5	  537.37	-6	5	NULL
real	HL	141	9	15	    1.00	1	   -1.00	1	5	  444.83	-3	5	NULL
real	FL	142	9	-15	   -4.00	0	    1.00	1	4	  790.14	-3	5	NULL
real	FR	143	9	-15	   -2.00	1	   -1.00	1	4	  546.15	-3	5	NULL
real	BL	144	9	-15	   -4.00	0	    1.00	1	3	  518.30	-6	5	NULL
real	HR	145	10	15	    0.00	0	    1.00	1	5	  773.39	-3	5	NULL
real	ER	146	10	-15	   -4.00	0	    1.00	1	3	  540.05	-3	7	NULL
real	GR	147	10	15	    0.00	0	    1.00	1	5	  759.63	-3	7	NULL
real	BR	148	10	-15	   -3.00	0	    1.00	0	5	  539.00	-6	5	NULL
real	DR	149	10	15	   -1.00	0	    1.00	0	3	  524.32	-6	5	NULL
real	CR	150	10	15	   -1.00	0	    1.00	0	3	  715.09	-6	7	NULL
real	AR	151	10	-15	   -1.00	1	   -1.00	1	4	  504.02	-6	7	NULL
real	CL	152	10	15	    0.00	1	   -1.00	0	5	  582.80	-6	7	NULL
real	FR	153	10	-15	   -3.00	1	   -1.00	0	4	  980.76	-3	5	NULL
real	EL	154	10	-15	   -3.00	1	   -1.00	1	5	  522.15	-3	7	NULL
real	HL	155	10	15	    0.00	0	    1.00	1	6	  703.07	-3	5	NULL
real	FL	156	10	-15	   -3.00	1	   -1.00	1	5	  587.46	-3	5	NULL
real	AL	157	10	-15	   -3.00	0	    1.00	1	6	  505.25	-6	7	NULL
real	GL	158	10	15	    1.00	1	   -1.00	0	3	  395.26	-3	7	NULL
real	DL	159	10	15	    1.00	1	   -1.00	0	3	  439.34	-6	5	NULL
real	BL	160	10	-15	   -3.00	0	    1.00	0	3	  712.44	-6	5	NULL
real	DL	161	11	15	    0.00	1	   -1.00	0	3	  560.37	-6	5	NULL
real	EL	162	11	-15	   -4.00	0	    1.00	1	6	  496.02	-3	7	NULL
real	CR	163	11	15	    0.00	0	    1.00	0	3	  856.08	-6	7	NULL
real	ER	164	11	-15	   -3.00	0	    1.00	0	3	  609.41	-3	7	NULL
real	DR	165	11	15	    0.00	0	    1.00	0	3	  564.37	-6	5	NULL
real	AR	166	11	-15	   -2.00	1	   -1.00	0	4	  848.07	-6	7	NULL
real	GR	167	11	15	    1.00	1	   -1.00	1	6	  476.29	-3	7	NULL
real	BR	168	11	-15	   -2.00	1	   -1.00	1	6	  717.48	-6	5	NULL
real	CL	169	11	15	   -1.00	1	   -1.00	0	5	  502.04	-6	7	NULL
real	GL	170	11	15	    0.00	0	    1.00	1	4	  971.95	-3	7	NULL
real	AL	171	11	-15	   -2.00	1	   -1.00	1	7	  737.51	-6	7	NULL
real	HL	172	11	15	    1.00	1	   -1.00	1	7	  698.75	-3	5	NULL
real	HR	173	11	15	    1.00	1	   -1.00	1	6	  781.87	-3	5	NULL
real	BL	174	11	-15	   -2.00	0	    1.00	0	3	  614.96	-6	5	NULL
real	FL	175	11	-15	   -4.00	0	    1.00	1	6	 1385.28	-3	5	NULL
real	FR	176	11	-15	   -4.00	0	    1.00	1	5	  804.54	-3	5	NULL
real	GR	177	12	15	    0.00	1	   -1.00	0	6	  926.92	-3	7	NULL
real	HR	178	12	15	    0.00	0	    1.00	1	7	  942.72	-3	5	NULL
real	EL	179	12	-15	   -3.00	1	   -1.00	1	7	  537.96	-3	7	NULL
real	CL	180	12	15	   -2.00	0	    1.00	1	6	  526.00	-6	7	NULL
real	DR	181	12	15	    1.00	1	   -1.00	1	4	  448.97	-6	5	NULL
real	CR	182	12	15	    1.00	1	   -1.00	1	4	  477.18	-6	7	NULL
real	ER	183	12	-15	   -2.00	1	   -1.00	1	4	  483.41	-3	7	NULL
real	GL	184	12	15	    1.00	1	   -1.00	1	5	  408.82	-3	7	NULL
real	AL	185	12	-15	   -3.00	0	    1.00	1	8	  472.74	-6	7	NULL
real	FL	186	12	-15	   -3.00	1	   -1.00	1	7	  625.03	-3	5	NULL
real	BL	187	12	-15	   -1.00	1	   -1.00	1	4	  488.81	-6	5	NULL
real	FR	188	12	-15	   -3.00	0	    1.00	0	5	  479.06	-3	5	NULL
real	AR	189	12	-15	   -3.00	0	    1.00	1	5	 1210.64	-6	7	NULL
real	BR	190	12	-15	   -3.00	0	    1.00	1	7	  976.47	-6	5	NULL
real	DL	191	12	15	   -1.00	1	   -1.00	0	3	  471.64	-6	5	NULL
real	HL	192	12	15	    0.00	0	    1.00	1	8	  813.66	-3	5	NULL
real	AL	193	13	-15	   -2.00	1	   -1.00	1	9	  583.75	-6	7	NULL
real	EL	194	13	-15	   -4.00	1	   -1.00	0	7	  451.64	-3	7	NULL
real	DL	195	13	15	   -2.00	0	    1.00	1	4	  500.42	-6	5	NULL
real	CR	196	13	15	    0.00	1	   -1.00	0	4	  399.39	-6	7	NULL
real	AR	197	13	-15	   -2.00	0	    1.00	0	5	  408.08	-6	7	NULL
real	FL	198	13	-15	   -4.00	0	    1.00	1	8	  418.20	-3	5	NULL
real	BL	199	13	-15	   -2.00	0	    1.00	1	5	 1121.97	-6	5	NULL
real	GL	200	13	15	    0.00	0	    1.00	1	6	  770.27	-3	7	NULL
real	BR	201	13	-15	   -2.00	1	   -1.00	1	8	  607.29	-6	5	NULL
real	DR	202	13	15	    0.00	1	   -1.00	0	4	  517.36	-6	5	NULL
real	GR	203	13	15	   -1.00	0	    1.00	1	7	  521.35	-3	7	NULL
real	CL	204	13	15	   -1.00	0	    1.00	0	6	  590.48	-6	7	NULL
real	ER	205	13	-15	   -3.00	1	   -1.00	0	4	  521.08	-3	7	NULL
real	FR	206	13	-15	   -2.00	1	   -1.00	1	6	  573.63	-3	5	NULL
real	HL	207	13	15	    1.00	1	   -1.00	1	9	  450.76	-3	5	NULL
real	HR	208	13	15	    1.00	0	    1.00	0	7	  791.69	-3	5	NULL
real	ER	209	14	-15	   -4.00	0	    1.00	1	5	  471.99	-3	7	NULL
real	HL	210	14	15	    0.00	1	   -1.00	0	9	  484.62	-3	5	NULL
real	DL	211	14	15	   -1.00	0	    1.00	0	4	  541.69	-6	5	NULL
real	CR	212	14	15	   -1.00	0	    1.00	1	5	  565.22	-6	7	NULL
real	FR	213	14	-15	   -3.00	1	   -1.00	0	6	  622.05	-3	5	NULL
real	AR	214	14	-15	   -1.00	1	   -1.00	1	6	  510.94	-6	7	NULL
real	BR	215	14	-15	   -3.00	0	    1.00	1	9	  629.46	-6	5	NULL
real	EL	216	14	-15	   -5.00	0	    1.00	1	8	  424.75	-3	7	NULL
real	HR	217	14	15	    2.00	1	   -1.00	1	8	  467.44	-3	5	NULL
real	GL	218	14	15	    1.00	1	   -1.00	1	7	  419.32	-3	7	NULL
real	GR	219	14	15	    0.00	0	    1.00	0	7	  581.22	-3	7	NULL
real	FL	220	14	-15	   -3.00	1	   -1.00	1	9	  824.24	-3	5	NULL
real	AL	221	14	-15	   -3.00	0	    1.00	1	10	  415.58	-6	7	NULL
real	BL	222	14	-15	   -1.00	1	   -1.00	1	6	  472.10	-6	5	NULL
real	DR	223	14	15	   -1.00	0	    1.00	1	5	  570.93	-6	5	NULL
real	CL	224	14	15	    0.00	1	   -1.00	1	7	  684.06	-6	7	NULL
real	EL	225	15	-15	   -4.00	0	    1.00	0	8	  448.58	-3	7	NULL
real	CL	226	15	15	   -1.00	0	    1.00	1	8	  708.73	-6	7	NULL
real	FL	227	15	-15	   -4.00	0	    1.00	1	10	  510.83	-3	5	NULL
real	CR	228	15	15	    0.00	0	    1.00	0	5	  592.96	-6	7	NULL
real	GL	229	15	15	    0.00	0	    1.00	1	8	  622.03	-3	7	NULL
real	HL	230	15	15	   -1.00	0	    1.00	1	10	  566.68	-3	5	NULL
real	DR	231	15	15	    0.00	0	    1.00	0	5	  699.69	-6	5	NULL
real	GR	232	15	15	    1.00	0	    1.00	0	7	  491.50	-3	7	NULL
real	BL	233	15	-15	   -2.00	1	   -1.00	0	6	  643.28	-6	5	NULL
real	HR	234	15	15	    1.00	0	    1.00	1	9	  543.72	-3	5	NULL
real	FR	235	15	-15	   -4.00	0	    1.00	1	7	  489.65	-3	5	NULL
real	AL	236	15	-15	   -2.00	1	   -1.00	1	11	  803.98	-6	7	NULL
real	DL	237	15	15	    0.00	0	    1.00	0	4	  713.22	-6	5	NULL
real	ER	238	15	-15	   -3.00	1	   -1.00	1	6	  660.93	-3	7	NULL
real	BR	239	15	-15	   -2.00	0	    1.00	0	9	  664.53	-6	5	NULL
real	AR	240	15	-15	   -2.00	0	    1.00	1	7	  474.12	-6	7	NULL
real	DL	241	16	15	    1.00	1	   -1.00	1	5	  728.08	-6	5	NULL
real	BR	242	16	-15	   -1.00	1	   -1.00	1	10	  525.62	-6	5	NULL
real	HL	243	16	15	    0.00	0	    1.00	0	10	  486.36	-3	5	NULL
real	GR	244	16	15	    2.00	1	   -1.00	1	8	  856.29	-3	7	NULL
real	GL	245	16	15	    1.00	1	   -1.00	1	9	  644.76	-3	7	NULL
real	BL	246	16	-15	   -3.00	0	    1.00	1	7	  449.34	-6	5	NULL
real	ER	247	16	-15	   -4.00	0	    1.00	1	7	  548.53	-3	7	NULL
real	DR	248	16	15	    1.00	1	   -1.00	1	6	  520.44	-6	5	NULL
real	CR	249	16	15	    1.00	0	    1.00	0	5	  662.29	-6	7	NULL
real	CL	250	16	15	    0.00	0	    1.00	0	8	  618.19	-6	7	NULL
real	AR	251	16	-15	   -1.00	1	   -1.00	1	8	  471.33	-6	7	NULL
real	HR	252	16	15	    2.00	1	   -1.00	1	10	  428.14	-3	5	NULL
real	FR	253	16	-15	   -3.00	0	    1.00	0	7	  439.22	-3	5	NULL
real	EL	254	16	-15	   -3.00	0	    1.00	0	8	  484.84	-3	7	NULL
real	FL	255	16	-15	   -3.00	0	    1.00	0	10	  560.92	-3	5	NULL
real	AL	256	16	-15	   -3.00	1	   -1.00	0	11	  639.56	-6	7	NULL
real	BL	257	17	-15	   -2.00	0	    1.00	0	7	  700.08	-6	5	NULL
real	EL	258	17	-15	   -2.00	0	    1.00	0	8	 8813.12	-3	7	NULL
real	AL	259	17	-15	   -4.00	0	    1.00	1	12	  505.66	-6	7	NULL
real	AR	260	17	-15	   -2.00	0	    1.00	1	9	  529.08	-6	7	NULL
real	HL	261	17	15	    1.00	1	   -1.00	1	11	  448.27	-3	5	NULL
real	HR	262	17	15	    1.00	1	   -1.00	0	10	  444.56	-3	5	NULL
real	BR	263	17	-15	   -2.00	1	   -1.00	0	10	  508.45	-6	5	NULL
real	DL	264	17	15	    0.00	1	   -1.00	0	5	  473.80	-6	5	NULL
real	ER	265	17	-15	   -3.00	1	   -1.00	1	8	  561.94	-3	7	NULL
real	FR	266	17	-15	   -2.00	1	   -1.00	1	8	  385.64	-3	5	NULL
real	GR	267	17	15	    1.00	1	   -1.00	0	8	  375.08	-3	7	NULL
real	CL	268	17	15	    1.00	1	   -1.00	1	9	  450.42	-6	7	NULL
real	CR	269	17	15	    2.00	1	   -1.00	1	6	  464.41	-6	7	NULL
real	DR	270	17	15	    0.00	0	    1.00	1	7	  656.76	-6	5	NULL
real	GL	271	17	15	    0.00	0	    1.00	1	10	  545.45	-3	7	NULL
real	FL	272	17	-15	   -2.00	1	   -1.00	1	11	  581.55	-3	5	NULL
real	ER	273	18	-15	   -4.00	0	    1.00	1	9	  465.71	-3	7	NULL
real	HR	274	18	15	    0.00	1	   -1.00	0	10	  483.58	-3	5	NULL
real	DL	275	18	15	   -1.00	0	    1.00	1	6	  460.99	-6	5	NULL
real	FL	276	18	-15	   -3.00	1	   -1.00	0	11	  738.39	-3	5	NULL
real	EL	277	18	-15	   -1.00	1	   -1.00	1	9	  480.20	-3	7	NULL
real	GL	278	18	15	    1.00	0	    1.00	0	10	 1021.49	-3	7	NULL
real	FR	279	18	-15	   -3.00	1	   -1.00	0	8	  566.77	-3	5	NULL
real	CR	280	18	15	    1.00	1	   -1.00	0	6	 1036.45	-6	7	NULL
real	HL	281	18	15	    0.00	0	    1.00	1	12	  611.43	-3	5	NULL
real	BL	282	18	-15	   -1.00	1	   -1.00	1	8	  784.90	-6	5	NULL
real	GR	283	18	15	    0.00	0	    1.00	1	9	  518.63	-3	7	NULL
real	BR	284	18	-15	   -3.00	0	    1.00	1	11	  768.87	-6	5	NULL
real	DR	285	18	15	    1.00	1	   -1.00	1	8	  454.45	-6	5	NULL
real	CL	286	18	15	    0.00	0	    1.00	1	10	  792.02	-6	7	NULL
real	AR	287	18	-15	   -1.00	0	    1.00	0	9	  676.60	-6	7	NULL
real	ER	288	19	-15	   -3.00	0	    1.00	0	9	  454.19	-3	7	NULL
real	DL	289	19	15	    0.00	1	   -1.00	1	7	 1044.52	-6	5	NULL
real	CL	290	19	15	    1.00	1	   -1.00	1	11	  481.19	-6	7	NULL
real	HR	291	19	15	   -1.00	0	    1.00	1	11	  617.98	-3	5	NULL
real	GL	292	19	15	    2.00	1	   -1.00	1	11	  522.69	-3	7	NULL
real	DR	293	19	15	    0.00	1	   -1.00	0	8	  596.31	-6	5	NULL
real	BR	294	19	-15	   -2.00	0	    1.00	0	11	  525.05	-6	5	NULL
real	BL	295	19	-15	   -2.00	0	    1.00	1	9	  911.35	-6	5	NULL
real	FR	296	19	-15	   -4.00	0	    1.00	1	9	  556.51	-3	5	NULL
real	FL	297	19	-15	   -4.00	0	    1.00	1	12	  483.36	-3	5	NULL
real	EL	298	19	-15	   -2.00	0	    1.00	1	10	 1966.19	-3	7	NULL
real	GR	299	19	15	    1.00	0	    1.00	0	9	  562.63	-3	7	NULL
real	CR	300	19	15	    0.00	1	   -1.00	0	6	  980.46	-6	7	NULL
real	AR	301	19	-15	    0.00	1	   -1.00	1	10	  509.92	-6	7	NULL
real	CL	302	20	15	    0.00	1	   -1.00	0	11	  494.19	-6	7	NULL
real	GR	303	20	15	    2.00	1	   -1.00	1	10	  408.73	-3	7	NULL
real	GL	304	20	15	    1.00	1	   -1.00	0	11	  633.06	-3	7	NULL
real	ER	305	20	-15	   -2.00	1	   -1.00	1	10	  713.01	-3	7	NULL
real	BL	306	20	-15	   -1.00	0	    1.00	0	9	  818.38	-6	5	NULL
real	DL	307	20	15	   -1.00	0	    1.00	1	8	  763.80	-6	5	NULL
real	EL	308	20	-15	   -1.00	1	   -1.00	1	11	  508.63	-3	7	NULL
real	AR	309	20	-15	   -1.00	1	   -1.00	0	10	  714.77	-6	7	NULL
real	FR	310	20	-15	   -3.00	0	    1.00	0	9	 1149.74	-3	5	NULL
real	CR	311	20	15	   -1.00	0	    1.00	1	7	 1434.62	-6	7	NULL
real	HR	312	20	15	    0.00	1	   -1.00	1	12	  734.98	-3	5	NULL
real	DR	313	20	15	   -1.00	0	    1.00	1	9	  637.50	-6	5	NULL
real	BR	314	20	-15	   -1.00	1	   -1.00	1	12	  549.59	-6	5	NULL
real	BL	315	21	-15	    0.00	1	   -1.00	1	10	  494.93	-6	5	NULL
real	GR	316	21	15	    1.00	0	    1.00	1	11	  729.81	-3	7	NULL
real	CR	317	21	15	    0.00	1	   -1.00	1	8	 1571.77	-6	7	NULL
real	GL	318	21	15	    0.00	1	   -1.00	0	11	  554.56	-3	7	NULL
real	ER	319	21	-15	   -3.00	0	    1.00	1	11	  803.39	-3	7	NULL
real	AR	320	21	-15	   -2.00	1	   -1.00	0	10	  580.73	-6	7	NULL
real	DR	321	21	15	    0.00	1	   -1.00	1	10	 1147.79	-6	5	NULL
real	EL	322	21	-15	   -2.00	0	    1.00	1	12	  636.55	-3	7	NULL
real	CL	323	21	15	   -1.00	1	   -1.00	0	11	 1039.26	-6	7	NULL
real	DL	324	21	15	    0.00	0	    1.00	0	8	  696.16	-6	5	NULL
real	FR	325	21	-15	   -2.00	1	   -1.00	1	10	  771.83	-3	5	NULL
real	CR	326	22	15	   -1.00	1	   -1.00	0	8	 1627.33	-6	7	NULL
real	ER	327	22	-15	   -2.00	1	   -1.00	1	12	  749.30	-3	7	NULL
real	GL	328	22	15	   -1.00	0	    1.00	1	12	  552.38	-3	7	NULL
real	GR	329	22	15	    2.00	1	   -1.00	1	12	  526.68	-3	7	NULL
real	AR	330	22	-15	   -3.00	0	    1.00	1	11	  485.36	-6	7	NULL
real	FR	331	22	-15	   -3.00	1	   -1.00	0	10	  766.87	-3	5	NULL
real	DR	332	22	15	   -1.00	1	   -1.00	0	10	  611.37	-6	5	NULL
real	CL	333	22	15	   -2.00	0	    1.00	1	12	  597.47	-6	7	NULL
real	BL	334	22	-15	   -1.00	1	   -1.00	0	10	  473.56	-6	5	NULL
real	DL	335	22	15	    1.00	1	   -1.00	1	9	  534.62	-6	5	NULL
real	FR	336	23	-15	   -4.00	0	    1.00	1	11	  609.66	-3	5	NULL
real	AR	337	23	-15	   -2.00	1	   -1.00	1	12	  690.04	-6	7	NULL
real	CR	338	23	15	   -2.00	0	    1.00	1	9	  535.08	-6	7	NULL
real	DL	339	23	15	    0.00	1	   -1.00	0	9	  603.49	-6	5	NULL
real	DR	340	23	15	   -2.00	0	    1.00	1	11	  547.13	-6	5	NULL
real	BL	341	23	-15	   -2.00	1	   -1.00	0	10	  710.01	-6	5	NULL
real	DR	342	24	15	   -1.00	0	    1.00	0	11	  614.84	-6	5	NULL
real	DL	343	24	15	   -1.00	0	    1.00	1	10	  741.12	-6	5	NULL
real	CR	344	24	15	   -1.00	0	    1.00	0	9	  813.92	-6	7	NULL
real	FR	345	24	-15	   -3.00	1	   -1.00	1	12	  619.74	-3	5	NULL
real	BL	346	24	-15	   -3.00	0	    1.00	1	11	  546.45	-6	5	NULL
real	DL	347	25	15	    0.00	1	   -1.00	1	11	  490.71	-6	5	NULL
real	DR	348	25	15	    0.00	1	   -1.00	1	12	  458.09	-6	5	NULL
real	BL	349	25	-15	   -2.00	1	   -1.00	1	12	  677.36	-6	5	NULL
real	CR	350	25	15	    0.00	1	   -1.00	1	10	  752.69	-6	7	NULL
real	CR	351	26	15	   -1.00	0	    1.00	1	11	  638.97	-6	7	NULL
real	DL	352	26	15	   -1.00	1	   -1.00	0	11	  615.01	-6	5	NULL
real	DL	353	27	15	   -2.00	0	    1.00	1	12	  473.91	-6	5	NULL
real	CR	354	27	15	    0.00	0	    1.00	0	11	  807.86	-6	7	NULL
real	CR	355	28	15	    1.00	1	   -1.00	1	12	  724.85	-6	7	NULL
