TRIAL_TYPE	trial_variant	TRIAL_NUMBER	TRIAL_ITERATION_VAL	frame_tilt	rod_tilt	response	step_size	reversal	reversal_num	RT	probe_del	alpha_entrain_refreshes	rod_tilt_val
real	DL	1	1	15	  -20.00	0	    8.00	0	0	 3257.49	-6	5	NULL
real	GR	2	1	15	   20.00	1	   -8.00	0	0	 1131.00	-3	7	NULL
real	BR	3	1	-15	   20.00	1	   -8.00	0	0	  686.98	-6	5	NULL
real	ER	4	1	-15	   20.00	1	   -8.00	0	0	  641.65	-3	7	NULL
real	HR	5	1	15	   20.00	1	   -8.00	0	0	  971.92	-3	5	NULL
real	AR	6	1	-15	   20.00	1	   -8.00	0	0	  803.07	-6	7	NULL
real	GL	7	1	15	  -20.00	0	    8.00	0	0	  561.50	-3	7	NULL
real	CR	8	1	15	   20.00	1	   -8.00	0	0	  524.24	-6	7	NULL
real	FL	9	1	-15	  -20.00	0	    8.00	0	0	  510.30	-3	5	NULL
real	FR	10	1	-15	   20.00	1	   -8.00	0	0	  530.14	-3	5	NULL
real	DR	11	1	15	   20.00	1	   -8.00	0	0	  452.82	-6	5	NULL
real	EL	12	1	-15	  -20.00	0	    8.00	0	0	  459.73	-3	7	NULL
real	HL	13	1	15	  -20.00	0	    8.00	0	0	  453.75	-3	5	NULL
real	CL	14	1	15	  -20.00	0	    8.00	0	0	  480.95	-6	7	NULL
real	AL	15	1	-15	  -20.00	0	    8.00	0	0	  449.10	-6	7	NULL
real	BL	16	1	-15	  -20.00	0	    8.00	0	0	  474.23	-6	5	NULL
real	ER	17	2	-15	   12.00	1	   -8.00	0	0	  403.71	-3	7	NULL
real	HL	18	2	15	  -12.00	0	    8.00	0	0	  485.11	-3	5	NULL
real	BR	19	2	-15	   12.00	1	   -8.00	0	0	  502.63	-6	5	NULL
real	FL	20	2	-15	  -12.00	0	    8.00	0	0	  359.43	-3	5	NULL
real	EL	21	2	-15	  -12.00	0	    8.00	0	0	  454.86	-3	7	NULL
real	CR	22	2	15	   12.00	1	   -8.00	0	0	  626.25	-6	7	NULL
real	AR	23	2	-15	   12.00	1	   -8.00	0	0	  599.33	-6	7	NULL
real	FR	24	2	-15	   12.00	1	   -8.00	0	0	  655.33	-3	5	NULL
real	AL	25	2	-15	  -12.00	0	    8.00	0	0	  366.03	-6	7	NULL
real	GR	26	2	15	   12.00	1	   -8.00	0	0	  499.29	-3	7	NULL
real	BL	27	2	-15	  -12.00	0	    8.00	0	0	  479.46	-6	5	NULL
real	DR	28	2	15	   12.00	1	   -8.00	0	0	  486.49	-6	5	NULL
real	HR	29	2	15	   12.00	1	   -8.00	0	0	  428.87	-3	5	NULL
real	DL	30	2	15	  -12.00	0	    8.00	0	0	  417.47	-6	5	NULL
real	CL	31	2	15	  -12.00	0	    8.00	0	0	  474.47	-6	7	NULL
real	GL	32	2	15	  -12.00	0	    8.00	0	0	  403.86	-3	7	NULL
real	DR	33	3	15	    4.00	1	   -8.00	0	0	  429.89	-6	5	NULL
real	GR	34	3	15	    4.00	0	    4.00	1	1	  747.57	-3	7	NULL
real	EL	35	3	-15	   -4.00	1	   -4.00	1	1	  478.10	-3	7	NULL
real	BL	36	3	-15	   -4.00	0	    8.00	0	0	  437.28	-6	5	NULL
real	FL	37	3	-15	   -4.00	1	   -4.00	1	1	 1221.10	-3	5	NULL
real	FR	38	3	-15	    4.00	1	   -8.00	0	0	  855.19	-3	5	NULL
real	BR	39	3	-15	    4.00	0	    4.00	1	1	  527.18	-6	5	NULL
real	DL	40	3	15	   -4.00	0	    8.00	0	0	  676.45	-6	5	NULL
real	HL	41	3	15	   -4.00	0	    8.00	0	0	  563.30	-3	5	NULL
real	CR	42	3	15	    4.00	0	    4.00	1	1	  885.28	-6	7	NULL
real	GL	43	3	15	   -4.00	0	    8.00	0	0	  705.97	-3	7	NULL
real	CL	44	3	15	   -4.00	0	    8.00	0	0	  534.31	-6	7	NULL
real	AL	45	3	-15	   -4.00	0	    8.00	0	0	  492.34	-6	7	NULL
real	HR	46	3	15	    4.00	1	   -8.00	0	0	 2060.94	-3	5	NULL
real	AR	47	3	-15	    4.00	0	    4.00	1	1	  649.32	-6	7	NULL
real	ER	48	3	-15	    4.00	1	   -8.00	0	0	  640.59	-3	7	NULL
real	GL	49	4	15	    4.00	1	   -4.00	1	1	  977.14	-3	7	NULL
real	GR	50	4	15	    8.00	0	    4.00	0	1	 1393.62	-3	7	NULL
real	AL	51	4	-15	    4.00	1	   -4.00	1	1	  635.23	-6	7	NULL
real	DR	52	4	15	   -4.00	0	    4.00	1	1	  557.18	-6	5	NULL
real	HL	53	4	15	    4.00	0	    8.00	0	0	  841.80	-3	5	NULL
real	EL	54	4	-15	   -8.00	0	    2.00	1	2	  556.10	-3	7	NULL
real	HR	55	4	15	   -4.00	0	    4.00	1	1	  495.86	-3	5	NULL
real	BL	56	4	-15	    4.00	1	   -4.00	1	1	  500.81	-6	5	NULL
real	CL	57	4	15	    4.00	0	    8.00	0	0	  711.21	-6	7	NULL
real	ER	58	4	-15	   -4.00	0	    4.00	1	1	  692.13	-3	7	NULL
real	CR	59	4	15	    8.00	1	   -2.00	1	2	  442.86	-6	7	NULL
real	BR	60	4	-15	    8.00	1	   -2.00	1	2	  891.66	-6	5	NULL
real	FR	61	4	-15	   -4.00	0	    4.00	1	1	  893.92	-3	5	NULL
real	DL	62	4	15	    4.00	1	   -4.00	1	1	  541.54	-6	5	NULL
real	AR	63	4	-15	    8.00	1	   -2.00	1	2	  552.54	-6	7	NULL
real	FL	64	4	-15	   -8.00	0	    2.00	1	2	  567.49	-3	5	NULL
real	AR	65	5	-15	    6.00	1	   -2.00	0	2	  575.87	-6	7	NULL
real	BR	66	5	-15	    6.00	1	   -2.00	0	2	  532.62	-6	5	NULL
real	CL	67	5	15	   12.00	1	   -4.00	1	1	  459.50	-6	7	NULL
real	CR	68	5	15	    6.00	1	   -2.00	0	2	 1777.01	-6	7	NULL
real	ER	69	5	-15	    0.00	0	    4.00	0	1	 1368.25	-3	7	NULL
real	HL	70	5	15	   12.00	1	   -4.00	1	1	  541.11	-3	5	NULL
real	EL	71	5	-15	   -6.00	0	    2.00	0	2	  812.04	-3	7	NULL
real	FR	72	5	-15	    0.00	0	    4.00	0	1	 2476.45	-3	5	NULL
real	DR	73	5	15	    0.00	0	    4.00	0	1	 1448.42	-6	5	NULL
real	BL	74	5	-15	    0.00	0	    2.00	1	2	 1135.90	-6	5	NULL
real	GL	75	5	15	    0.00	0	    2.00	1	2	  505.74	-3	7	NULL
real	FL	76	5	-15	   -6.00	0	    2.00	0	2	  613.98	-3	5	NULL
real	AL	77	5	-15	    0.00	0	    2.00	1	2	  814.96	-6	7	NULL
real	HR	78	5	15	    0.00	0	    4.00	0	1	  556.08	-3	5	NULL
real	DL	79	5	15	    0.00	0	    2.00	1	2	  542.78	-6	5	NULL
real	GR	80	5	15	   12.00	1	   -2.00	1	2	  400.67	-3	7	NULL
real	FR	81	6	-15	    4.00	1	   -2.00	1	2	  440.06	-3	5	NULL
real	GR	82	6	15	   10.00	1	   -2.00	0	2	  671.80	-3	7	NULL
real	DL	83	6	15	    2.00	0	    2.00	0	2	 2505.04	-6	5	NULL
real	CR	84	6	15	    4.00	0	    1.00	1	3	  997.37	-6	7	NULL
real	FL	85	6	-15	   -4.00	0	    2.00	0	2	  565.03	-3	5	NULL
real	AR	86	6	-15	    4.00	1	   -2.00	0	2	  817.31	-6	7	NULL
real	AL	87	6	-15	    2.00	0	    2.00	0	2	 1195.49	-6	7	NULL
real	DR	88	6	15	    4.00	0	    4.00	0	1	  792.64	-6	5	NULL
real	HR	89	6	15	    4.00	0	    4.00	0	1	 1039.57	-3	5	NULL
real	BL	90	6	-15	    2.00	1	   -1.00	1	3	 1017.20	-6	5	NULL
real	ER	91	6	-15	    4.00	0	    4.00	0	1	  392.53	-3	7	NULL
real	EL	92	6	-15	   -4.00	0	    2.00	0	2	  466.07	-3	7	NULL
real	CL	93	6	15	    8.00	1	   -4.00	0	1	  641.37	-6	7	NULL
real	HL	94	6	15	    8.00	1	   -4.00	0	1	  716.82	-3	5	NULL
real	BR	95	6	-15	    4.00	1	   -2.00	0	2	  492.69	-6	5	NULL
real	GL	96	6	15	    2.00	0	    2.00	0	2	  482.79	-3	7	NULL
real	FL	97	7	-15	   -2.00	0	    2.00	0	2	  714.44	-3	5	NULL
real	FR	98	7	-15	    2.00	0	    1.00	1	3	  851.34	-3	5	NULL
real	DR	99	7	15	    8.00	1	   -2.00	1	2	  500.17	-6	5	NULL
real	EL	100	7	-15	   -2.00	0	    2.00	0	2	 1160.08	-3	7	NULL
real	DL	101	7	15	    4.00	0	    2.00	0	2	  486.56	-6	5	NULL
real	HR	102	7	15	    8.00	1	   -2.00	1	2	  539.78	-3	5	NULL
real	AR	103	7	-15	    2.00	1	   -2.00	0	2	  430.27	-6	7	NULL
real	GR	104	7	15	    8.00	1	   -2.00	0	2	  329.63	-3	7	NULL
real	BL	105	7	-15	    1.00	1	   -1.00	0	3	  620.15	-6	5	NULL
real	CL	106	7	15	    4.00	0	    2.00	1	2	  596.21	-6	7	NULL
real	GL	107	7	15	    4.00	0	    2.00	0	2	  704.69	-3	7	NULL
real	BR	108	7	-15	    2.00	0	    1.00	1	3	 1438.39	-6	5	NULL
real	ER	109	7	-15	    8.00	1	   -2.00	1	2	  462.53	-3	7	NULL
real	AL	110	7	-15	    4.00	1	   -1.00	1	3	  650.39	-6	7	NULL
real	HL	111	7	15	    4.00	1	   -4.00	0	1	  755.30	-3	5	NULL
real	CR	112	7	15	    5.00	1	   -1.00	1	4	  457.36	-6	7	NULL
real	CR	113	8	15	    4.00	1	   -1.00	0	4	  403.30	-6	7	NULL
real	HR	114	8	15	    6.00	1	   -2.00	0	2	  568.76	-3	5	NULL
real	BR	115	8	-15	    3.00	1	   -1.00	1	4	  514.58	-6	5	NULL
real	FL	116	8	-15	    0.00	0	    2.00	0	2	  398.01	-3	5	NULL
real	FR	117	8	-15	    3.00	1	   -1.00	1	4	  491.92	-3	5	NULL
real	CL	118	8	15	    6.00	1	   -1.00	1	3	  544.28	-6	7	NULL
real	DL	119	8	15	    6.00	1	   -1.00	1	3	  492.80	-6	5	NULL
real	HL	120	8	15	    0.00	0	    2.00	1	2	  510.30	-3	5	NULL
real	GR	121	8	15	    6.00	0	    1.00	1	3	  656.63	-3	7	NULL
real	EL	122	8	-15	    0.00	1	   -1.00	1	3	  699.06	-3	7	NULL
real	GL	123	8	15	    6.00	1	   -1.00	1	3	  545.69	-3	7	NULL
real	AL	124	8	-15	    3.00	1	   -1.00	0	3	  722.59	-6	7	NULL
real	ER	125	8	-15	    6.00	1	   -2.00	0	2	 2018.94	-3	7	NULL
real	AR	126	8	-15	    0.00	0	    1.00	1	3	  538.55	-6	7	NULL
real	DR	127	8	15	    6.00	1	   -2.00	0	2	  496.45	-6	5	NULL
real	BL	128	8	-15	    0.00	1	   -1.00	0	3	  611.72	-6	5	NULL
real	DR	129	9	15	    4.00	1	   -2.00	0	2	  442.08	-6	5	NULL
real	BL	130	9	-15	   -1.00	0	    1.00	1	4	  419.93	-6	5	NULL
real	DL	131	9	15	    5.00	1	   -1.00	0	3	  945.40	-6	5	NULL
real	EL	132	9	-15	   -1.00	0	    1.00	1	4	  446.30	-3	7	NULL
real	AL	133	9	-15	    2.00	1	   -1.00	0	3	  728.68	-6	7	NULL
real	GL	134	9	15	    5.00	1	   -1.00	0	3	  769.97	-3	7	NULL
real	HL	135	9	15	    2.00	0	    2.00	0	2	  718.60	-3	5	NULL
real	HR	136	9	15	    4.00	0	    1.00	1	3	  889.36	-3	5	NULL
real	GR	137	9	15	    7.00	1	   -1.00	1	4	  750.12	-3	7	NULL
real	CR	138	9	15	    3.00	0	    1.00	1	5	  509.65	-6	7	NULL
real	AR	139	9	-15	    1.00	0	    1.00	0	3	  705.14	-6	7	NULL
real	BR	140	9	-15	    2.00	1	   -1.00	0	4	  704.20	-6	5	NULL
real	FR	141	9	-15	    2.00	1	   -1.00	0	4	  558.00	-3	5	NULL
real	FL	142	9	-15	    2.00	1	   -1.00	1	3	  472.70	-3	5	NULL
real	ER	143	9	-15	    4.00	1	   -2.00	0	2	  455.06	-3	7	NULL
real	CL	144	9	15	    5.00	1	   -1.00	0	3	  442.18	-6	7	NULL
real	FR	145	10	-15	    1.00	1	   -1.00	0	4	  601.15	-3	5	NULL
real	ER	146	10	-15	    2.00	1	   -2.00	0	2	  513.29	-3	7	NULL
real	HL	147	10	15	    4.00	1	   -1.00	1	3	  432.87	-3	5	NULL
real	AR	148	10	-15	    2.00	1	   -1.00	1	4	  588.23	-6	7	NULL
real	GR	149	10	15	    6.00	1	   -1.00	0	4	  432.58	-3	7	NULL
real	HR	150	10	15	    5.00	1	   -1.00	1	4	  485.41	-3	5	NULL
real	DR	151	10	15	    2.00	1	   -2.00	0	2	  570.78	-6	5	NULL
real	CL	152	10	15	    4.00	1	   -1.00	0	3	  617.66	-6	7	NULL
real	CR	153	10	15	    4.00	0	    1.00	0	5	 2622.32	-6	7	NULL
real	BL	154	10	-15	    0.00	1	   -1.00	1	5	  680.77	-6	5	NULL
real	DL	155	10	15	    4.00	1	   -1.00	0	3	  936.85	-6	5	NULL
real	EL	156	10	-15	    0.00	1	   -1.00	1	5	 3165.21	-3	7	NULL
real	BR	157	10	-15	    1.00	1	   -1.00	0	4	  557.76	-6	5	NULL
real	GL	158	10	15	    4.00	1	   -1.00	0	3	 1099.65	-3	7	NULL
real	FL	159	10	-15	    1.00	1	   -1.00	0	3	  923.72	-3	5	NULL
real	AL	160	10	-15	    1.00	1	   -1.00	0	3	  654.11	-6	7	NULL
real	GL	161	11	15	    3.00	0	    1.00	1	4	  555.09	-3	7	NULL
real	AL	162	11	-15	    0.00	0	    1.00	1	4	  450.80	-6	7	NULL
real	GR	163	11	15	    5.00	1	   -1.00	0	4	  934.18	-3	7	NULL
real	FR	164	11	-15	    0.00	1	   -1.00	0	4	  908.05	-3	5	NULL
real	DR	165	11	15	    0.00	0	    1.00	1	3	  519.11	-6	5	NULL
real	CR	166	11	15	    5.00	1	   -1.00	1	6	  542.39	-6	7	NULL
real	AR	167	11	-15	    1.00	1	   -1.00	0	4	  633.07	-6	7	NULL
real	HL	168	11	15	    3.00	0	    1.00	1	4	  720.91	-3	5	NULL
real	BL	169	11	-15	   -1.00	0	    1.00	1	6	  574.94	-6	5	NULL
real	CL	170	11	15	    3.00	1	   -1.00	0	3	  620.11	-6	7	NULL
real	FL	171	11	-15	    0.00	1	   -1.00	0	3	  875.35	-3	5	NULL
real	BR	172	11	-15	    0.00	0	    1.00	1	5	  643.35	-6	5	NULL
real	EL	173	11	-15	   -1.00	0	    1.00	1	6	  822.80	-3	7	NULL
real	HR	174	11	15	    4.00	1	   -1.00	0	4	  628.39	-3	5	NULL
real	DL	175	11	15	    3.00	1	   -1.00	0	3	  675.73	-6	5	NULL
real	ER	176	11	-15	    0.00	0	    1.00	1	3	  820.67	-3	7	NULL
real	DR	177	12	15	    1.00	0	    1.00	0	3	  573.27	-6	5	NULL
real	HR	178	12	15	    3.00	0	    1.00	1	5	  662.85	-3	5	NULL
real	BL	179	12	-15	    0.00	0	    1.00	0	6	  824.27	-6	5	NULL
real	HL	180	12	15	    4.00	0	    1.00	0	4	  762.69	-3	5	NULL
real	EL	181	12	-15	    0.00	0	    1.00	0	6	  680.61	-3	7	NULL
real	AR	182	12	-15	    0.00	0	    1.00	1	5	  744.27	-6	7	NULL
real	CL	183	12	15	    2.00	0	    1.00	1	4	  632.62	-6	7	NULL
real	GL	184	12	15	    4.00	0	    1.00	0	4	  718.54	-3	7	NULL
real	BR	185	12	-15	    1.00	1	   -1.00	1	6	  901.26	-6	5	NULL
real	AL	186	12	-15	    1.00	0	    1.00	0	4	  825.59	-6	7	NULL
real	FR	187	12	-15	   -1.00	1	   -1.00	0	4	 1755.61	-3	5	NULL
real	GR	188	12	15	    4.00	0	    1.00	1	5	  939.85	-3	7	NULL
real	CR	189	12	15	    4.00	0	    1.00	1	7	  707.52	-6	7	NULL
real	ER	190	12	-15	    1.00	1	   -1.00	1	4	  632.23	-3	7	NULL
real	DL	191	12	15	    2.00	1	   -1.00	0	3	 1103.61	-6	5	NULL
real	FL	192	12	-15	   -1.00	1	   -1.00	0	3	  749.83	-3	5	NULL
real	FR	193	13	-15	   -2.00	1	   -1.00	0	4	  927.43	-3	5	NULL
real	AL	194	13	-15	    2.00	1	   -1.00	1	5	  524.68	-6	7	NULL
real	GR	195	13	15	    5.00	1	   -1.00	1	6	  502.99	-3	7	NULL
real	DR	196	13	15	    2.00	1	   -1.00	1	4	 1031.31	-6	5	NULL
real	FL	197	13	-15	   -2.00	0	    1.00	1	4	  493.72	-3	5	NULL
real	HL	198	13	15	    5.00	1	   -1.00	1	5	  491.07	-3	5	NULL
real	HR	199	13	15	    4.00	1	   -1.00	1	6	  520.94	-3	5	NULL
real	DL	200	13	15	    1.00	0	    1.00	1	4	  454.59	-6	5	NULL
real	CL	201	13	15	    3.00	1	   -1.00	1	5	  654.54	-6	7	NULL
real	ER	202	13	-15	    0.00	1	   -1.00	0	4	  644.16	-3	7	NULL
real	GL	203	13	15	    5.00	1	   -1.00	1	5	  767.66	-3	7	NULL
real	EL	204	13	-15	    1.00	1	   -1.00	1	7	  591.19	-3	7	NULL
real	BR	205	13	-15	    0.00	1	   -1.00	0	6	  612.02	-6	5	NULL
real	CR	206	13	15	    5.00	1	   -1.00	1	8	  438.32	-6	7	NULL
real	AR	207	13	-15	    1.00	1	   -1.00	1	6	  503.39	-6	7	NULL
real	BL	208	13	-15	    1.00	1	   -1.00	1	7	  463.37	-6	5	NULL
real	HL	209	14	15	    4.00	1	   -1.00	0	5	  383.71	-3	5	NULL
real	BR	210	14	-15	   -1.00	0	    1.00	1	7	  432.76	-6	5	NULL
real	BL	211	14	-15	    0.00	0	    1.00	1	8	  925.12	-6	5	NULL
real	CR	212	14	15	    4.00	0	    1.00	1	9	  888.13	-6	7	NULL
real	EL	213	14	-15	    0.00	1	   -1.00	0	7	  784.97	-3	7	NULL
real	DL	214	14	15	    2.00	1	   -1.00	1	5	 1212.15	-6	5	NULL
real	ER	215	14	-15	   -1.00	1	   -1.00	0	4	  679.98	-3	7	NULL
real	CL	216	14	15	    2.00	0	    1.00	1	6	  958.00	-6	7	NULL
real	HR	217	14	15	    3.00	1	   -1.00	0	6	  718.91	-3	5	NULL
real	DR	218	14	15	    1.00	1	   -1.00	0	4	  741.79	-6	5	NULL
real	AL	219	14	-15	    1.00	1	   -1.00	0	5	  550.97	-6	7	NULL
real	AR	220	14	-15	    0.00	1	   -1.00	0	6	  553.74	-6	7	NULL
real	GL	221	14	15	    4.00	1	   -1.00	0	5	  424.04	-3	7	NULL
real	FR	222	14	-15	   -3.00	0	    1.00	1	5	  587.08	-3	5	NULL
real	FL	223	14	-15	   -1.00	1	   -1.00	1	5	  677.64	-3	5	NULL
real	GR	224	14	15	    4.00	1	   -1.00	0	6	  454.79	-3	7	NULL
real	FL	225	15	-15	   -2.00	1	   -1.00	0	5	  714.49	-3	5	NULL
real	DL	226	15	15	    1.00	0	    1.00	1	6	  641.56	-6	5	NULL
real	AR	227	15	-15	   -1.00	0	    1.00	1	7	  556.81	-6	7	NULL
real	AL	228	15	-15	    0.00	1	   -1.00	0	5	  727.42	-6	7	NULL
real	ER	229	15	-15	   -2.00	0	    1.00	1	5	  498.94	-3	7	NULL
real	GL	230	15	15	    3.00	1	   -1.00	0	5	  534.94	-3	7	NULL
real	DR	231	15	15	    0.00	0	    1.00	1	5	  736.13	-6	5	NULL
real	CR	232	15	15	    5.00	1	   -1.00	1	10	  716.76	-6	7	NULL
real	CL	233	15	15	    3.00	1	   -1.00	1	7	  632.81	-6	7	NULL
real	GR	234	15	15	    3.00	0	    1.00	1	7	  846.06	-3	7	NULL
real	BL	235	15	-15	    1.00	1	   -1.00	1	9	  634.29	-6	5	NULL
real	HR	236	15	15	    2.00	1	   -1.00	0	6	  471.25	-3	5	NULL
real	EL	237	15	-15	   -1.00	1	   -1.00	0	7	  574.03	-3	7	NULL
real	BR	238	15	-15	    0.00	1	   -1.00	1	8	  608.11	-6	5	NULL
real	HL	239	15	15	    3.00	1	   -1.00	0	5	  529.00	-3	5	NULL
real	FR	240	15	-15	   -2.00	1	   -1.00	1	6	  769.60	-3	5	NULL
real	GR	241	16	15	    4.00	1	   -1.00	1	8	  931.58	-3	7	NULL
real	EL	242	16	-15	   -2.00	0	    1.00	1	8	 1207.26	-3	7	NULL
real	BL	243	16	-15	    0.00	1	   -1.00	0	9	  559.35	-6	5	NULL
real	GL	244	16	15	    2.00	0	    1.00	1	6	  826.60	-3	7	NULL
real	AR	245	16	-15	    0.00	1	   -1.00	1	8	  578.92	-6	7	NULL
real	DR	246	16	15	    1.00	0	    1.00	0	5	  820.15	-6	5	NULL
real	CR	247	16	15	    4.00	1	   -1.00	0	10	  676.02	-6	7	NULL
real	HL	248	16	15	    2.00	0	    1.00	1	6	  767.00	-3	5	NULL
real	HR	249	16	15	    1.00	0	    1.00	1	7	  682.70	-3	5	NULL
real	AL	250	16	-15	   -1.00	0	    1.00	1	6	 1033.92	-6	7	NULL
real	DL	251	16	15	    2.00	1	   -1.00	1	7	  471.25	-6	5	NULL
real	BR	252	16	-15	   -1.00	0	    1.00	1	9	  716.92	-6	5	NULL
real	FR	253	16	-15	   -3.00	1	   -1.00	0	6	  898.56	-3	5	NULL
real	CL	254	16	15	    2.00	1	   -1.00	0	7	  478.91	-6	7	NULL
real	ER	255	16	-15	   -1.00	1	   -1.00	1	6	  541.86	-3	7	NULL
real	FL	256	16	-15	   -3.00	0	    1.00	1	6	  613.22	-3	5	NULL
real	GR	257	17	15	    3.00	1	   -1.00	0	8	  686.31	-3	7	NULL
real	AL	258	17	-15	    0.00	1	   -1.00	1	7	  658.44	-6	7	NULL
real	CR	259	17	15	    3.00	1	   -1.00	0	10	  499.80	-6	7	NULL
real	BL	260	17	-15	   -1.00	0	    1.00	1	10	  719.93	-6	5	NULL
real	DL	261	17	15	    1.00	0	    1.00	1	8	  703.67	-6	5	NULL
real	EL	262	17	-15	   -1.00	1	   -1.00	1	9	  624.40	-3	7	NULL
real	ER	263	17	-15	   -2.00	0	    1.00	1	7	  690.40	-3	7	NULL
real	HL	264	17	15	    3.00	1	   -1.00	1	7	  891.73	-3	5	NULL
real	FR	265	17	-15	   -4.00	0	    1.00	1	7	  506.60	-3	5	NULL
real	CL	266	17	15	    1.00	0	    1.00	1	8	  571.79	-6	7	NULL
real	BR	267	17	-15	    0.00	1	   -1.00	1	10	  606.69	-6	5	NULL
real	AR	268	17	-15	   -1.00	0	    1.00	1	9	  526.38	-6	7	NULL
real	GL	269	17	15	    3.00	0	    1.00	0	6	  691.45	-3	7	NULL
real	FL	270	17	-15	   -2.00	0	    1.00	0	6	  521.74	-3	5	NULL
real	DR	271	17	15	    2.00	0	    1.00	0	5	 1745.14	-6	5	NULL
real	HR	272	17	15	    2.00	0	    1.00	0	7	  573.38	-3	5	NULL
real	ER	273	18	-15	   -1.00	1	   -1.00	1	8	  634.42	-3	7	NULL
real	GL	274	18	15	    4.00	1	   -1.00	1	7	  788.68	-3	7	NULL
real	HL	275	18	15	    2.00	0	    1.00	1	8	  548.91	-3	5	NULL
real	DR	276	18	15	    3.00	1	   -1.00	1	6	  664.59	-6	5	NULL
real	CL	277	18	15	    2.00	0	    1.00	0	8	  537.36	-6	7	NULL
real	HR	278	18	15	    3.00	0	    1.00	0	7	  710.79	-3	5	NULL
real	AL	279	18	-15	   -1.00	0	    1.00	1	8	  439.32	-6	7	NULL
real	DL	280	18	15	    2.00	0	    1.00	0	8	  608.32	-6	5	NULL
real	FL	281	18	-15	   -1.00	0	    1.00	0	6	 1319.20	-3	5	NULL
real	BR	282	18	-15	   -1.00	0	    1.00	1	11	  518.21	-6	5	NULL
real	EL	283	18	-15	   -2.00	0	    1.00	1	10	  554.64	-3	7	NULL
real	FR	284	18	-15	   -3.00	0	    1.00	0	7	  468.30	-3	5	NULL
real	CR	285	18	15	    2.00	1	   -1.00	0	10	  644.46	-6	7	NULL
real	GR	286	18	15	    2.00	0	    1.00	1	9	  686.95	-3	7	NULL
real	BL	287	18	-15	    0.00	1	   -1.00	1	11	  656.91	-6	5	NULL
real	AR	288	18	-15	    0.00	1	   -1.00	1	10	  661.81	-6	7	NULL
real	HL	289	19	15	    3.00	1	   -1.00	1	9	  673.83	-3	5	NULL
real	GR	290	19	15	    3.00	1	   -1.00	1	10	  451.28	-3	7	NULL
real	AL	291	19	-15	    0.00	1	   -1.00	1	9	  688.01	-6	7	NULL
real	CL	292	19	15	    3.00	1	   -1.00	1	9	  633.41	-6	7	NULL
real	FL	293	19	-15	    0.00	1	   -1.00	1	7	  735.55	-3	5	NULL
real	FR	294	19	-15	   -2.00	1	   -1.00	1	8	  644.70	-3	5	NULL
real	AR	295	19	-15	   -1.00	1	   -1.00	0	10	  603.01	-6	7	NULL
real	GL	296	19	15	    3.00	1	   -1.00	0	7	  939.66	-3	7	NULL
real	EL	297	19	-15	   -1.00	1	   -1.00	1	11	  648.45	-3	7	NULL
real	DL	298	19	15	    3.00	1	   -1.00	1	9	  513.08	-6	5	NULL
real	HR	299	19	15	    4.00	1	   -1.00	1	8	  664.68	-3	5	NULL
real	DR	300	19	15	    2.00	1	   -1.00	0	6	  521.79	-6	5	NULL
real	CR	301	19	15	    1.00	0	    1.00	1	11	  579.61	-6	7	NULL
real	BL	302	19	-15	   -1.00	1	   -1.00	0	11	  762.30	-6	5	NULL
real	BR	303	19	-15	    0.00	1	   -1.00	1	12	  675.85	-6	5	NULL
real	ER	304	19	-15	   -2.00	1	   -1.00	0	8	 1185.66	-3	7	NULL
real	CR	305	20	15	    2.00	1	   -1.00	1	12	  775.46	-6	7	NULL
real	AR	306	20	-15	   -2.00	0	    1.00	1	11	  621.14	-6	7	NULL
real	DR	307	20	15	    1.00	0	    1.00	1	7	  668.57	-6	5	NULL
real	HR	308	20	15	    3.00	1	   -1.00	0	8	  837.63	-3	5	NULL
real	ER	309	20	-15	   -3.00	0	    1.00	1	9	  534.51	-3	7	NULL
real	GL	310	20	15	    2.00	0	    1.00	1	8	  508.61	-3	7	NULL
real	CL	311	20	15	    2.00	0	    1.00	1	10	  586.21	-6	7	NULL
real	FL	312	20	-15	   -1.00	1	   -1.00	0	7	  706.20	-3	5	NULL
real	GR	313	20	15	    2.00	0	    1.00	1	11	  630.03	-3	7	NULL
real	DL	314	20	15	    2.00	0	    1.00	1	10	  619.15	-6	5	NULL
real	HL	315	20	15	    2.00	0	    1.00	1	10	  692.35	-3	5	NULL
real	BL	316	20	-15	   -2.00	0	    1.00	1	12	  475.94	-6	5	NULL
real	FR	317	20	-15	   -3.00	0	    1.00	1	9	  592.83	-3	5	NULL
real	AL	318	20	-15	   -1.00	0	    1.00	1	10	  602.42	-6	7	NULL
real	EL	319	20	-15	   -2.00	1	   -1.00	0	11	  864.99	-3	7	NULL
real	HL	320	21	15	    3.00	1	   -1.00	1	11	  922.89	-3	5	NULL
real	DR	321	21	15	    2.00	1	   -1.00	1	8	  833.98	-6	5	NULL
real	EL	322	21	-15	   -3.00	0	    1.00	1	12	 1093.77	-3	7	NULL
real	HR	323	21	15	    2.00	0	    1.00	1	9	 2959.83	-3	5	NULL
real	AL	324	21	-15	    0.00	0	    1.00	0	10	 1436.25	-6	7	NULL
real	FR	325	21	-15	   -2.00	1	   -1.00	1	10	  782.21	-3	5	NULL
real	ER	326	21	-15	   -2.00	1	   -1.00	1	10	  754.86	-3	7	NULL
real	GR	327	21	15	    3.00	1	   -1.00	1	12	  704.77	-3	7	NULL
real	CL	328	21	15	    3.00	1	   -1.00	1	11	  496.20	-6	7	NULL
real	GL	329	21	15	    3.00	0	    1.00	0	8	  657.65	-3	7	NULL
real	FL	330	21	-15	   -2.00	0	    1.00	1	8	 1097.56	-3	5	NULL
real	DL	331	21	15	    3.00	1	   -1.00	1	11	  626.92	-6	5	NULL
real	AR	332	21	-15	   -1.00	1	   -1.00	1	12	  855.70	-6	7	NULL
real	FL	333	22	-15	   -1.00	1	   -1.00	1	9	  665.93	-3	5	NULL
real	GL	334	22	15	    4.00	1	   -1.00	1	9	  605.60	-3	7	NULL
real	DR	335	22	15	    1.00	0	    1.00	1	9	  737.16	-6	5	NULL
real	FR	336	22	-15	   -3.00	0	    1.00	1	11	  595.22	-3	5	NULL
real	CL	337	22	15	    2.00	0	    1.00	1	12	  579.29	-6	7	NULL
real	HL	338	22	15	    2.00	1	   -1.00	0	11	 1387.26	-3	5	NULL
real	HR	339	22	15	    3.00	1	   -1.00	1	10	 1002.56	-3	5	NULL
real	AL	340	22	-15	    1.00	1	   -1.00	1	11	  600.03	-6	7	NULL
real	ER	341	22	-15	   -3.00	0	    1.00	1	11	  482.46	-3	7	NULL
real	DL	342	22	15	    2.00	1	   -1.00	0	11	  447.83	-6	5	NULL
real	AL	343	23	-15	    0.00	1	   -1.00	0	11	  657.99	-6	7	NULL
real	GL	344	23	15	    3.00	0	    1.00	1	10	  633.23	-3	7	NULL
real	FL	345	23	-15	   -2.00	0	    1.00	1	10	  616.96	-3	5	NULL
real	FR	346	23	-15	   -2.00	0	    1.00	0	11	  694.73	-3	5	NULL
real	HR	347	23	15	    2.00	0	    1.00	1	11	  598.89	-3	5	NULL
real	DL	348	23	15	    1.00	0	    1.00	1	12	  471.09	-6	5	NULL
real	ER	349	23	-15	   -2.00	0	    1.00	0	11	  410.77	-3	7	NULL
real	HL	350	23	15	    1.00	0	    1.00	1	12	  740.40	-3	5	NULL
real	DR	351	23	15	    2.00	1	   -1.00	1	10	  627.87	-6	5	NULL
real	FR	352	24	-15	   -1.00	1	   -1.00	1	12	  659.17	-3	5	NULL
real	GL	353	24	15	    4.00	1	   -1.00	1	11	  489.79	-3	7	NULL
real	FL	354	24	-15	   -1.00	1	   -1.00	1	11	  749.61	-3	5	NULL
real	ER	355	24	-15	   -1.00	1	   -1.00	1	12	  617.81	-3	7	NULL
real	AL	356	24	-15	   -1.00	1	   -1.00	0	11	  738.42	-6	7	NULL
real	HR	357	24	15	    3.00	0	    1.00	0	11	  641.05	-3	5	NULL
real	DR	358	24	15	    1.00	1	   -1.00	0	10	  490.14	-6	5	NULL
real	GL	359	25	15	    3.00	1	   -1.00	0	11	  440.16	-3	7	NULL
real	FL	360	25	-15	   -2.00	0	    1.00	1	12	  572.28	-3	5	NULL
real	HR	361	25	15	    4.00	1	   -1.00	1	12	  604.86	-3	5	NULL
real	AL	362	25	-15	   -2.00	0	    1.00	1	12	  677.29	-6	7	NULL
real	DR	363	25	15	    0.00	1	   -1.00	0	10	  835.68	-6	5	NULL
real	GL	364	26	15	    2.00	1	   -1.00	0	11	  461.43	-3	7	NULL
real	DR	365	26	15	   -1.00	0	    1.00	1	11	  834.65	-6	5	NULL
real	DR	366	27	15	    0.00	0	    1.00	0	11	  566.73	-6	5	NULL
real	GL	367	27	15	    1.00	0	    1.00	1	12	  541.25	-3	7	NULL
real	DR	368	28	15	    1.00	0	    1.00	0	11	  780.39	-6	5	NULL
real	DR	369	29	15	    2.00	0	    1.00	0	11	  670.99	-6	5	NULL
real	DR	370	30	15	    3.00	1	   -1.00	1	12	  554.67	-6	5	NULL
