TRIAL_TYPE	trial_variant	TRIAL_NUMBER	TRIAL_ITERATION_VAL	frame_tilt	rod_tilt	response	step_size	reversal	reversal_num	RT	probe_del	alpha_entrain_refreshes	rod_tilt_val
real	CL	1	1	15	  -20.00	0	    8.00	0	0	 4015.71	-6	7	NULL
real	ER	2	1	-15	   20.00	1	   -8.00	0	0	  945.78	-3	7	NULL
real	CR	3	1	15	   20.00	1	   -8.00	0	0	  654.25	-6	7	NULL
real	HR	4	1	15	   20.00	1	   -8.00	0	0	  689.58	-3	5	NULL
real	EL	5	1	-15	  -20.00	0	    8.00	0	0	  756.97	-3	7	NULL
real	GR	6	1	15	   20.00	1	   -8.00	0	0	  571.06	-3	7	NULL
real	FL	7	1	-15	  -20.00	0	    8.00	0	0	  632.31	-3	5	NULL
real	AL	8	1	-15	  -20.00	0	    8.00	0	0	  507.37	-6	7	NULL
real	BR	9	1	-15	   20.00	1	   -8.00	0	0	  516.97	-6	5	NULL
real	BL	10	1	-15	  -20.00	0	    8.00	0	0	  568.01	-6	5	NULL
real	AR	11	1	-15	   20.00	1	   -8.00	0	0	  431.00	-6	7	NULL
real	FR	12	1	-15	   20.00	1	   -8.00	0	0	  517.04	-3	5	NULL
real	GL	13	1	15	  -20.00	0	    8.00	0	0	  465.18	-3	7	NULL
real	DL	14	1	15	  -20.00	0	    8.00	0	0	  548.95	-6	5	NULL
real	HL	15	1	15	  -20.00	0	    8.00	0	0	  413.30	-3	5	NULL
real	DR	16	1	15	   20.00	1	   -8.00	0	0	  486.60	-6	5	NULL
real	AR	17	2	-15	   12.00	1	   -8.00	0	0	  481.43	-6	7	NULL
real	DR	18	2	15	   12.00	1	   -8.00	0	0	  546.68	-6	5	NULL
real	BR	19	2	-15	   12.00	1	   -8.00	0	0	  517.65	-6	5	NULL
real	CL	20	2	15	  -12.00	0	    8.00	0	0	  462.54	-6	7	NULL
real	FR	21	2	-15	   12.00	1	   -8.00	0	0	  405.62	-3	5	NULL
real	BL	22	2	-15	  -12.00	0	    8.00	0	0	  443.90	-6	5	NULL
real	AL	23	2	-15	  -12.00	0	    8.00	0	0	  475.47	-6	7	NULL
real	DL	24	2	15	  -12.00	0	    8.00	0	0	  571.89	-6	5	NULL
real	ER	25	2	-15	   12.00	1	   -8.00	0	0	  539.05	-3	7	NULL
real	HR	26	2	15	   12.00	1	   -8.00	0	0	  460.27	-3	5	NULL
real	GL	27	2	15	  -12.00	0	    8.00	0	0	  386.55	-3	7	NULL
real	FL	28	2	-15	  -12.00	0	    8.00	0	0	  465.33	-3	5	NULL
real	HL	29	2	15	  -12.00	0	    8.00	0	0	  390.00	-3	5	NULL
real	CR	30	2	15	   12.00	1	   -8.00	0	0	  435.16	-6	7	NULL
real	GR	31	2	15	   12.00	1	   -8.00	0	0	  507.07	-3	7	NULL
real	EL	32	2	-15	  -12.00	0	    8.00	0	0	  389.88	-3	7	NULL
real	FR	33	3	-15	    4.00	1	   -8.00	0	0	  550.05	-3	5	NULL
real	HR	34	3	15	    4.00	1	   -8.00	0	0	 1581.22	-3	5	NULL
real	AR	35	3	-15	    4.00	1	   -8.00	0	0	  536.03	-6	7	NULL
real	CL	36	3	15	   -4.00	0	    8.00	0	0	  639.14	-6	7	NULL
real	DL	37	3	15	   -4.00	0	    8.00	0	0	  614.40	-6	5	NULL
real	GL	38	3	15	   -4.00	0	    8.00	0	0	  536.95	-3	7	NULL
real	BR	39	3	-15	    4.00	1	   -8.00	0	0	  582.43	-6	5	NULL
real	GR	40	3	15	    4.00	1	   -8.00	0	0	  500.68	-3	7	NULL
real	DR	41	3	15	    4.00	1	   -8.00	0	0	  669.39	-6	5	NULL
real	HL	42	3	15	   -4.00	0	    8.00	0	0	  472.39	-3	5	NULL
real	CR	43	3	15	    4.00	1	   -8.00	0	0	  389.50	-6	7	NULL
real	FL	44	3	-15	   -4.00	0	    8.00	0	0	 1340.47	-3	5	NULL
real	AL	45	3	-15	   -4.00	0	    8.00	0	0	  851.90	-6	7	NULL
real	EL	46	3	-15	   -4.00	0	    8.00	0	0	  504.94	-3	7	NULL
real	BL	47	3	-15	   -4.00	0	    8.00	0	0	  759.78	-6	5	NULL
real	ER	48	3	-15	    4.00	1	   -8.00	0	0	  450.12	-3	7	NULL
real	FL	49	4	-15	    4.00	1	   -4.00	1	1	  376.84	-3	5	NULL
real	HL	50	4	15	    4.00	1	   -4.00	1	1	  594.58	-3	5	NULL
real	HR	51	4	15	   -4.00	0	    4.00	1	1	  537.66	-3	5	NULL
real	FR	52	4	-15	   -4.00	0	    4.00	1	1	  774.55	-3	5	NULL
real	DR	53	4	15	   -4.00	0	    4.00	1	1	  533.31	-6	5	NULL
real	DL	54	4	15	    4.00	1	   -4.00	1	1	  375.63	-6	5	NULL
real	AR	55	4	-15	   -4.00	0	    4.00	1	1	  857.07	-6	7	NULL
real	EL	56	4	-15	    4.00	1	   -4.00	1	1	  363.87	-3	7	NULL
real	CR	57	4	15	   -4.00	0	    4.00	1	1	  570.56	-6	7	NULL
real	BR	58	4	-15	   -4.00	0	    4.00	1	1	  701.77	-6	5	NULL
real	BL	59	4	-15	    4.00	1	   -4.00	1	1	  425.25	-6	5	NULL
real	CL	60	4	15	    4.00	1	   -4.00	1	1	  475.32	-6	7	NULL
real	GR	61	4	15	   -4.00	0	    4.00	1	1	  591.57	-3	7	NULL
real	ER	62	4	-15	   -4.00	0	    4.00	1	1	  932.66	-3	7	NULL
real	GL	63	4	15	    4.00	1	   -4.00	1	1	  455.32	-3	7	NULL
real	AL	64	4	-15	    4.00	1	   -4.00	1	1	  585.10	-6	7	NULL
real	HR	65	5	15	    0.00	0	    4.00	0	1	 1535.78	-3	5	NULL
real	DL	66	5	15	    0.00	0	    2.00	1	2	 2475.69	-6	5	NULL
real	ER	67	5	-15	    0.00	1	   -2.00	1	2	  890.67	-3	7	NULL
real	BR	68	5	-15	    0.00	1	   -2.00	1	2	  645.32	-6	5	NULL
real	BL	69	5	-15	    0.00	1	   -4.00	0	1	 1300.77	-6	5	NULL
real	GL	70	5	15	    0.00	0	    2.00	1	2	  676.21	-3	7	NULL
real	DR	71	5	15	    0.00	0	    4.00	0	1	 1562.28	-6	5	NULL
real	HL	72	5	15	    0.00	0	    2.00	1	2	  774.77	-3	5	NULL
real	CR	73	5	15	    0.00	0	    4.00	0	1	  898.74	-6	7	NULL
real	GR	74	5	15	    0.00	0	    4.00	0	1	  638.43	-3	7	NULL
real	EL	75	5	-15	    0.00	1	   -4.00	0	1	  409.73	-3	7	NULL
real	AR	76	5	-15	    0.00	1	   -2.00	1	2	  488.38	-6	7	NULL
real	FR	77	5	-15	    0.00	1	   -2.00	1	2	  468.38	-3	5	NULL
real	CL	78	5	15	    0.00	1	   -4.00	0	1	  403.10	-6	7	NULL
real	AL	79	5	-15	    0.00	1	   -4.00	0	1	  581.52	-6	7	NULL
real	FL	80	5	-15	    0.00	1	   -4.00	0	1	  464.50	-3	5	NULL
real	GL	81	6	15	    2.00	1	   -1.00	1	3	  597.78	-3	7	NULL
real	EL	82	6	-15	   -4.00	0	    2.00	1	2	 1123.00	-3	7	NULL
real	HR	83	6	15	    4.00	1	   -2.00	1	2	  364.67	-3	5	NULL
real	CL	84	6	15	   -4.00	0	    2.00	1	2	  525.67	-6	7	NULL
real	GR	85	6	15	    4.00	1	   -2.00	1	2	  419.25	-3	7	NULL
real	AL	86	6	-15	   -4.00	0	    2.00	1	2	  690.58	-6	7	NULL
real	CR	87	6	15	    4.00	1	   -2.00	1	2	  473.61	-6	7	NULL
real	FL	88	6	-15	   -4.00	0	    2.00	1	2	  653.25	-3	5	NULL
real	FR	89	6	-15	   -2.00	1	   -2.00	0	2	  715.94	-3	5	NULL
real	HL	90	6	15	    2.00	0	    2.00	0	2	 1362.04	-3	5	NULL
real	DL	91	6	15	    2.00	1	   -1.00	1	3	  467.58	-6	5	NULL
real	BL	92	6	-15	   -4.00	0	    2.00	1	2	  494.33	-6	5	NULL
real	ER	93	6	-15	   -2.00	1	   -2.00	0	2	 1547.92	-3	7	NULL
real	BR	94	6	-15	   -2.00	0	    1.00	1	3	  953.32	-6	5	NULL
real	DR	95	6	15	    4.00	1	   -2.00	1	2	  395.85	-6	5	NULL
real	AR	96	6	-15	   -2.00	0	    1.00	1	3	  509.23	-6	7	NULL
real	EL	97	7	-15	   -2.00	1	   -1.00	1	3	  528.81	-3	7	NULL
real	AR	98	7	-15	   -1.00	0	    1.00	0	3	 2134.99	-6	7	NULL
real	BR	99	7	-15	   -1.00	0	    1.00	0	3	  774.69	-6	5	NULL
real	FR	100	7	-15	   -4.00	0	    1.00	1	3	 1248.41	-3	5	NULL
real	DL	101	7	15	    1.00	0	    1.00	1	4	 1397.29	-6	5	NULL
real	FL	102	7	-15	   -2.00	1	   -1.00	1	3	  551.62	-3	5	NULL
real	GR	103	7	15	    2.00	1	   -2.00	0	2	  780.48	-3	7	NULL
real	BL	104	7	-15	   -2.00	0	    2.00	0	2	 1242.94	-6	5	NULL
real	ER	105	7	-15	   -4.00	0	    1.00	1	3	  843.31	-3	7	NULL
real	CR	106	7	15	    2.00	1	   -2.00	0	2	  513.60	-6	7	NULL
real	GL	107	7	15	    1.00	1	   -1.00	0	3	  684.68	-3	7	NULL
real	AL	108	7	-15	   -2.00	1	   -1.00	1	3	  616.27	-6	7	NULL
real	CL	109	7	15	   -2.00	0	    2.00	0	2	  832.69	-6	7	NULL
real	HL	110	7	15	    4.00	1	   -1.00	1	3	  746.31	-3	5	NULL
real	HR	111	7	15	    2.00	1	   -2.00	0	2	  813.70	-3	5	NULL
real	DR	112	7	15	    2.00	1	   -2.00	0	2	  719.67	-6	5	NULL
real	DR	113	8	15	    0.00	1	   -2.00	0	2	  959.58	-6	5	NULL
real	HL	114	8	15	    3.00	1	   -1.00	0	3	  469.91	-3	5	NULL
real	CL	115	8	15	    0.00	1	   -1.00	1	3	  507.89	-6	7	NULL
real	FL	116	8	-15	   -3.00	1	   -1.00	0	3	  493.38	-3	5	NULL
real	ER	117	8	-15	   -3.00	1	   -1.00	1	4	 1556.39	-3	7	NULL
real	FR	118	8	-15	   -3.00	1	   -1.00	1	4	 1406.56	-3	5	NULL
real	BL	119	8	-15	    0.00	1	   -1.00	1	3	  806.41	-6	5	NULL
real	AL	120	8	-15	   -3.00	0	    1.00	1	4	  897.15	-6	7	NULL
real	HR	121	8	15	    0.00	0	    1.00	1	3	 1058.03	-3	5	NULL
real	GR	122	8	15	    0.00	1	   -2.00	0	2	  496.03	-3	7	NULL
real	DL	123	8	15	    2.00	1	   -1.00	1	5	  404.68	-6	5	NULL
real	EL	124	8	-15	   -3.00	1	   -1.00	0	3	  592.00	-3	7	NULL
real	CR	125	8	15	    0.00	1	   -2.00	0	2	  686.56	-6	7	NULL
real	GL	126	8	15	    0.00	1	   -1.00	0	3	  464.80	-3	7	NULL
real	BR	127	8	-15	    0.00	1	   -1.00	1	4	  415.43	-6	5	NULL
real	AR	128	8	-15	    0.00	1	   -1.00	1	4	  331.44	-6	7	NULL
real	EL	129	9	-15	   -4.00	1	   -1.00	0	3	  459.64	-3	7	NULL
real	CL	130	9	15	   -1.00	0	    1.00	1	4	  786.38	-6	7	NULL
real	BL	131	9	-15	   -1.00	1	   -1.00	0	3	  590.75	-6	5	NULL
real	AR	132	9	-15	   -1.00	1	   -1.00	0	4	  618.62	-6	7	NULL
real	DL	133	9	15	    1.00	1	   -1.00	0	5	  437.19	-6	5	NULL
real	HR	134	9	15	    1.00	1	   -1.00	1	4	  482.93	-3	5	NULL
real	GL	135	9	15	   -1.00	1	   -1.00	0	3	  819.27	-3	7	NULL
real	DR	136	9	15	   -2.00	0	    1.00	1	3	  745.26	-6	5	NULL
real	CR	137	9	15	   -2.00	0	    1.00	1	3	  623.27	-6	7	NULL
real	HL	138	9	15	    2.00	0	    1.00	1	4	 1229.39	-3	5	NULL
real	FL	139	9	-15	   -4.00	0	    1.00	1	4	  686.59	-3	5	NULL
real	GR	140	9	15	   -2.00	0	    1.00	1	3	  644.64	-3	7	NULL
real	FR	141	9	-15	   -4.00	0	    1.00	1	5	  608.70	-3	5	NULL
real	BR	142	9	-15	   -1.00	1	   -1.00	0	4	  843.14	-6	5	NULL
real	ER	143	9	-15	   -4.00	0	    1.00	1	5	  685.30	-3	7	NULL
real	AL	144	9	-15	   -2.00	0	    1.00	0	4	  902.87	-6	7	NULL
real	DL	145	10	15	    0.00	0	    1.00	1	6	  768.34	-6	5	NULL
real	AL	146	10	-15	   -1.00	1	   -1.00	1	5	  620.04	-6	7	NULL
real	BL	147	10	-15	   -2.00	0	    1.00	1	4	  757.83	-6	5	NULL
real	AR	148	10	-15	   -2.00	0	    1.00	1	5	  613.06	-6	7	NULL
real	DR	149	10	15	   -1.00	0	    1.00	0	3	  675.81	-6	5	NULL
real	HL	150	10	15	    3.00	1	   -1.00	1	5	  603.40	-3	5	NULL
real	BR	151	10	-15	   -2.00	0	    1.00	1	5	  596.25	-6	5	NULL
real	GR	152	10	15	   -1.00	0	    1.00	0	3	  611.00	-3	7	NULL
real	CR	153	10	15	   -1.00	0	    1.00	0	3	  905.17	-6	7	NULL
real	FR	154	10	-15	   -3.00	0	    1.00	0	5	  869.80	-3	5	NULL
real	HR	155	10	15	    0.00	0	    1.00	1	5	  596.69	-3	5	NULL
real	CL	156	10	15	    0.00	1	   -1.00	1	5	  461.65	-6	7	NULL
real	EL	157	10	-15	   -5.00	0	    1.00	1	4	  611.26	-3	7	NULL
real	FL	158	10	-15	   -3.00	1	   -1.00	1	5	  762.99	-3	5	NULL
real	ER	159	10	-15	   -3.00	1	   -1.00	1	6	  583.78	-3	7	NULL
real	GL	160	10	15	   -2.00	0	    1.00	1	4	  577.44	-3	7	NULL
real	AR	161	11	-15	   -1.00	1	   -1.00	1	6	  546.82	-6	7	NULL
real	FR	162	11	-15	   -2.00	0	    1.00	0	5	 1054.26	-3	5	NULL
real	HL	163	11	15	    2.00	1	   -1.00	0	5	  715.70	-3	5	NULL
real	GL	164	11	15	   -1.00	0	    1.00	0	4	  555.69	-3	7	NULL
real	DL	165	11	15	    1.00	1	   -1.00	1	7	  373.82	-6	5	NULL
real	DR	166	11	15	    0.00	0	    1.00	0	3	  735.91	-6	5	NULL
real	AL	167	11	-15	   -2.00	1	   -1.00	0	5	  426.59	-6	7	NULL
real	BL	168	11	-15	   -1.00	1	   -1.00	1	5	  354.87	-6	5	NULL
real	BR	169	11	-15	   -1.00	1	   -1.00	1	6	  569.89	-6	5	NULL
real	CR	170	11	15	    0.00	1	   -1.00	1	4	  426.95	-6	7	NULL
real	HR	171	11	15	    1.00	1	   -1.00	1	6	  614.09	-3	5	NULL
real	ER	172	11	-15	   -4.00	1	   -1.00	0	6	  698.12	-3	7	NULL
real	EL	173	11	-15	   -4.00	1	   -1.00	1	5	  527.20	-3	7	NULL
real	FL	174	11	-15	   -4.00	0	    1.00	1	6	  728.83	-3	5	NULL
real	GR	175	11	15	    0.00	1	   -1.00	1	4	  430.41	-3	7	NULL
real	CL	176	11	15	   -1.00	0	    1.00	1	6	  814.73	-6	7	NULL
real	FR	177	12	-15	   -1.00	1	   -1.00	1	6	  510.73	-3	5	NULL
real	EL	178	12	-15	   -5.00	0	    1.00	1	6	  565.81	-3	7	NULL
real	HR	179	12	15	    0.00	0	    1.00	1	7	  541.56	-3	5	NULL
real	CL	180	12	15	    0.00	1	   -1.00	1	7	  384.33	-6	7	NULL
real	CR	181	12	15	   -1.00	1	   -1.00	0	4	  458.72	-6	7	NULL
real	GL	182	12	15	    0.00	0	    1.00	0	4	 1775.68	-3	7	NULL
real	BL	183	12	-15	   -2.00	1	   -1.00	0	5	  797.18	-6	5	NULL
real	FL	184	12	-15	   -3.00	0	    1.00	0	6	 1221.26	-3	5	NULL
real	AL	185	12	-15	   -3.00	0	    1.00	1	6	  729.31	-6	7	NULL
real	AR	186	12	-15	   -2.00	1	   -1.00	0	6	  566.92	-6	7	NULL
real	BR	187	12	-15	   -2.00	1	   -1.00	0	6	 1495.69	-6	5	NULL
real	HL	188	12	15	    1.00	1	   -1.00	0	5	  689.58	-3	5	NULL
real	DL	189	12	15	    0.00	1	   -1.00	0	7	  650.03	-6	5	NULL
real	GR	190	12	15	   -1.00	0	    1.00	1	5	 2369.93	-3	7	NULL
real	ER	191	12	-15	   -5.00	1	   -1.00	0	6	  518.26	-3	7	NULL
real	DR	192	12	15	    1.00	1	   -1.00	1	4	  435.85	-6	5	NULL
real	CL	193	13	15	   -1.00	0	    1.00	1	8	  959.26	-6	7	NULL
real	CR	194	13	15	   -2.00	0	    1.00	1	5	  753.83	-6	7	NULL
real	FL	195	13	-15	   -2.00	1	   -1.00	1	7	  483.38	-3	5	NULL
real	DL	196	13	15	   -1.00	0	    1.00	1	8	  708.22	-6	5	NULL
real	GL	197	13	15	    1.00	1	   -1.00	1	5	  358.43	-3	7	NULL
real	AL	198	13	-15	   -2.00	1	   -1.00	1	7	 1240.11	-6	7	NULL
real	FR	199	13	-15	   -2.00	1	   -1.00	0	6	  639.63	-3	5	NULL
real	HL	200	13	15	    0.00	1	   -1.00	0	5	  538.01	-3	5	NULL
real	BR	201	13	-15	   -3.00	0	    1.00	1	7	  783.61	-6	5	NULL
real	GR	202	13	15	    0.00	1	   -1.00	1	6	  635.64	-3	7	NULL
real	EL	203	13	-15	   -4.00	0	    1.00	0	6	 1377.09	-3	7	NULL
real	AR	204	13	-15	   -3.00	1	   -1.00	0	6	 1796.63	-6	7	NULL
real	ER	205	13	-15	   -6.00	0	    1.00	1	7	  650.76	-3	7	NULL
real	DR	206	13	15	    0.00	1	   -1.00	0	4	  543.51	-6	5	NULL
real	HR	207	13	15	    1.00	1	   -1.00	1	8	  477.19	-3	5	NULL
real	BL	208	13	-15	   -3.00	0	    1.00	1	6	  544.45	-6	5	NULL
real	FR	209	14	-15	   -3.00	1	   -1.00	0	6	  613.82	-3	5	NULL
real	CR	210	14	15	   -1.00	0	    1.00	0	5	  846.87	-6	7	NULL
real	CL	211	14	15	    0.00	1	   -1.00	1	9	  392.57	-6	7	NULL
real	ER	212	14	-15	   -5.00	0	    1.00	0	7	  522.40	-3	7	NULL
real	GR	213	14	15	   -1.00	0	    1.00	1	7	  830.33	-3	7	NULL
real	GL	214	14	15	    0.00	1	   -1.00	0	5	  688.73	-3	7	NULL
real	AR	215	14	-15	   -4.00	0	    1.00	1	7	  804.80	-6	7	NULL
real	BR	216	14	-15	   -2.00	1	   -1.00	1	8	  675.04	-6	5	NULL
real	FL	217	14	-15	   -3.00	1	   -1.00	0	7	  559.32	-3	5	NULL
real	HR	218	14	15	    0.00	0	    1.00	1	9	  576.55	-3	5	NULL
real	AL	219	14	-15	   -3.00	1	   -1.00	0	7	  767.09	-6	7	NULL
real	BL	220	14	-15	   -2.00	1	   -1.00	1	7	  823.58	-6	5	NULL
real	HL	221	14	15	   -1.00	0	    1.00	1	6	  994.75	-3	5	NULL
real	DL	222	14	15	    0.00	1	   -1.00	1	9	  519.66	-6	5	NULL
real	DR	223	14	15	   -1.00	0	    1.00	1	5	  477.85	-6	5	NULL
real	EL	224	14	-15	   -3.00	1	   -1.00	1	7	  493.07	-3	7	NULL
real	HR	225	15	15	    1.00	1	   -1.00	1	10	  395.80	-3	5	NULL
real	CL	226	15	15	   -1.00	0	    1.00	1	10	  485.48	-6	7	NULL
real	ER	227	15	-15	   -4.00	0	    1.00	0	7	  435.44	-3	7	NULL
real	DL	228	15	15	   -1.00	1	   -1.00	0	9	  466.36	-6	5	NULL
real	CR	229	15	15	    0.00	1	   -1.00	1	6	  860.73	-6	7	NULL
real	FL	230	15	-15	   -4.00	0	    1.00	1	8	  680.02	-3	5	NULL
real	BR	231	15	-15	   -3.00	0	    1.00	1	9	  657.04	-6	5	NULL
real	GL	232	15	15	   -1.00	1	   -1.00	0	5	  482.68	-3	7	NULL
real	FR	233	15	-15	   -4.00	0	    1.00	1	7	  852.15	-3	5	NULL
real	GR	234	15	15	    0.00	1	   -1.00	1	8	  402.96	-3	7	NULL
real	AL	235	15	-15	   -4.00	0	    1.00	1	8	  525.74	-6	7	NULL
real	HL	236	15	15	    0.00	0	    1.00	0	6	 2136.03	-3	5	NULL
real	DR	237	15	15	    0.00	1	   -1.00	1	6	  429.26	-6	5	NULL
real	BL	238	15	-15	   -3.00	1	   -1.00	0	7	  559.65	-6	5	NULL
real	AR	239	15	-15	   -3.00	1	   -1.00	1	8	  511.32	-6	7	NULL
real	EL	240	15	-15	   -4.00	0	    1.00	1	8	  704.88	-3	7	NULL
real	CR	241	16	15	   -1.00	0	    1.00	1	7	  755.21	-6	7	NULL
real	FL	242	16	-15	   -3.00	1	   -1.00	1	9	  952.13	-3	5	NULL
real	CL	243	16	15	    0.00	1	   -1.00	1	11	  580.89	-6	7	NULL
real	GL	244	16	15	   -2.00	0	    1.00	1	6	  653.50	-3	7	NULL
real	BR	245	16	-15	   -2.00	1	   -1.00	1	10	  600.96	-6	5	NULL
real	BL	246	16	-15	   -4.00	0	    1.00	1	8	  616.74	-6	5	NULL
real	FR	247	16	-15	   -3.00	1	   -1.00	1	8	  545.47	-3	5	NULL
real	ER	248	16	-15	   -3.00	0	    1.00	0	7	  603.39	-3	7	NULL
real	EL	249	16	-15	   -3.00	1	   -1.00	1	9	  950.40	-3	7	NULL
real	AR	250	16	-15	   -4.00	0	    1.00	1	9	  703.85	-6	7	NULL
real	HL	251	16	15	    1.00	1	   -1.00	1	7	  625.75	-3	5	NULL
real	HR	252	16	15	    0.00	1	   -1.00	0	10	  524.26	-3	5	NULL
real	DR	253	16	15	   -1.00	1	   -1.00	0	6	  498.14	-6	5	NULL
real	DL	254	16	15	   -2.00	0	    1.00	1	10	  472.67	-6	5	NULL
real	GR	255	16	15	   -1.00	0	    1.00	1	9	  748.49	-3	7	NULL
real	AL	256	16	-15	   -3.00	0	    1.00	0	8	  674.34	-6	7	NULL
real	AR	257	17	-15	   -3.00	0	    1.00	0	9	  400.74	-6	7	NULL
real	CL	258	17	15	   -1.00	0	    1.00	1	12	  556.51	-6	7	NULL
real	AL	259	17	-15	   -2.00	0	    1.00	0	8	  617.83	-6	7	NULL
real	GR	260	17	15	    0.00	1	   -1.00	1	10	  395.71	-3	7	NULL
real	DR	261	17	15	   -2.00	0	    1.00	1	7	  528.07	-6	5	NULL
real	FR	262	17	-15	   -4.00	0	    1.00	1	9	  353.26	-3	5	NULL
real	EL	263	17	-15	   -4.00	0	    1.00	1	10	  281.97	-3	7	NULL
real	BR	264	17	-15	   -3.00	0	    1.00	1	11	  888.28	-6	5	NULL
real	HL	265	17	15	    0.00	0	    1.00	1	8	  521.28	-3	5	NULL
real	ER	266	17	-15	   -2.00	1	   -1.00	1	8	  577.84	-3	7	NULL
real	FL	267	17	-15	   -4.00	0	    1.00	1	10	  328.72	-3	5	NULL
real	DL	268	17	15	   -1.00	1	   -1.00	1	11	  410.06	-6	5	NULL
real	HR	269	17	15	   -1.00	0	    1.00	1	11	  477.94	-3	5	NULL
real	CR	270	17	15	    0.00	0	    1.00	0	7	  679.41	-6	7	NULL
real	GL	271	17	15	   -1.00	0	    1.00	0	6	  671.84	-3	7	NULL
real	BL	272	17	-15	   -3.00	0	    1.00	0	8	  624.93	-6	5	NULL
real	CR	273	18	15	    1.00	1	   -1.00	1	8	  657.16	-6	7	NULL
real	ER	274	18	-15	   -3.00	0	    1.00	1	9	  771.35	-3	7	NULL
real	FL	275	18	-15	   -3.00	1	   -1.00	1	11	 3236.49	-3	5	NULL
real	DR	276	18	15	   -1.00	0	    1.00	0	7	 1707.22	-6	5	NULL
real	DL	277	18	15	   -2.00	0	    1.00	1	12	  624.11	-6	5	NULL
real	EL	278	18	-15	   -3.00	1	   -1.00	1	11	  555.55	-3	7	NULL
real	AR	279	18	-15	   -2.00	0	    1.00	0	9	  539.19	-6	7	NULL
real	BR	280	18	-15	   -2.00	1	   -1.00	1	12	  589.16	-6	5	NULL
real	GL	281	18	15	    0.00	0	    1.00	0	6	  414.92	-3	7	NULL
real	HL	282	18	15	    1.00	1	   -1.00	1	9	  375.79	-3	5	NULL
real	FR	283	18	-15	   -3.00	0	    1.00	0	9	  603.02	-3	5	NULL
real	HR	284	18	15	    0.00	0	    1.00	0	11	  474.51	-3	5	NULL
real	GR	285	18	15	   -1.00	0	    1.00	1	11	  613.67	-3	7	NULL
real	AL	286	18	-15	   -1.00	1	   -1.00	1	9	  571.38	-6	7	NULL
real	BL	287	18	-15	   -2.00	0	    1.00	0	8	 1021.17	-6	5	NULL
real	FR	288	19	-15	   -2.00	1	   -1.00	1	10	  501.48	-3	5	NULL
real	GR	289	19	15	    0.00	1	   -1.00	1	12	  370.67	-3	7	NULL
real	FL	290	19	-15	   -4.00	0	    1.00	1	12	  942.21	-3	5	NULL
real	AR	291	19	-15	   -1.00	1	   -1.00	1	10	  627.25	-6	7	NULL
real	BL	292	19	-15	   -1.00	1	   -1.00	1	9	  513.52	-6	5	NULL
real	EL	293	19	-15	   -4.00	0	    1.00	1	12	  440.12	-3	7	NULL
real	ER	294	19	-15	   -2.00	1	   -1.00	1	10	  416.56	-3	7	NULL
real	AL	295	19	-15	   -2.00	0	    1.00	1	10	  581.01	-6	7	NULL
real	CR	296	19	15	    0.00	1	   -1.00	0	8	  393.35	-6	7	NULL
real	GL	297	19	15	    1.00	1	   -1.00	1	7	  499.10	-3	7	NULL
real	HL	298	19	15	    0.00	1	   -1.00	0	9	  673.90	-3	5	NULL
real	HR	299	19	15	    1.00	1	   -1.00	1	12	  428.79	-3	5	NULL
real	DR	300	19	15	    0.00	1	   -1.00	1	8	  725.90	-6	5	NULL
real	AL	301	20	-15	   -1.00	1	   -1.00	1	11	  413.85	-6	7	NULL
real	CR	302	20	15	   -1.00	0	    1.00	1	9	  593.47	-6	7	NULL
real	GL	303	20	15	    0.00	1	   -1.00	0	7	 1694.56	-3	7	NULL
real	DR	304	20	15	   -1.00	1	   -1.00	0	8	  606.57	-6	5	NULL
real	AR	305	20	-15	   -2.00	1	   -1.00	0	10	  686.60	-6	7	NULL
real	HL	306	20	15	   -1.00	1	   -1.00	0	9	  460.10	-3	5	NULL
real	ER	307	20	-15	   -3.00	1	   -1.00	0	10	  588.00	-3	7	NULL
real	FR	308	20	-15	   -3.00	1	   -1.00	0	10	  612.38	-3	5	NULL
real	BL	309	20	-15	   -2.00	1	   -1.00	0	9	  504.09	-6	5	NULL
real	DR	310	21	15	   -2.00	1	   -1.00	0	8	  897.11	-6	5	NULL
real	CR	311	21	15	    0.00	1	   -1.00	1	10	  458.82	-6	7	NULL
real	ER	312	21	-15	   -4.00	1	   -1.00	0	10	 1062.56	-3	7	NULL
real	AL	313	21	-15	   -2.00	1	   -1.00	0	11	  736.52	-6	7	NULL
real	AR	314	21	-15	   -3.00	1	   -1.00	0	10	  534.54	-6	7	NULL
real	BL	315	21	-15	   -3.00	1	   -1.00	0	9	  628.51	-6	5	NULL
real	HL	316	21	15	   -2.00	0	    1.00	1	10	  650.88	-3	5	NULL
real	FR	317	21	-15	   -4.00	1	   -1.00	0	10	  518.14	-3	5	NULL
real	GL	318	21	15	   -1.00	0	    1.00	1	8	 2151.16	-3	7	NULL
real	HL	319	22	15	   -1.00	1	   -1.00	1	11	  447.70	-3	5	NULL
real	AL	320	22	-15	   -3.00	1	   -1.00	0	11	  951.29	-6	7	NULL
real	FR	321	22	-15	   -5.00	1	   -1.00	0	10	  493.82	-3	5	NULL
real	DR	322	22	15	   -3.00	0	    1.00	1	9	  759.08	-6	5	NULL
real	CR	323	22	15	   -1.00	1	   -1.00	0	10	  434.41	-6	7	NULL
real	AR	324	22	-15	   -4.00	1	   -1.00	0	10	  464.32	-6	7	NULL
real	GL	325	22	15	    0.00	1	   -1.00	1	9	  409.62	-3	7	NULL
real	ER	326	22	-15	   -5.00	0	    1.00	1	11	  425.50	-3	7	NULL
real	BL	327	22	-15	   -4.00	0	    1.00	1	10	  576.72	-6	5	NULL
real	DR	328	23	15	   -2.00	0	    1.00	0	9	  693.64	-6	5	NULL
real	ER	329	23	-15	   -4.00	1	   -1.00	1	12	  937.27	-3	7	NULL
real	BL	330	23	-15	   -3.00	0	    1.00	0	10	  579.56	-6	5	NULL
real	GL	331	23	15	   -1.00	0	    1.00	1	10	  591.72	-3	7	NULL
real	HL	332	23	15	   -2.00	0	    1.00	1	12	  598.45	-3	5	NULL
real	AL	333	23	-15	   -4.00	0	    1.00	1	12	  491.79	-6	7	NULL
real	CR	334	23	15	   -2.00	0	    1.00	1	11	  661.72	-6	7	NULL
real	FR	335	23	-15	   -6.00	0	    1.00	1	11	  426.02	-3	5	NULL
real	AR	336	23	-15	   -5.00	0	    1.00	1	11	  471.36	-6	7	NULL
real	BL	337	24	-15	   -2.00	0	    1.00	0	10	  500.52	-6	5	NULL
real	GL	338	24	15	    0.00	1	   -1.00	1	11	  384.68	-3	7	NULL
real	FR	339	24	-15	   -5.00	0	    1.00	0	11	  512.63	-3	5	NULL
real	DR	340	24	15	   -1.00	1	   -1.00	1	10	  507.87	-6	5	NULL
real	CR	341	24	15	   -1.00	1	   -1.00	1	12	  714.23	-6	7	NULL
real	AR	342	24	-15	   -4.00	0	    1.00	0	11	  531.15	-6	7	NULL
real	FR	343	25	-15	   -4.00	0	    1.00	0	11	  453.85	-3	5	NULL
real	GL	344	25	15	   -1.00	1	   -1.00	0	11	  385.04	-3	7	NULL
real	BL	345	25	-15	   -1.00	1	   -1.00	1	11	  531.18	-6	5	NULL
real	AR	346	25	-15	   -3.00	0	    1.00	0	11	  641.76	-6	7	NULL
real	DR	347	25	15	   -2.00	0	    1.00	1	11	  513.86	-6	5	NULL
real	GL	348	26	15	   -2.00	1	   -1.00	0	11	  362.61	-3	7	NULL
real	DR	349	26	15	   -1.00	1	   -1.00	1	12	  446.84	-6	5	NULL
real	BL	350	26	-15	   -2.00	1	   -1.00	0	11	  578.04	-6	5	NULL
real	AR	351	26	-15	   -2.00	0	    1.00	0	11	  446.17	-6	7	NULL
real	FR	352	26	-15	   -3.00	1	   -1.00	1	12	  710.71	-3	5	NULL
real	GL	353	27	15	   -3.00	0	    1.00	1	12	  765.53	-3	7	NULL
real	BL	354	27	-15	   -3.00	1	   -1.00	0	11	  655.40	-6	5	NULL
real	AR	355	27	-15	   -1.00	1	   -1.00	1	12	  657.86	-6	7	NULL
real	BL	356	28	-15	   -4.00	0	    1.00	1	12	  461.18	-6	5	NULL
