TRIAL_TYPE	trial_variant	TRIAL_NUMBER	TRIAL_ITERATION_VAL	frame_tilt	rod_tilt	response	step_size	reversal	reversal_num	RT	probe_del	alpha_entrain_refreshes	rod_tilt_val
real	AR	1	1	-15	   20.00	1	   -8.00	0	0	  855.52	-6	7	NULL
real	DL	2	1	15	  -20.00	0	    8.00	0	0	  673.87	-6	5	NULL
real	HL	3	1	15	  -20.00	0	    8.00	0	0	  446.35	-3	5	NULL
real	FR	4	1	-15	   20.00	0	    8.00	0	0	  415.93	-3	5	NULL
real	EL	5	1	-15	  -20.00	0	    8.00	0	0	  403.29	-3	7	NULL
real	FL	6	1	-15	  -20.00	0	    8.00	0	0	  398.05	-3	5	NULL
real	CL	7	1	15	  -20.00	0	    8.00	0	0	  356.47	-6	7	NULL
real	HR	8	1	15	   20.00	1	   -8.00	0	0	  398.12	-3	5	NULL
real	CR	9	1	15	   20.00	1	   -8.00	0	0	  404.46	-6	7	NULL
real	GR	10	1	15	   20.00	1	   -8.00	0	0	  383.83	-3	7	NULL
real	AL	11	1	-15	  -20.00	0	    8.00	0	0	  452.04	-6	7	NULL
real	BR	12	1	-15	   20.00	1	   -8.00	0	0	  392.13	-6	5	NULL
real	ER	13	1	-15	   20.00	1	   -8.00	0	0	  364.04	-3	7	NULL
real	DR	14	1	15	   20.00	1	   -8.00	0	0	  427.55	-6	5	NULL
real	BL	15	1	-15	  -20.00	0	    8.00	0	0	  410.37	-6	5	NULL
real	GL	16	1	15	  -20.00	0	    8.00	0	0	  370.42	-3	7	NULL
real	EL	17	2	-15	  -12.00	0	    8.00	0	0	  376.40	-3	7	NULL
real	FR	18	2	-15	20	1	   -4.00	1	1	  398.96	-3	5	NULL
real	CR	19	2	15	   12.00	1	   -8.00	0	0	  610.54	-6	7	NULL
real	AR	20	2	-15	   12.00	1	   -8.00	0	0	  539.60	-6	7	NULL
real	AL	21	2	-15	  -12.00	0	    8.00	0	0	  377.16	-6	7	NULL
real	CL	22	2	15	  -12.00	0	    8.00	0	0	  328.80	-6	7	NULL
real	DR	23	2	15	   12.00	1	   -8.00	0	0	  416.78	-6	5	NULL
real	HR	24	2	15	   12.00	1	   -8.00	0	0	  368.82	-3	5	NULL
real	DL	25	2	15	  -12.00	0	    8.00	0	0	  385.74	-6	5	NULL
real	GL	26	2	15	  -12.00	0	    8.00	0	0	  400.37	-3	7	NULL
real	HL	27	2	15	  -12.00	0	    8.00	0	0	  334.00	-3	5	NULL
real	FL	28	2	-15	  -12.00	0	    8.00	0	0	  356.13	-3	5	NULL
real	BR	29	2	-15	   12.00	1	   -8.00	0	0	  584.38	-6	5	NULL
real	ER	30	2	-15	   12.00	1	   -8.00	0	0	  356.98	-3	7	NULL
real	GR	31	2	15	   12.00	1	   -8.00	0	0	  418.11	-3	7	NULL
real	BL	32	2	-15	  -12.00	0	    8.00	0	0	  338.86	-6	5	NULL
real	FL	33	3	-15	   -4.00	0	    8.00	0	0	  575.73	-3	5	NULL
real	HL	34	3	15	   -4.00	0	    8.00	0	0	  359.38	-3	5	NULL
real	FR	35	3	-15	   16.00	1	   -4.00	0	1	  388.58	-3	5	NULL
real	AR	36	3	-15	    4.00	1	   -8.00	0	0	  577.20	-6	7	NULL
real	DL	37	3	15	   -4.00	0	    8.00	0	0	  413.30	-6	5	NULL
real	CR	38	3	15	    4.00	0	    4.00	1	1	  806.52	-6	7	NULL
real	GR	39	3	15	    4.00	1	   -8.00	0	0	  375.81	-3	7	NULL
real	EL	40	3	-15	   -4.00	0	    8.00	0	0	  411.13	-3	7	NULL
real	BL	41	3	-15	   -4.00	0	    8.00	0	0	  358.12	-6	5	NULL
real	ER	42	3	-15	    4.00	1	   -8.00	0	0	  440.30	-3	7	NULL
real	BR	43	3	-15	    4.00	1	   -8.00	0	0	  569.43	-6	5	NULL
real	AL	44	3	-15	   -4.00	0	    8.00	0	0	  430.80	-6	7	NULL
real	CL	45	3	15	   -4.00	0	    8.00	0	0	  455.93	-6	7	NULL
real	DR	46	3	15	    4.00	0	    4.00	1	1	  604.45	-6	5	NULL
real	HR	47	3	15	    4.00	1	   -8.00	0	0	  384.16	-3	5	NULL
real	GL	48	3	15	   -4.00	0	    8.00	0	0	  416.31	-3	7	NULL
real	ER	49	4	-15	   -4.00	0	    4.00	1	1	  429.29	-3	7	NULL
real	FR	50	4	-15	   12.00	1	   -4.00	0	1	  404.61	-3	5	NULL
real	GL	51	4	15	    4.00	1	   -4.00	1	1	  656.89	-3	7	NULL
real	AL	52	4	-15	    4.00	0	    8.00	0	0	  815.53	-6	7	NULL
real	FL	53	4	-15	    4.00	1	   -4.00	1	1	  535.57	-3	5	NULL
real	CR	54	4	15	    8.00	1	   -2.00	1	2	  406.41	-6	7	NULL
real	AR	55	4	-15	   -4.00	0	    4.00	1	1	  704.34	-6	7	NULL
real	HR	56	4	15	   -4.00	0	    4.00	1	1	  514.19	-3	5	NULL
real	BR	57	4	-15	   -4.00	0	    4.00	1	1	  549.14	-6	5	NULL
real	GR	58	4	15	   -4.00	0	    4.00	1	1	  438.94	-3	7	NULL
real	BL	59	4	-15	    4.00	1	   -4.00	1	1	  510.78	-6	5	NULL
real	CL	60	4	15	    4.00	1	   -4.00	1	1	 1214.55	-6	7	NULL
real	DR	61	4	15	    8.00	1	   -2.00	1	2	  405.76	-6	5	NULL
real	EL	62	4	-15	    4.00	1	   -4.00	1	1	  419.68	-3	7	NULL
real	HL	63	4	15	    4.00	1	   -4.00	1	1	  433.83	-3	5	NULL
real	DL	64	4	15	    4.00	1	   -4.00	1	1	  656.07	-6	5	NULL
real	AL	65	5	-15	   12.00	1	   -4.00	1	1	  448.12	-6	7	NULL
real	EL	66	5	-15	    0.00	1	   -4.00	0	1	  421.28	-3	7	NULL
real	ER	67	5	-15	    0.00	1	   -2.00	1	2	  476.01	-3	7	NULL
real	GR	68	5	15	    0.00	0	    4.00	0	1	  590.70	-3	7	NULL
real	BR	69	5	-15	    0.00	1	   -2.00	1	2	  745.40	-6	5	NULL
real	FR	70	5	-15	    8.00	1	   -4.00	0	1	  433.84	-3	5	NULL
real	AR	71	5	-15	    0.00	1	   -2.00	1	2	  567.35	-6	7	NULL
real	CR	72	5	15	    6.00	1	   -2.00	0	2	  423.50	-6	7	NULL
real	DL	73	5	15	    0.00	0	    2.00	1	2	  684.88	-6	5	NULL
real	CL	74	5	15	    0.00	0	    2.00	1	2	  591.83	-6	7	NULL
real	DR	75	5	15	    6.00	1	   -2.00	0	2	  445.57	-6	5	NULL
real	GL	76	5	15	    0.00	0	    2.00	1	2	  618.68	-3	7	NULL
real	FL	77	5	-15	    0.00	1	   -4.00	0	1	  484.17	-3	5	NULL
real	HR	78	5	15	    0.00	0	    4.00	0	1	  431.38	-3	5	NULL
real	HL	79	5	15	    0.00	0	    2.00	1	2	  448.54	-3	5	NULL
real	BL	80	5	-15	    0.00	1	   -4.00	0	1	  527.37	-6	5	NULL
real	DR	81	6	15	    4.00	1	   -2.00	0	2	  439.09	-6	5	NULL
real	CL	82	6	15	    2.00	1	   -1.00	1	3	  613.42	-6	7	NULL
real	AL	83	6	-15	    8.00	1	   -4.00	0	1	  338.24	-6	7	NULL
real	HR	84	6	15	    4.00	1	   -2.00	1	2	  387.91	-3	5	NULL
real	CR	85	6	15	    4.00	1	   -2.00	0	2	  416.49	-6	7	NULL
real	DL	86	6	15	    2.00	1	   -1.00	1	3	  468.44	-6	5	NULL
real	FL	87	6	-15	   -4.00	0	    2.00	1	2	  448.61	-3	5	NULL
real	EL	88	6	-15	   -4.00	0	    2.00	1	2	  669.15	-3	7	NULL
real	HL	89	6	15	    2.00	1	   -1.00	1	3	 1075.49	-3	5	NULL
real	AR	90	6	-15	   -2.00	0	    1.00	1	3	  676.21	-6	7	NULL
real	BL	91	6	-15	   -4.00	0	    2.00	1	2	  684.56	-6	5	NULL
real	ER	92	6	-15	   -2.00	0	    1.00	1	3	  672.34	-3	7	NULL
real	GR	93	6	15	    4.00	1	   -2.00	1	2	 1089.62	-3	7	NULL
real	FR	94	6	-15	    4.00	1	   -4.00	0	1	  407.51	-3	5	NULL
real	BR	95	6	-15	   -2.00	1	   -2.00	0	2	  533.76	-6	5	NULL
real	GL	96	6	15	    2.00	1	   -1.00	1	3	  452.39	-3	7	NULL
real	AR	97	7	-15	   -1.00	1	   -1.00	1	4	  703.96	-6	7	NULL
real	FL	98	7	-15	   -2.00	0	    2.00	0	2	  716.72	-3	5	NULL
real	CL	99	7	15	    1.00	0	    1.00	1	4	  811.56	-6	7	NULL
real	BL	100	7	-15	   -2.00	0	    2.00	0	2	  428.25	-6	5	NULL
real	BR	101	7	-15	   -4.00	0	    1.00	1	3	  367.49	-6	5	NULL
real	GL	102	7	15	    1.00	0	    1.00	1	4	  652.57	-3	7	NULL
real	GR	103	7	15	    2.00	0	    1.00	1	3	 1015.51	-3	7	NULL
real	AL	104	7	-15	    4.00	1	   -4.00	0	1	  423.65	-6	7	NULL
real	CR	105	7	15	    2.00	1	   -2.00	0	2	  409.86	-6	7	NULL
real	FR	106	7	-15	    0.00	1	   -4.00	0	1	  407.94	-3	5	NULL
real	DL	107	7	15	    1.00	1	   -1.00	0	3	  426.29	-6	5	NULL
real	HR	108	7	15	    2.00	1	   -2.00	0	2	  475.79	-3	5	NULL
real	EL	109	7	-15	   -2.00	0	    2.00	0	2	  756.91	-3	7	NULL
real	HL	110	7	15	    1.00	1	   -1.00	0	3	  483.45	-3	5	NULL
real	ER	111	7	-15	   -1.00	0	    1.00	0	3	  711.29	-3	7	NULL
real	DR	112	7	15	    2.00	1	   -2.00	0	2	  485.29	-6	5	NULL
real	HR	113	8	15	    0.00	0	    1.00	1	3	  468.57	-3	5	NULL
real	GR	114	8	15	    3.00	0	    1.00	0	3	  595.55	-3	7	NULL
real	AR	115	8	-15	   -2.00	0	    1.00	1	5	  378.42	-6	7	NULL
real	BR	116	8	-15	   -3.00	0	    1.00	0	3	  503.36	-6	5	NULL
real	HL	117	8	15	    0.00	0	    1.00	1	4	  450.77	-3	5	NULL
real	DL	118	8	15	    0.00	0	    1.00	1	4	  481.39	-6	5	NULL
real	AL	119	8	-15	    0.00	0	    2.00	1	2	  442.50	-6	7	NULL
real	ER	120	8	-15	    0.00	1	   -1.00	1	4	  569.06	-3	7	NULL
real	BL	121	8	-15	    0.00	1	   -1.00	1	3	  635.02	-6	5	NULL
real	CR	122	8	15	    0.00	0	    1.00	1	3	  591.89	-6	7	NULL
real	DR	123	8	15	    0.00	0	    1.00	1	3	  582.78	-6	5	NULL
real	FR	124	8	-15	   -4.00	0	    2.00	1	2	  508.71	-3	5	NULL
real	EL	125	8	-15	    0.00	0	    2.00	0	2	  425.21	-3	7	NULL
real	CL	126	8	15	    2.00	1	   -1.00	1	5	  463.61	-6	7	NULL
real	FL	127	8	-15	    0.00	1	   -1.00	1	3	  433.47	-3	5	NULL
real	GL	128	8	15	    2.00	1	   -1.00	1	5	  412.46	-3	7	NULL
real	HL	129	9	15	    1.00	0	    1.00	0	4	  707.17	-3	5	NULL
real	BR	130	9	-15	   -2.00	0	    1.00	0	3	  426.98	-6	5	NULL
real	CL	131	9	15	    1.00	0	    1.00	1	6	  767.96	-6	7	NULL
real	GR	132	9	15	    4.00	1	   -1.00	1	4	  590.35	-3	7	NULL
real	FL	133	9	-15	   -1.00	1	   -1.00	0	3	  569.67	-3	5	NULL
real	DR	134	9	15	    1.00	1	   -1.00	1	4	  439.97	-6	5	NULL
real	EL	135	9	-15	    2.00	1	   -1.00	1	3	  418.77	-3	7	NULL
real	FR	136	9	-15	   -2.00	1	   -1.00	1	3	  611.70	-3	5	NULL
real	CR	137	9	15	    1.00	1	   -1.00	1	4	  492.02	-6	7	NULL
real	AR	138	9	-15	   -1.00	1	   -1.00	1	6	  762.24	-6	7	NULL
real	ER	139	9	-15	   -1.00	1	   -1.00	0	4	  582.00	-3	7	NULL
real	AL	140	9	-15	    2.00	1	   -1.00	1	3	  429.99	-6	7	NULL
real	HR	141	9	15	    1.00	1	   -1.00	1	4	 1010.73	-3	5	NULL
real	BL	142	9	-15	   -1.00	0	    1.00	1	4	 1236.90	-6	5	NULL
real	DL	143	9	15	    1.00	0	    1.00	0	4	  950.11	-6	5	NULL
real	GL	144	9	15	    1.00	0	    1.00	1	6	  629.13	-3	7	NULL
real	AR	145	10	-15	   -2.00	0	    1.00	1	7	  512.19	-6	7	NULL
real	GR	146	10	15	    3.00	0	    1.00	1	5	  613.95	-3	7	NULL
real	DR	147	10	15	    0.00	0	    1.00	1	5	  631.53	-6	5	NULL
real	FR	148	10	-15	   -3.00	0	    1.00	1	4	  413.73	-3	5	NULL
real	CR	149	10	15	    0.00	0	    1.00	1	5	  622.64	-6	7	NULL
real	HR	150	10	15	    0.00	0	    1.00	1	5	  552.66	-3	5	NULL
real	BR	151	10	-15	   -1.00	0	    1.00	0	3	  450.95	-6	5	NULL
real	DL	152	10	15	    2.00	1	   -1.00	1	5	  721.07	-6	5	NULL
real	FL	153	10	-15	   -2.00	0	    1.00	1	4	  708.72	-3	5	NULL
real	HL	154	10	15	    2.00	1	   -1.00	1	5	  478.77	-3	5	NULL
real	BL	155	10	-15	    0.00	1	   -1.00	1	5	  569.92	-6	5	NULL
real	ER	156	10	-15	   -2.00	1	   -1.00	0	4	  567.28	-3	7	NULL
real	EL	157	10	-15	    1.00	1	   -1.00	0	3	  466.85	-3	7	NULL
real	CL	158	10	15	    2.00	1	   -1.00	1	7	  454.86	-6	7	NULL
real	GL	159	10	15	    2.00	1	   -1.00	1	7	  389.00	-3	7	NULL
real	AL	160	10	-15	    1.00	1	   -1.00	0	3	  443.88	-6	7	NULL
real	DR	161	11	15	    1.00	1	   -1.00	1	6	  436.83	-6	5	NULL
real	FR	162	11	-15	   -2.00	0	    1.00	0	4	  778.88	-3	5	NULL
real	BR	163	11	-15	    0.00	1	   -1.00	1	4	  597.68	-6	5	NULL
real	EL	164	11	-15	    0.00	1	   -1.00	0	3	  749.01	-3	7	NULL
real	GL	165	11	15	    1.00	0	    1.00	1	8	  768.75	-3	7	NULL
real	CR	166	11	15	    1.00	0	    1.00	0	5	  575.88	-6	7	NULL
real	AR	167	11	-15	   -1.00	0	    1.00	0	7	  713.59	-6	7	NULL
real	AL	168	11	-15	    0.00	0	    1.00	1	4	  496.13	-6	7	NULL
real	FL	169	11	-15	   -1.00	0	    1.00	0	4	  553.11	-3	5	NULL
real	CL	170	11	15	    1.00	0	    1.00	1	8	  537.61	-6	7	NULL
real	ER	171	11	-15	   -3.00	0	    1.00	1	5	  432.03	-3	7	NULL
real	HL	172	11	15	    1.00	0	    1.00	1	6	  576.41	-3	5	NULL
real	GR	173	11	15	    4.00	1	   -1.00	1	6	  492.03	-3	7	NULL
real	HR	174	11	15	    1.00	0	    1.00	0	5	  682.24	-3	5	NULL
real	BL	175	11	-15	   -1.00	0	    1.00	1	6	  499.53	-6	5	NULL
real	DL	176	11	15	    1.00	0	    1.00	1	6	  734.42	-6	5	NULL
real	FL	177	12	-15	    0.00	1	   -1.00	1	5	  570.64	-3	5	NULL
real	HL	178	12	15	    2.00	1	   -1.00	1	7	  543.47	-3	5	NULL
real	DL	179	12	15	    2.00	1	   -1.00	1	7	  444.41	-6	5	NULL
real	FR	180	12	-15	   -1.00	1	   -1.00	1	5	  593.48	-3	5	NULL
real	BL	181	12	-15	    0.00	1	   -1.00	1	7	  658.34	-6	5	NULL
real	DR	182	12	15	    0.00	0	    1.00	1	7	  517.82	-6	5	NULL
real	HR	183	12	15	    2.00	0	    1.00	0	5	  867.98	-3	5	NULL
real	EL	184	12	-15	   -1.00	1	   -1.00	0	3	  396.55	-3	7	NULL
real	ER	185	12	-15	   -2.00	1	   -1.00	1	6	  569.64	-3	7	NULL
real	BR	186	12	-15	   -1.00	1	   -1.00	0	4	  599.30	-6	5	NULL
real	AL	187	12	-15	    1.00	1	   -1.00	1	5	  439.56	-6	7	NULL
real	GL	188	12	15	    2.00	1	   -1.00	1	9	  879.43	-3	7	NULL
real	CR	189	12	15	    2.00	1	   -1.00	1	6	  532.20	-6	7	NULL
real	AR	190	12	-15	    0.00	1	   -1.00	1	8	  608.69	-6	7	NULL
real	GR	191	12	15	    3.00	1	   -1.00	0	6	  426.77	-3	7	NULL
real	CL	192	12	15	    2.00	1	   -1.00	1	9	  432.26	-6	7	NULL
real	GL	193	13	15	    1.00	1	   -1.00	0	9	  836.43	-3	7	NULL
real	HL	194	13	15	    1.00	0	    1.00	1	8	  606.27	-3	5	NULL
real	HR	195	13	15	    3.00	1	   -1.00	1	6	  485.16	-3	5	NULL
real	BL	196	13	-15	   -1.00	1	   -1.00	0	7	  570.27	-6	5	NULL
real	FR	197	13	-15	   -2.00	1	   -1.00	0	5	  563.56	-3	5	NULL
real	CL	198	13	15	    1.00	1	   -1.00	0	9	  397.44	-6	7	NULL
real	ER	199	13	-15	   -3.00	0	    1.00	1	7	  953.22	-3	7	NULL
real	AR	200	13	-15	   -1.00	0	    1.00	1	9	  650.23	-6	7	NULL
real	BR	201	13	-15	   -2.00	0	    1.00	1	5	  653.90	-6	5	NULL
real	CR	202	13	15	    1.00	0	    1.00	1	7	  563.09	-6	7	NULL
real	DR	203	13	15	    1.00	0	    1.00	0	7	  718.59	-6	5	NULL
real	GR	204	13	15	    2.00	1	   -1.00	0	6	  697.24	-3	7	NULL
real	AL	205	13	-15	    0.00	1	   -1.00	0	5	  501.27	-6	7	NULL
real	FL	206	13	-15	   -1.00	1	   -1.00	0	5	  437.80	-3	5	NULL
real	EL	207	13	-15	   -2.00	1	   -1.00	0	3	  481.80	-3	7	NULL
real	DL	208	13	15	    1.00	1	   -1.00	0	7	  452.82	-6	5	NULL
real	HL	209	14	15	    2.00	1	   -1.00	1	9	  472.17	-3	5	NULL
real	GR	210	14	15	    1.00	0	    1.00	1	7	  659.81	-3	7	NULL
real	GL	211	14	15	    0.00	0	    1.00	1	10	  502.50	-3	7	NULL
real	AL	212	14	-15	   -1.00	0	    1.00	1	6	  530.42	-6	7	NULL
real	ER	213	14	-15	   -2.00	0	    1.00	0	7	  658.32	-3	7	NULL
real	DL	214	14	15	    0.00	0	    1.00	1	8	  584.78	-6	5	NULL
real	HR	215	14	15	    2.00	1	   -1.00	0	6	  651.19	-3	5	NULL
real	CL	216	14	15	    0.00	0	    1.00	1	10	  642.96	-6	7	NULL
real	DR	217	14	15	    2.00	1	   -1.00	1	8	  401.01	-6	5	NULL
real	AR	218	14	-15	    0.00	1	   -1.00	1	10	  584.45	-6	7	NULL
real	BR	219	14	-15	   -1.00	0	    1.00	0	5	  843.47	-6	5	NULL
real	BL	220	14	-15	   -2.00	0	    1.00	1	8	  426.62	-6	5	NULL
real	CR	221	14	15	    2.00	1	   -1.00	1	8	  779.27	-6	7	NULL
real	FR	222	14	-15	   -3.00	0	    1.00	1	6	  484.05	-3	5	NULL
real	FL	223	14	-15	   -2.00	0	    1.00	1	6	  486.60	-3	5	NULL
real	EL	224	14	-15	   -3.00	0	    1.00	1	4	  370.89	-3	7	NULL
real	EL	225	15	-15	   -2.00	0	    1.00	0	4	  436.41	-3	7	NULL
real	DL	226	15	15	    1.00	1	   -1.00	1	9	  572.28	-6	5	NULL
real	GR	227	15	15	    2.00	1	   -1.00	1	8	  585.87	-3	7	NULL
real	ER	228	15	-15	   -1.00	1	   -1.00	1	8	  662.18	-3	7	NULL
real	CL	229	15	15	    1.00	1	   -1.00	1	11	  573.88	-6	7	NULL
real	HR	230	15	15	    1.00	1	   -1.00	0	6	 1055.92	-3	5	NULL
real	DR	231	15	15	    1.00	1	   -1.00	0	8	  529.48	-6	5	NULL
real	FR	232	15	-15	   -2.00	0	    1.00	0	6	  722.67	-3	5	NULL
real	BR	233	15	-15	    0.00	1	   -1.00	1	6	  893.75	-6	5	NULL
real	AR	234	15	-15	   -1.00	1	   -1.00	0	10	 1460.27	-6	7	NULL
real	FL	235	15	-15	   -1.00	1	   -1.00	1	7	  581.20	-3	5	NULL
real	BL	236	15	-15	   -1.00	0	    1.00	0	8	  554.60	-6	5	NULL
real	HL	237	15	15	    1.00	0	    1.00	1	10	  707.55	-3	5	NULL
real	AL	238	15	-15	    0.00	1	   -1.00	1	7	  708.00	-6	7	NULL
real	CR	239	15	15	    1.00	1	   -1.00	0	8	 1072.00	-6	7	NULL
real	GL	240	15	15	    1.00	0	    1.00	0	10	  852.09	-3	7	NULL
real	DL	241	16	15	    0.00	1	   -1.00	0	9	  455.93	-6	5	NULL
real	HL	242	16	15	    2.00	1	   -1.00	1	11	  451.55	-3	5	NULL
real	AL	243	16	-15	   -1.00	0	    1.00	1	8	  736.72	-6	7	NULL
real	FL	244	16	-15	   -2.00	0	    1.00	1	8	  418.42	-3	5	NULL
real	EL	245	16	-15	   -1.00	0	    1.00	0	4	 1196.18	-3	7	NULL
real	GL	246	16	15	    2.00	0	    1.00	0	10	 1041.49	-3	7	NULL
real	DR	247	16	15	    0.00	0	    1.00	1	9	  717.28	-6	5	NULL
real	GR	248	16	15	    1.00	0	    1.00	1	9	  736.66	-3	7	NULL
real	AR	249	16	-15	   -2.00	0	    1.00	1	11	  518.34	-6	7	NULL
real	ER	250	16	-15	   -2.00	0	    1.00	1	9	  592.67	-3	7	NULL
real	BL	251	16	-15	    0.00	1	   -1.00	1	9	  500.90	-6	5	NULL
real	FR	252	16	-15	   -1.00	1	   -1.00	1	7	  426.95	-3	5	NULL
real	BR	253	16	-15	   -1.00	1	   -1.00	0	6	  758.60	-6	5	NULL
real	HR	254	16	15	    0.00	0	    1.00	1	7	  850.10	-3	5	NULL
real	CL	255	16	15	    0.00	0	    1.00	1	12	  698.62	-6	7	NULL
real	CR	256	16	15	    0.00	0	    1.00	1	9	  638.97	-6	7	NULL
real	BR	257	17	-15	   -2.00	0	    1.00	1	7	  465.43	-6	5	NULL
real	FL	258	17	-15	   -1.00	0	    1.00	0	8	  419.53	-3	5	NULL
real	CR	259	17	15	    1.00	1	   -1.00	1	10	  927.00	-6	7	NULL
real	GL	260	17	15	    3.00	1	   -1.00	1	11	  446.87	-3	7	NULL
real	HL	261	17	15	    1.00	0	    1.00	1	12	  623.99	-3	5	NULL
real	DR	262	17	15	    1.00	1	   -1.00	1	10	  989.95	-6	5	NULL
real	ER	263	17	-15	   -1.00	1	   -1.00	1	10	  608.15	-3	7	NULL
real	HR	264	17	15	    1.00	1	   -1.00	1	8	  499.20	-3	5	NULL
real	GR	265	17	15	    2.00	1	   -1.00	1	10	  443.12	-3	7	NULL
real	DL	266	17	15	   -1.00	0	    1.00	1	10	  704.08	-6	5	NULL
real	EL	267	17	-15	    0.00	1	   -1.00	1	5	  786.52	-3	7	NULL
real	FR	268	17	-15	   -2.00	0	    1.00	1	8	  849.19	-3	5	NULL
real	BL	269	17	-15	   -1.00	1	   -1.00	0	9	  662.30	-6	5	NULL
real	AR	270	17	-15	   -1.00	1	   -1.00	1	12	  569.66	-6	7	NULL
real	AL	271	17	-15	    0.00	1	   -1.00	1	9	  512.75	-6	7	NULL
real	GR	272	18	15	    1.00	1	   -1.00	0	10	  524.08	-3	7	NULL
real	DL	273	18	15	    0.00	1	   -1.00	1	11	  851.64	-6	5	NULL
real	BR	274	18	-15	   -1.00	1	   -1.00	1	8	  521.75	-6	5	NULL
real	FR	275	18	-15	   -1.00	1	   -1.00	1	9	  591.59	-3	5	NULL
real	AL	276	18	-15	   -1.00	1	   -1.00	0	9	  492.14	-6	7	NULL
real	BL	277	18	-15	   -2.00	1	   -1.00	0	9	 1114.01	-6	5	NULL
real	HR	278	18	15	    0.00	0	    1.00	1	9	 1660.77	-3	5	NULL
real	FL	279	18	-15	    0.00	1	   -1.00	1	9	  495.31	-3	5	NULL
real	DR	280	18	15	    0.00	0	    1.00	1	11	  655.06	-6	5	NULL
real	ER	281	18	-15	   -2.00	0	    1.00	1	11	  646.33	-3	7	NULL
real	CR	282	18	15	    0.00	0	    1.00	1	11	  552.99	-6	7	NULL
real	GL	283	18	15	    2.00	0	    1.00	1	12	 1111.75	-3	7	NULL
real	EL	284	18	-15	   -1.00	1	   -1.00	0	5	  549.04	-3	7	NULL
real	HR	285	19	15	    1.00	1	   -1.00	1	10	  451.83	-3	5	NULL
real	ER	286	19	-15	   -1.00	1	   -1.00	1	12	  427.55	-3	7	NULL
real	FL	287	19	-15	   -1.00	1	   -1.00	0	9	  409.71	-3	5	NULL
real	AL	288	19	-15	   -2.00	0	    1.00	1	10	  503.54	-6	7	NULL
real	BR	289	19	-15	   -2.00	0	    1.00	1	9	  655.29	-6	5	NULL
real	CR	290	19	15	    1.00	1	   -1.00	1	12	  474.76	-6	7	NULL
real	DR	291	19	15	    1.00	1	   -1.00	1	12	  451.76	-6	5	NULL
real	EL	292	19	-15	   -2.00	1	   -1.00	0	5	  723.54	-3	7	NULL
real	BL	293	19	-15	   -3.00	0	    1.00	1	10	  460.20	-6	5	NULL
real	GR	294	19	15	    0.00	0	    1.00	1	11	  519.12	-3	7	NULL
real	FR	295	19	-15	   -2.00	0	    1.00	1	10	  402.72	-3	5	NULL
real	DL	296	19	15	   -1.00	0	    1.00	1	12	  453.61	-6	5	NULL
real	FL	297	20	-15	   -2.00	0	    1.00	1	10	  611.35	-3	5	NULL
real	HR	298	20	15	    0.00	0	    1.00	1	11	  500.45	-3	5	NULL
real	BR	299	20	-15	   -1.00	0	    1.00	0	9	  403.58	-6	5	NULL
real	EL	300	20	-15	   -3.00	0	    1.00	1	6	  452.22	-3	7	NULL
real	BL	301	20	-15	   -2.00	0	    1.00	0	10	  459.25	-6	5	NULL
real	FR	302	20	-15	   -1.00	1	   -1.00	1	11	  750.03	-3	5	NULL
real	GR	303	20	15	    1.00	1	   -1.00	1	12	  453.18	-3	7	NULL
real	AL	304	20	-15	   -1.00	1	   -1.00	1	11	  623.06	-6	7	NULL
real	HR	305	21	15	    1.00	1	   -1.00	1	12	  738.83	-3	5	NULL
real	BR	306	21	-15	    0.00	1	   -1.00	1	10	  512.80	-6	5	NULL
real	AL	307	21	-15	   -2.00	0	    1.00	1	12	  573.78	-6	7	NULL
real	FL	308	21	-15	   -1.00	1	   -1.00	1	11	  590.46	-3	5	NULL
real	BL	309	21	-15	   -1.00	1	   -1.00	1	11	  661.90	-6	5	NULL
real	EL	310	21	-15	   -2.00	1	   -1.00	1	7	  406.35	-3	7	NULL
real	FR	311	21	-15	   -2.00	0	    1.00	1	12	  588.93	-3	5	NULL
real	BL	312	22	-15	   -2.00	0	    1.00	1	12	  458.68	-6	5	NULL
real	EL	313	22	-15	   -3.00	0	    1.00	1	8	  415.96	-3	7	NULL
real	BR	314	22	-15	   -1.00	0	    1.00	1	11	  408.41	-6	5	NULL
real	FL	315	22	-15	   -2.00	0	    1.00	1	12	  433.39	-3	5	NULL
real	EL	316	23	-15	   -2.00	0	    1.00	0	8	  911.50	-3	7	NULL
real	BR	317	23	-15	    0.00	1	   -1.00	1	12	  696.58	-6	5	NULL
real	EL	318	24	-15	   -1.00	1	   -1.00	1	9	  551.03	-3	7	NULL
real	EL	319	25	-15	   -2.00	0	    1.00	1	10	  628.07	-3	7	NULL
real	EL	320	26	-15	   -1.00	1	   -1.00	1	11	  501.66	-3	7	NULL
real	EL	321	27	-15	   -2.00	1	   -1.00	0	11	  593.80	-3	7	NULL
real	EL	322	28	-15	   -3.00	0	    1.00	1	12	  611.19	-3	7	NULL
