TRIAL_TYPE	trial_variant	TRIAL_NUMBER	TRIAL_ITERATION_VAL	frame_tilt	rod_tilt	response	step_size	reversal	reversal_num	RT	probe_del	alpha_entrain_refreshes	rod_tilt_val
real	HL	1	1	15	  -20.00	1	   -8.00	0	0	 3204.01	-3	5	NULL
real	AR	2	1	-15	   20.00	1	   -8.00	0	0	 1979.65	-6	7	NULL
real	AL	3	1	-15	  -20.00	0	    8.00	0	0	  639.25	-6	7	NULL
real	DL	4	1	15	  -20.00	0	    8.00	0	0	  609.82	-6	5	NULL
real	CR	5	1	15	   20.00	1	   -8.00	0	0	  723.94	-6	7	NULL
real	FR	6	1	-15	   20.00	1	   -8.00	0	0	  535.37	-3	5	NULL
real	CL	7	1	15	  -20.00	0	    8.00	0	0	  590.05	-6	7	NULL
real	BR	8	1	-15	   20.00	1	   -8.00	0	0	  679.76	-6	5	NULL
real	GR	9	1	15	   20.00	1	   -8.00	0	0	  876.10	-3	7	NULL
real	FL	10	1	-15	  -20.00	0	    8.00	0	0	  706.83	-3	5	NULL
real	BL	11	1	-15	  -20.00	0	    8.00	0	0	  561.40	-6	5	NULL
real	HR	12	1	15	   20.00	1	   -8.00	0	0	  616.19	-3	5	NULL
real	ER	13	1	-15	   20.00	1	   -8.00	0	0	  719.32	-3	7	NULL
real	GL	14	1	15	  -20.00	0	    8.00	0	0	  619.55	-3	7	NULL
real	EL	15	1	-15	  -20.00	0	    8.00	0	0	 1069.55	-3	7	NULL
real	DR	16	1	15	   20.00	1	   -8.00	0	0	  589.66	-6	5	NULL
real	CR	17	2	15	   12.00	1	   -8.00	0	0	  703.80	-6	7	NULL
real	CL	18	2	15	  -12.00	0	    8.00	0	0	  620.76	-6	7	NULL
real	EL	19	2	-15	  -12.00	0	    8.00	0	0	  535.76	-3	7	NULL
real	BL	20	2	-15	  -12.00	0	    8.00	0	0	  747.09	-6	5	NULL
real	GL	21	2	15	  -12.00	0	    8.00	0	0	  800.80	-3	7	NULL
real	DR	22	2	15	   12.00	1	   -8.00	0	0	  704.03	-6	5	NULL
real	ER	23	2	-15	   12.00	1	   -8.00	0	0	  653.18	-3	7	NULL
real	DL	24	2	15	  -12.00	0	    8.00	0	0	 1021.34	-6	5	NULL
real	HR	25	2	15	   12.00	1	   -8.00	0	0	  548.37	-3	5	NULL
real	FR	26	2	-15	   12.00	1	   -8.00	0	0	  860.84	-3	5	NULL
real	AR	27	2	-15	   12.00	1	   -8.00	0	0	  541.29	-6	7	NULL
real	BR	28	2	-15	   12.00	1	   -8.00	0	0	  566.87	-6	5	NULL
real	FL	29	2	-15	  -12.00	0	    8.00	0	0	  648.95	-3	5	NULL
real	HL	30	2	15	-20	0	    4.00	1	1	  555.79	-3	5	NULL
real	AL	31	2	-15	  -12.00	0	    8.00	0	0	  816.36	-6	7	NULL
real	GR	32	2	15	   12.00	1	   -8.00	0	0	  796.08	-3	7	NULL
real	EL	33	3	-15	   -4.00	1	   -4.00	1	1	  807.97	-3	7	NULL
real	AL	34	3	-15	   -4.00	1	   -4.00	1	1	  865.10	-6	7	NULL
real	GL	35	3	15	   -4.00	0	    8.00	0	0	  651.20	-3	7	NULL
real	DR	36	3	15	    4.00	0	    4.00	1	1	 1012.10	-6	5	NULL
real	GR	37	3	15	    4.00	1	   -8.00	0	0	  974.34	-3	7	NULL
real	FL	38	3	-15	   -4.00	1	   -4.00	1	1	 1036.44	-3	5	NULL
real	HL	39	3	15	  -16.00	0	    4.00	0	1	  818.12	-3	5	NULL
real	BR	40	3	-15	    4.00	1	   -8.00	0	0	  531.24	-6	5	NULL
real	HR	41	3	15	    4.00	0	    4.00	1	1	  863.18	-3	5	NULL
real	FR	42	3	-15	    4.00	1	   -8.00	0	0	  574.45	-3	5	NULL
real	AR	43	3	-15	    4.00	1	   -8.00	0	0	  575.73	-6	7	NULL
real	BL	44	3	-15	   -4.00	0	    8.00	0	0	  718.48	-6	5	NULL
real	CR	45	3	15	    4.00	1	   -8.00	0	0	  679.04	-6	7	NULL
real	ER	46	3	-15	    4.00	1	   -8.00	0	0	  559.44	-3	7	NULL
real	CL	47	3	15	   -4.00	0	    8.00	0	0	  521.70	-6	7	NULL
real	DL	48	3	15	   -4.00	0	    8.00	0	0	  519.38	-6	5	NULL
real	GR	49	4	15	   -4.00	0	    4.00	1	1	  766.16	-3	7	NULL
real	DR	50	4	15	    8.00	1	   -2.00	1	2	  618.51	-6	5	NULL
real	BL	51	4	-15	    4.00	1	   -4.00	1	1	  599.38	-6	5	NULL
real	EL	52	4	-15	   -8.00	0	    2.00	1	2	  881.58	-3	7	NULL
real	FR	53	4	-15	   -4.00	1	   -8.00	0	0	  846.51	-3	5	NULL
real	CL	54	4	15	    4.00	1	   -4.00	1	1	  647.30	-6	7	NULL
real	AL	55	4	-15	   -8.00	0	    2.00	1	2	  719.32	-6	7	NULL
real	DL	56	4	15	    4.00	1	   -4.00	1	1	 1118.56	-6	5	NULL
real	CR	57	4	15	   -4.00	0	    4.00	1	1	  513.38	-6	7	NULL
real	GL	58	4	15	    4.00	0	    8.00	0	0	 1047.39	-3	7	NULL
real	ER	59	4	-15	   -4.00	1	   -8.00	0	0	  850.93	-3	7	NULL
real	HL	60	4	15	  -12.00	0	    4.00	0	1	  753.12	-3	5	NULL
real	HR	61	4	15	    8.00	1	   -2.00	1	2	  579.96	-3	5	NULL
real	FL	62	4	-15	   -8.00	0	    2.00	1	2	  568.81	-3	5	NULL
real	AR	63	4	-15	   -4.00	1	   -8.00	0	0	  820.17	-6	7	NULL
real	BR	64	4	-15	   -4.00	1	   -8.00	0	0	  912.93	-6	5	NULL
real	BL	65	5	-15	    0.00	1	   -4.00	0	1	  731.16	-6	5	NULL
real	DL	66	5	15	    0.00	1	   -4.00	0	1	 1123.85	-6	5	NULL
real	GL	67	5	15	   12.00	1	   -4.00	1	1	  622.56	-3	7	NULL
real	FR	68	5	-15	  -12.00	0	    4.00	1	1	  651.70	-3	5	NULL
real	FL	69	5	-15	   -6.00	0	    2.00	0	2	 1405.29	-3	5	NULL
real	GR	70	5	15	    0.00	0	    4.00	0	1	  848.73	-3	7	NULL
real	HL	71	5	15	   -8.00	0	    4.00	0	1	  689.43	-3	5	NULL
real	DR	72	5	15	    6.00	1	   -2.00	0	2	  600.13	-6	5	NULL
real	ER	73	5	-15	  -12.00	0	    4.00	1	1	  586.92	-3	7	NULL
real	EL	74	5	-15	   -6.00	0	    2.00	0	2	  698.10	-3	7	NULL
real	AR	75	5	-15	  -12.00	0	    4.00	1	1	  603.82	-6	7	NULL
real	BR	76	5	-15	  -12.00	0	    4.00	1	1	  524.19	-6	5	NULL
real	HR	77	5	15	    6.00	1	   -2.00	0	2	  613.69	-3	5	NULL
real	AL	78	5	-15	   -6.00	1	   -1.00	1	3	  836.52	-6	7	NULL
real	CL	79	5	15	    0.00	0	    2.00	1	2	  845.38	-6	7	NULL
real	CR	80	5	15	    0.00	1	   -2.00	1	2	  665.61	-6	7	NULL
real	FR	81	6	-15	   -8.00	0	    4.00	0	1	  603.34	-3	5	NULL
real	AR	82	6	-15	   -8.00	0	    4.00	0	1	  540.74	-6	7	NULL
real	FL	83	6	-15	   -4.00	1	   -1.00	1	3	  634.44	-3	5	NULL
real	HL	84	6	15	   -4.00	0	    4.00	0	1	  502.87	-3	5	NULL
real	ER	85	6	-15	   -8.00	0	    4.00	0	1	  573.18	-3	7	NULL
real	EL	86	6	-15	   -4.00	1	   -1.00	1	3	  695.66	-3	7	NULL
real	CR	87	6	15	   -2.00	0	    1.00	1	3	  578.51	-6	7	NULL
real	GL	88	6	15	    8.00	1	   -4.00	0	1	  428.85	-3	7	NULL
real	AL	89	6	-15	   -7.00	0	    1.00	1	4	  532.34	-6	7	NULL
real	CL	90	6	15	    2.00	0	    2.00	0	2	  869.98	-6	7	NULL
real	BL	91	6	-15	   -4.00	0	    2.00	1	2	  661.16	-6	5	NULL
real	GR	92	6	15	    4.00	0	    4.00	0	1	 1085.50	-3	7	NULL
real	BR	93	6	-15	   -8.00	0	    4.00	0	1	  692.08	-6	5	NULL
real	DL	94	6	15	   -4.00	0	    2.00	1	2	  644.66	-6	5	NULL
real	HR	95	6	15	    4.00	0	    1.00	1	3	 1089.03	-3	5	NULL
real	DR	96	6	15	    4.00	1	   -2.00	0	2	  734.04	-6	5	NULL
real	AL	97	7	-15	   -6.00	0	    1.00	0	4	  590.82	-6	7	NULL
real	FL	98	7	-15	   -5.00	0	    1.00	1	4	 1225.04	-3	5	NULL
real	DL	99	7	15	   -2.00	0	    2.00	0	2	  759.02	-6	5	NULL
real	CL	100	7	15	    4.00	0	    2.00	0	2	 1081.00	-6	7	NULL
real	FR	101	7	-15	   -4.00	0	    4.00	0	1	 1702.91	-3	5	NULL
real	CR	102	7	15	   -1.00	0	    1.00	0	3	  779.10	-6	7	NULL
real	AR	103	7	-15	   -4.00	0	    4.00	0	1	 1137.49	-6	7	NULL
real	EL	104	7	-15	   -5.00	0	    1.00	1	4	 1416.96	-3	7	NULL
real	ER	105	7	-15	   -4.00	0	    4.00	0	1	 1292.91	-3	7	NULL
real	HL	106	7	15	    0.00	0	    4.00	0	1	 1071.36	-3	5	NULL
real	BR	107	7	-15	   -4.00	0	    4.00	0	1	 1135.52	-6	5	NULL
real	HR	108	7	15	    5.00	1	   -1.00	1	4	  651.03	-3	5	NULL
real	GL	109	7	15	    4.00	1	   -4.00	0	1	  759.21	-3	7	NULL
real	DR	110	7	15	    2.00	0	    1.00	1	3	  674.82	-6	5	NULL
real	GR	111	7	15	    8.00	1	   -2.00	1	2	  586.35	-3	7	NULL
real	BL	112	7	-15	   -2.00	0	    2.00	0	2	  742.82	-6	5	NULL
real	FR	113	8	-15	    0.00	1	   -2.00	1	2	  615.19	-3	5	NULL
real	CL	114	8	15	    6.00	1	   -1.00	1	3	  604.05	-6	7	NULL
real	DL	115	8	15	    0.00	0	    2.00	0	2	  750.09	-6	5	NULL
real	AR	116	8	-15	    0.00	1	   -2.00	1	2	  659.48	-6	7	NULL
real	BL	117	8	-15	    0.00	1	   -1.00	1	3	  592.90	-6	5	NULL
real	HL	118	8	15	    4.00	1	   -2.00	1	2	  588.99	-3	5	NULL
real	GR	119	8	15	    6.00	1	   -2.00	0	2	  622.07	-3	7	NULL
real	BR	120	8	-15	    0.00	1	   -2.00	1	2	  567.42	-6	5	NULL
real	HR	121	8	15	    4.00	1	   -1.00	0	4	  551.86	-3	5	NULL
real	CR	122	8	15	    0.00	0	    1.00	0	3	  810.41	-6	7	NULL
real	FL	123	8	-15	   -4.00	0	    1.00	0	4	  594.66	-3	5	NULL
real	EL	124	8	-15	   -4.00	0	    1.00	0	4	 1595.57	-3	7	NULL
real	AL	125	8	-15	   -5.00	0	    1.00	0	4	  620.85	-6	7	NULL
real	DR	126	8	15	    3.00	1	   -1.00	1	4	  639.27	-6	5	NULL
real	GL	127	8	15	    0.00	0	    2.00	1	2	  496.27	-3	7	NULL
real	ER	128	8	-15	    0.00	1	   -2.00	1	2	  549.99	-3	7	NULL
real	ER	129	9	-15	   -2.00	1	   -2.00	0	2	  520.69	-3	7	NULL
real	FR	130	9	-15	   -2.00	1	   -2.00	0	2	  514.71	-3	5	NULL
real	AR	131	9	-15	   -2.00	0	    1.00	1	3	  667.99	-6	7	NULL
real	FL	132	9	-15	   -3.00	0	    1.00	0	4	  618.38	-3	5	NULL
real	GR	133	9	15	    4.00	1	   -2.00	0	2	  466.02	-3	7	NULL
real	CL	134	9	15	    5.00	1	   -1.00	0	3	  414.74	-6	7	NULL
real	HL	135	9	15	    2.00	1	   -2.00	0	2	  440.05	-3	5	NULL
real	BR	136	9	-15	   -2.00	0	    1.00	1	3	  630.04	-6	5	NULL
real	EL	137	9	-15	   -3.00	1	   -1.00	1	5	  562.94	-3	7	NULL
real	DR	138	9	15	    2.00	1	   -1.00	0	4	  433.42	-6	5	NULL
real	AL	139	9	-15	   -4.00	0	    1.00	0	4	  565.09	-6	7	NULL
real	HR	140	9	15	    3.00	1	   -1.00	0	4	  600.80	-3	5	NULL
real	CR	141	9	15	    1.00	1	   -1.00	1	4	  710.22	-6	7	NULL
real	DL	142	9	15	    2.00	1	   -1.00	1	3	  607.27	-6	5	NULL
real	GL	143	9	15	    2.00	0	    2.00	0	2	  650.19	-3	7	NULL
real	BL	144	9	-15	   -1.00	1	   -1.00	0	3	  876.36	-6	5	NULL
real	HL	145	10	15	    0.00	0	    1.00	1	3	  530.75	-3	5	NULL
real	GR	146	10	15	    2.00	1	   -2.00	0	2	  691.97	-3	7	NULL
real	CL	147	10	15	    4.00	1	   -1.00	0	3	  612.56	-6	7	NULL
real	CR	148	10	15	    0.00	0	    1.00	1	5	  598.53	-6	7	NULL
real	GL	149	10	15	    4.00	1	   -1.00	1	3	  630.36	-3	7	NULL
real	DR	150	10	15	    1.00	0	    1.00	1	5	  629.50	-6	5	NULL
real	DL	151	10	15	    1.00	1	   -1.00	0	3	  710.76	-6	5	NULL
real	FL	152	10	-15	   -2.00	1	   -1.00	1	5	  554.98	-3	5	NULL
real	AR	153	10	-15	   -1.00	1	   -1.00	1	4	  536.27	-6	7	NULL
real	BR	154	10	-15	   -1.00	1	   -1.00	1	4	  505.32	-6	5	NULL
real	ER	155	10	-15	   -4.00	1	   -2.00	0	2	  621.35	-3	7	NULL
real	HR	156	10	15	    2.00	1	   -1.00	0	4	  669.47	-3	5	NULL
real	AL	157	10	-15	   -3.00	1	   -1.00	1	5	  978.01	-6	7	NULL
real	EL	158	10	-15	   -4.00	1	   -1.00	0	5	  647.48	-3	7	NULL
real	BL	159	10	-15	   -2.00	1	   -1.00	0	3	  533.56	-6	5	NULL
real	FR	160	10	-15	   -4.00	1	   -2.00	0	2	  472.32	-3	5	NULL
real	HR	161	11	15	    1.00	1	   -1.00	0	4	  425.57	-3	5	NULL
real	CR	162	11	15	    1.00	1	   -1.00	1	6	  470.14	-6	7	NULL
real	AR	163	11	-15	   -2.00	1	   -1.00	0	4	  642.05	-6	7	NULL
real	EL	164	11	-15	   -5.00	1	   -1.00	0	5	 1167.27	-3	7	NULL
real	CL	165	11	15	    3.00	1	   -1.00	0	3	  707.81	-6	7	NULL
real	GL	166	11	15	    3.00	1	   -1.00	0	3	  646.16	-3	7	NULL
real	BL	167	11	-15	   -3.00	0	    1.00	1	4	  681.26	-6	5	NULL
real	HL	168	11	15	    1.00	0	    1.00	0	3	  839.39	-3	5	NULL
real	AL	169	11	-15	   -4.00	0	    1.00	1	6	  585.46	-6	7	NULL
real	DR	170	11	15	    2.00	1	   -1.00	1	6	  529.94	-6	5	NULL
real	GR	171	11	15	    0.00	0	    1.00	1	3	  542.29	-3	7	NULL
real	BR	172	11	-15	   -2.00	0	    1.00	1	5	  660.79	-6	5	NULL
real	FR	173	11	-15	   -6.00	0	    1.00	1	3	  541.98	-3	5	NULL
real	DL	174	11	15	    0.00	1	   -1.00	0	3	  756.54	-6	5	NULL
real	FL	175	11	-15	   -3.00	1	   -1.00	0	5	  805.71	-3	5	NULL
real	ER	176	11	-15	   -6.00	0	    1.00	1	3	  596.38	-3	7	NULL
real	FR	177	12	-15	   -5.00	0	    1.00	0	3	  536.66	-3	5	NULL
real	HR	178	12	15	    0.00	0	    1.00	1	5	  588.42	-3	5	NULL
real	AR	179	12	-15	   -3.00	0	    1.00	1	5	 1250.63	-6	7	NULL
real	DR	180	12	15	    1.00	1	   -1.00	0	6	  624.17	-6	5	NULL
real	EL	181	12	-15	   -6.00	0	    1.00	1	6	  600.94	-3	7	NULL
real	HL	182	12	15	    2.00	1	   -1.00	1	4	  516.75	-3	5	NULL
real	CR	183	12	15	    0.00	1	   -1.00	0	6	  668.99	-6	7	NULL
real	BR	184	12	-15	   -1.00	1	   -1.00	1	6	 1068.20	-6	5	NULL
real	FL	185	12	-15	   -4.00	0	    1.00	1	6	 1000.22	-3	5	NULL
real	ER	186	12	-15	   -5.00	0	    1.00	0	3	  791.83	-3	7	NULL
real	GL	187	12	15	    2.00	1	   -1.00	0	3	  821.04	-3	7	NULL
real	GR	188	12	15	    1.00	0	    1.00	0	3	  915.37	-3	7	NULL
real	CL	189	12	15	    2.00	1	   -1.00	0	3	  750.19	-6	7	NULL
real	BL	190	12	-15	   -2.00	0	    1.00	0	4	 1462.60	-6	5	NULL
real	AL	191	12	-15	   -3.00	0	    1.00	0	6	 1025.67	-6	7	NULL
real	DL	192	12	15	   -1.00	0	    1.00	1	4	  771.60	-6	5	NULL
real	FR	193	13	-15	   -4.00	0	    1.00	0	3	 1307.54	-3	5	NULL
real	AR	194	13	-15	   -2.00	0	    1.00	0	5	  729.14	-6	7	NULL
real	CL	195	13	15	    1.00	1	   -1.00	0	3	  795.23	-6	7	NULL
real	HR	196	13	15	    1.00	1	   -1.00	1	6	  694.64	-3	5	NULL
real	EL	197	13	-15	   -5.00	0	    1.00	0	6	  634.92	-3	7	NULL
real	HL	198	13	15	    1.00	0	    1.00	1	5	  948.69	-3	5	NULL
real	ER	199	13	-15	   -4.00	0	    1.00	0	3	 1421.31	-3	7	NULL
real	BL	200	13	-15	   -1.00	1	   -1.00	1	5	  644.05	-6	5	NULL
real	GL	201	13	15	    1.00	0	    1.00	1	4	  681.09	-3	7	NULL
real	BR	202	13	-15	   -2.00	1	   -1.00	0	6	 1010.59	-6	5	NULL
real	AL	203	13	-15	   -2.00	1	   -1.00	1	7	 1108.79	-6	7	NULL
real	FL	204	13	-15	   -3.00	1	   -1.00	1	7	  631.91	-3	5	NULL
real	GR	205	13	15	    2.00	1	   -1.00	1	4	  520.88	-3	7	NULL
real	DR	206	13	15	    0.00	1	   -1.00	0	6	 1084.88	-6	5	NULL
real	DL	207	13	15	    0.00	1	   -1.00	1	5	  552.38	-6	5	NULL
real	CR	208	13	15	   -1.00	0	    1.00	1	7	  560.43	-6	7	NULL
real	DL	209	14	15	   -1.00	0	    1.00	1	6	  648.84	-6	5	NULL
real	BR	210	14	-15	   -3.00	0	    1.00	1	7	  577.47	-6	5	NULL
real	AR	211	14	-15	   -1.00	0	    1.00	0	5	  781.49	-6	7	NULL
real	CR	212	14	15	    0.00	0	    1.00	0	7	  722.12	-6	7	NULL
real	FR	213	14	-15	   -3.00	0	    1.00	0	3	  424.79	-3	5	NULL
real	CL	214	14	15	    0.00	0	    1.00	1	4	  717.51	-6	7	NULL
real	AL	215	14	-15	   -3.00	0	    1.00	1	8	  498.21	-6	7	NULL
real	GL	216	14	15	    2.00	1	   -1.00	1	5	  514.21	-3	7	NULL
real	BL	217	14	-15	   -2.00	0	    1.00	1	6	  700.41	-6	5	NULL
real	ER	218	14	-15	   -3.00	1	   -1.00	1	4	  760.91	-3	7	NULL
real	HR	219	14	15	    0.00	0	    1.00	1	7	  567.81	-3	5	NULL
real	EL	220	14	-15	   -4.00	0	    1.00	0	6	  541.02	-3	7	NULL
real	FL	221	14	-15	   -4.00	1	   -1.00	0	7	  892.27	-3	5	NULL
real	HL	222	14	15	    2.00	1	   -1.00	1	6	  475.24	-3	5	NULL
real	DR	223	14	15	   -1.00	0	    1.00	1	7	  554.33	-6	5	NULL
real	GR	224	14	15	    1.00	0	    1.00	1	5	  643.70	-3	7	NULL
real	CL	225	15	15	    1.00	0	    1.00	0	4	  604.72	-6	7	NULL
real	EL	226	15	-15	   -3.00	0	    1.00	0	6	  489.43	-3	7	NULL
real	HR	227	15	15	    1.00	0	    1.00	0	7	  544.47	-3	5	NULL
real	BR	228	15	-15	   -2.00	0	    1.00	0	7	  716.44	-6	5	NULL
real	BL	229	15	-15	   -1.00	0	    1.00	0	6	  644.38	-6	5	NULL
real	DR	230	15	15	    0.00	0	    1.00	0	7	  931.14	-6	5	NULL
real	ER	231	15	-15	   -4.00	0	    1.00	1	5	  622.30	-3	7	NULL
real	CR	232	15	15	    1.00	1	   -1.00	1	8	  516.47	-6	7	NULL
real	AR	233	15	-15	    0.00	1	   -1.00	1	6	  571.17	-6	7	NULL
real	AL	234	15	-15	   -2.00	1	   -1.00	1	9	  900.75	-6	7	NULL
real	FR	235	15	-15	   -2.00	1	   -1.00	1	4	  571.71	-3	5	NULL
real	HL	236	15	15	    1.00	1	   -1.00	0	6	  511.99	-3	5	NULL
real	DL	237	15	15	    0.00	1	   -1.00	1	7	  685.79	-6	5	NULL
real	FL	238	15	-15	   -5.00	0	    1.00	1	8	  639.52	-3	5	NULL
real	GR	239	15	15	    2.00	1	   -1.00	1	6	  652.42	-3	7	NULL
real	GL	240	15	15	    1.00	1	   -1.00	0	5	  657.06	-3	7	NULL
real	GL	241	16	15	    0.00	0	    1.00	1	6	  624.56	-3	7	NULL
real	BR	242	16	-15	   -1.00	1	   -1.00	1	8	  712.66	-6	5	NULL
real	EL	243	16	-15	   -2.00	1	   -1.00	1	7	  520.24	-3	7	NULL
real	HL	244	16	15	    0.00	0	    1.00	1	7	 1132.08	-3	5	NULL
real	ER	245	16	-15	   -3.00	1	   -1.00	1	6	  640.83	-3	7	NULL
real	FL	246	16	-15	   -4.00	1	   -1.00	1	9	  699.63	-3	5	NULL
real	BL	247	16	-15	    0.00	1	   -1.00	1	7	  470.56	-6	5	NULL
real	AL	248	16	-15	   -3.00	1	   -1.00	0	9	  597.29	-6	7	NULL
real	FR	249	16	-15	   -3.00	1	   -1.00	0	4	  601.32	-3	5	NULL
real	HR	250	16	15	    2.00	1	   -1.00	1	8	  853.61	-3	5	NULL
real	CL	251	16	15	    2.00	1	   -1.00	1	5	  543.15	-6	7	NULL
real	DL	252	16	15	   -1.00	0	    1.00	1	8	 1086.98	-6	5	NULL
real	DR	253	16	15	    1.00	0	    1.00	0	7	 1144.64	-6	5	NULL
real	GR	254	16	15	    1.00	0	    1.00	1	7	  996.35	-3	7	NULL
real	CR	255	16	15	    0.00	0	    1.00	1	9	  825.09	-6	7	NULL
real	AR	256	16	-15	   -1.00	0	    1.00	1	7	  759.42	-6	7	NULL
real	CR	257	17	15	    1.00	1	   -1.00	1	10	 1138.48	-6	7	NULL
real	GL	258	17	15	    1.00	1	   -1.00	1	7	  921.60	-3	7	NULL
real	HL	259	17	15	    1.00	0	    1.00	0	7	  671.95	-3	5	NULL
real	DR	260	17	15	    2.00	0	    1.00	0	7	 1219.50	-6	5	NULL
real	AR	261	17	-15	    0.00	1	   -1.00	1	8	  631.21	-6	7	NULL
real	FL	262	17	-15	   -5.00	0	    1.00	1	10	  602.79	-3	5	NULL
real	BL	263	17	-15	   -1.00	1	   -1.00	0	7	  539.06	-6	5	NULL
real	BR	264	17	-15	   -2.00	1	   -1.00	0	8	  695.22	-6	5	NULL
real	AL	265	17	-15	   -4.00	0	    1.00	1	10	  629.40	-6	7	NULL
real	DL	266	17	15	    0.00	1	   -1.00	1	9	  693.59	-6	5	NULL
real	HR	267	17	15	    1.00	1	   -1.00	0	8	  466.00	-3	5	NULL
real	GR	268	17	15	    2.00	1	   -1.00	1	8	  616.62	-3	7	NULL
real	ER	269	17	-15	   -4.00	0	    1.00	1	7	 1241.76	-3	7	NULL
real	CL	270	17	15	    1.00	1	   -1.00	0	5	  648.72	-6	7	NULL
real	EL	271	17	-15	   -3.00	1	   -1.00	0	7	  997.07	-3	7	NULL
real	FR	272	17	-15	   -4.00	1	   -1.00	0	4	 1063.36	-3	5	NULL
real	FR	273	18	-15	   -5.00	0	    1.00	1	5	  742.05	-3	5	NULL
real	AR	274	18	-15	   -1.00	1	   -1.00	0	8	  562.71	-6	7	NULL
real	HL	275	18	15	    2.00	1	   -1.00	1	8	  694.47	-3	5	NULL
real	GL	276	18	15	    0.00	0	    1.00	1	8	 1584.90	-3	7	NULL
real	BL	277	18	-15	   -2.00	1	   -1.00	0	7	  877.15	-6	5	NULL
real	CR	278	18	15	    0.00	1	   -1.00	0	10	  604.39	-6	7	NULL
real	FL	279	18	-15	   -4.00	0	    1.00	0	10	 1061.90	-3	5	NULL
real	AL	280	18	-15	   -3.00	0	    1.00	0	10	  813.86	-6	7	NULL
real	BR	281	18	-15	   -3.00	0	    1.00	1	9	  677.27	-6	5	NULL
real	HR	282	18	15	    0.00	0	    1.00	1	9	  816.46	-3	5	NULL
real	DR	283	18	15	    3.00	1	   -1.00	1	8	  547.39	-6	5	NULL
real	ER	284	18	-15	   -3.00	0	    1.00	0	7	  536.31	-3	7	NULL
real	GR	285	18	15	    1.00	0	    1.00	1	9	  768.25	-3	7	NULL
real	CL	286	18	15	    0.00	0	    1.00	1	6	  756.54	-6	7	NULL
real	DL	287	18	15	   -1.00	0	    1.00	1	10	  728.41	-6	5	NULL
real	EL	288	18	-15	   -4.00	0	    1.00	1	8	  635.33	-3	7	NULL
real	BR	289	19	-15	   -2.00	0	    1.00	0	9	  689.03	-6	5	NULL
real	ER	290	19	-15	   -2.00	1	   -1.00	1	8	  691.46	-3	7	NULL
real	GL	291	19	15	    1.00	1	   -1.00	1	9	  641.01	-3	7	NULL
real	CL	292	19	15	    1.00	1	   -1.00	1	7	  568.67	-6	7	NULL
real	FL	293	19	-15	   -3.00	0	    1.00	0	10	  758.45	-3	5	NULL
real	AR	294	19	-15	   -2.00	1	   -1.00	0	8	  845.19	-6	7	NULL
real	HL	295	19	15	    1.00	1	   -1.00	0	8	  876.62	-3	5	NULL
real	CR	296	19	15	   -1.00	0	    1.00	1	11	  662.68	-6	7	NULL
real	GR	297	19	15	    2.00	1	   -1.00	1	10	  578.39	-3	7	NULL
real	BL	298	19	-15	   -3.00	0	    1.00	1	8	  652.19	-6	5	NULL
real	DR	299	19	15	    2.00	1	   -1.00	0	8	  446.62	-6	5	NULL
real	EL	300	19	-15	   -3.00	0	    1.00	0	8	  798.70	-3	7	NULL
real	HR	301	19	15	    1.00	0	    1.00	0	9	  740.23	-3	5	NULL
real	FR	302	19	-15	   -4.00	0	    1.00	0	5	  717.73	-3	5	NULL
real	DL	303	19	15	    0.00	0	    1.00	0	10	  888.47	-6	5	NULL
real	AL	304	19	-15	   -2.00	0	    1.00	0	10	  603.23	-6	7	NULL
real	HR	305	20	15	    2.00	1	   -1.00	1	10	  809.88	-3	5	NULL
real	ER	306	20	-15	   -3.00	0	    1.00	1	9	  587.61	-3	7	NULL
real	CL	307	20	15	    0.00	0	    1.00	1	8	  788.67	-6	7	NULL
real	DR	308	20	15	    1.00	1	   -1.00	0	8	  617.44	-6	5	NULL
real	EL	309	20	-15	   -2.00	0	    1.00	0	8	  503.53	-3	7	NULL
real	AL	310	20	-15	   -1.00	1	   -1.00	1	11	  699.37	-6	7	NULL
real	GL	311	20	15	    0.00	0	    1.00	1	10	  778.58	-3	7	NULL
real	AR	312	20	-15	   -3.00	0	    1.00	1	9	  605.49	-6	7	NULL
real	FR	313	20	-15	   -3.00	0	    1.00	0	5	  644.99	-3	5	NULL
real	BL	314	20	-15	   -2.00	1	   -1.00	1	9	  811.77	-6	5	NULL
real	GR	315	20	15	    1.00	0	    1.00	1	11	  735.01	-3	7	NULL
real	DL	316	20	15	    1.00	1	   -1.00	1	11	  506.61	-6	5	NULL
real	FL	317	20	-15	   -2.00	1	   -1.00	1	11	  752.89	-3	5	NULL
real	BR	318	20	-15	   -1.00	1	   -1.00	1	10	 1308.91	-6	5	NULL
real	HL	319	20	15	    0.00	0	    1.00	1	9	  641.07	-3	5	NULL
real	CR	320	20	15	    0.00	0	    1.00	0	11	  830.51	-6	7	NULL
real	DR	321	21	15	    0.00	0	    1.00	1	9	  586.60	-6	5	NULL
real	BR	322	21	-15	   -2.00	0	    1.00	1	11	  515.59	-6	5	NULL
real	CL	323	21	15	    1.00	1	   -1.00	1	9	  448.73	-6	7	NULL
real	ER	324	21	-15	   -2.00	1	   -1.00	1	10	  694.01	-3	7	NULL
real	GL	325	21	15	    1.00	0	    1.00	0	10	  663.28	-3	7	NULL
real	EL	326	21	-15	   -1.00	1	   -1.00	1	9	  551.54	-3	7	NULL
real	FL	327	21	-15	   -3.00	1	   -1.00	0	11	 1030.49	-3	5	NULL
real	HR	328	21	15	    1.00	1	   -1.00	0	10	  486.27	-3	5	NULL
real	CR	329	21	15	    1.00	1	   -1.00	1	12	  512.97	-6	7	NULL
real	DL	330	21	15	    0.00	0	    1.00	1	12	  738.12	-6	5	NULL
real	BL	331	21	-15	   -3.00	0	    1.00	1	10	  498.83	-6	5	NULL
real	FR	332	21	-15	   -2.00	1	   -1.00	1	6	  515.07	-3	5	NULL
real	AL	333	21	-15	   -2.00	1	   -1.00	0	11	  690.83	-6	7	NULL
real	HL	334	21	15	    1.00	1	   -1.00	1	10	  467.34	-3	5	NULL
real	GR	335	21	15	    2.00	0	    1.00	0	11	 1014.38	-3	7	NULL
real	AR	336	21	-15	   -2.00	0	    1.00	0	9	  540.89	-6	7	NULL
real	FL	337	22	-15	   -4.00	0	    1.00	1	12	  577.96	-3	5	NULL
real	HL	338	22	15	    0.00	0	    1.00	1	11	  711.17	-3	5	NULL
real	AR	339	22	-15	   -1.00	1	   -1.00	1	10	  632.42	-6	7	NULL
real	DR	340	22	15	    1.00	1	   -1.00	1	10	  554.67	-6	5	NULL
real	BR	341	22	-15	   -1.00	1	   -1.00	1	12	  702.69	-6	5	NULL
real	AL	342	22	-15	   -3.00	0	    1.00	1	12	  569.66	-6	7	NULL
real	GL	343	22	15	    2.00	1	   -1.00	1	11	  804.85	-3	7	NULL
real	CL	344	22	15	    0.00	0	    1.00	1	10	  774.89	-6	7	NULL
real	BL	345	22	-15	   -2.00	0	    1.00	0	10	  660.63	-6	5	NULL
real	GR	346	22	15	    3.00	1	   -1.00	1	12	  468.95	-3	7	NULL
real	EL	347	22	-15	   -2.00	1	   -1.00	0	9	  666.21	-3	7	NULL
real	HR	348	22	15	    0.00	0	    1.00	1	11	  657.51	-3	5	NULL
real	FR	349	22	-15	   -3.00	1	   -1.00	0	6	  801.84	-3	5	NULL
real	ER	350	22	-15	   -3.00	1	   -1.00	0	10	  625.76	-3	7	NULL
real	AR	351	23	-15	   -2.00	1	   -1.00	0	10	  650.09	-6	7	NULL
real	HL	352	23	15	    1.00	1	   -1.00	1	12	 1353.65	-3	5	NULL
real	GL	353	23	15	    1.00	0	    1.00	1	12	  774.25	-3	7	NULL
real	HR	354	23	15	    1.00	1	   -1.00	1	12	  551.15	-3	5	NULL
real	EL	355	23	-15	   -3.00	0	    1.00	1	10	  590.68	-3	7	NULL
real	FR	356	23	-15	   -4.00	0	    1.00	1	7	  540.89	-3	5	NULL
real	ER	357	23	-15	   -4.00	0	    1.00	1	11	  797.34	-3	7	NULL
real	BL	358	23	-15	   -1.00	1	   -1.00	1	11	  500.45	-6	5	NULL
real	CL	359	23	15	    1.00	0	    1.00	0	10	 1200.96	-6	7	NULL
real	DR	360	23	15	    0.00	0	    1.00	1	11	 1121.16	-6	5	NULL
real	FR	361	24	-15	   -3.00	0	    1.00	0	7	  782.74	-3	5	NULL
real	CL	362	24	15	    2.00	1	   -1.00	1	11	  650.06	-6	7	NULL
real	EL	363	24	-15	   -2.00	1	   -1.00	1	11	  727.61	-3	7	NULL
real	AR	364	24	-15	   -3.00	0	    1.00	1	11	  909.83	-6	7	NULL
real	DR	365	24	15	    1.00	1	   -1.00	1	12	  518.91	-6	5	NULL
real	BL	366	24	-15	   -2.00	1	   -1.00	0	11	  646.93	-6	5	NULL
real	ER	367	24	-15	   -3.00	1	   -1.00	1	12	  546.07	-3	7	NULL
real	CL	368	25	15	    1.00	1	   -1.00	0	11	  437.00	-6	7	NULL
real	AR	369	25	-15	   -2.00	1	   -1.00	1	12	  805.42	-6	7	NULL
real	EL	370	25	-15	   -3.00	1	   -1.00	0	11	  790.32	-3	7	NULL
real	BL	371	25	-15	   -3.00	0	    1.00	1	12	  691.24	-6	5	NULL
real	FR	372	25	-15	   -2.00	1	   -1.00	1	8	  660.92	-3	5	NULL
real	EL	373	26	-15	   -4.00	0	    1.00	1	12	  595.35	-3	7	NULL
real	CL	374	26	15	    0.00	1	   -1.00	0	11	  619.92	-6	7	NULL
real	FR	375	26	-15	   -3.00	1	   -1.00	0	8	  700.60	-3	5	NULL
real	FR	376	27	-15	   -4.00	1	   -1.00	0	8	  799.83	-3	5	NULL
real	CL	377	27	15	   -1.00	1	   -1.00	0	11	  548.48	-6	7	NULL
real	CL	378	28	15	   -2.00	0	    1.00	1	12	  659.54	-6	7	NULL
real	FR	379	28	-15	   -5.00	0	    1.00	1	9	  530.49	-3	5	NULL
real	FR	380	29	-15	   -4.00	0	    1.00	0	9	  935.29	-3	5	NULL
real	FR	381	30	-15	   -3.00	0	    1.00	0	9	  658.72	-3	5	NULL
real	FR	382	31	-15	   -2.00	1	   -1.00	1	10	  525.71	-3	5	NULL
real	FR	383	32	-15	   -3.00	0	    1.00	1	11	  602.77	-3	5	NULL
real	FR	384	33	-15	   -2.00	1	   -1.00	1	12	  466.88	-3	5	NULL
