TRIAL_TYPE	trial_variant	TRIAL_NUMBER	TRIAL_ITERATION_VAL	frame_tilt	rod_tilt	response	step_size	reversal	reversal_num	RT	probe_del	alpha_entrain_refreshes	rod_tilt_val
real	DL	1	1	15	  -20.00	0	    8.00	0	0	 2254.88	-6	5	NULL
real	FR	2	1	-15	   20.00	1	   -8.00	0	0	  802.18	-3	5	NULL
real	CR	3	1	15	   20.00	1	   -8.00	0	0	  679.58	-6	7	NULL
real	HL	4	1	15	  -20.00	0	    8.00	0	0	  541.46	-3	5	NULL
real	GR	5	1	15	   20.00	1	   -8.00	0	0	  486.48	-3	7	NULL
real	ER	6	1	-15	   20.00	1	   -8.00	0	0	  642.04	-3	7	NULL
real	AL	7	1	-15	  -20.00	0	    8.00	0	0	  645.86	-6	7	NULL
real	EL	8	1	-15	  -20.00	0	    8.00	0	0	  581.91	-3	7	NULL
real	GL	9	1	15	  -20.00	0	    8.00	0	0	  470.27	-3	7	NULL
real	HR	10	1	15	   20.00	1	   -8.00	0	0	  502.36	-3	5	NULL
real	BL	11	1	-15	  -20.00	0	    8.00	0	0	  451.38	-6	5	NULL
real	DR	12	1	15	   20.00	1	   -8.00	0	0	  637.82	-6	5	NULL
real	CL	13	1	15	  -20.00	0	    8.00	0	0	  425.17	-6	7	NULL
real	FL	14	1	-15	  -20.00	0	    8.00	0	0	  540.41	-3	5	NULL
real	AR	15	1	-15	   20.00	1	   -8.00	0	0	  485.94	-6	7	NULL
real	BR	16	1	-15	   20.00	1	   -8.00	0	0	  575.49	-6	5	NULL
real	BL	17	2	-15	  -12.00	0	    8.00	0	0	  485.76	-6	5	NULL
real	FL	18	2	-15	  -12.00	0	    8.00	0	0	  533.18	-3	5	NULL
real	AL	19	2	-15	  -12.00	0	    8.00	0	0	  530.08	-6	7	NULL
real	HR	20	2	15	   12.00	1	   -8.00	0	0	  493.05	-3	5	NULL
real	AR	21	2	-15	   12.00	1	   -8.00	0	0	  542.76	-6	7	NULL
real	DR	22	2	15	   12.00	1	   -8.00	0	0	  471.55	-6	5	NULL
real	CL	23	2	15	  -12.00	0	    8.00	0	0	  472.34	-6	7	NULL
real	HL	24	2	15	  -12.00	0	    8.00	0	0	  502.31	-3	5	NULL
real	GL	25	2	15	  -12.00	0	    8.00	0	0	  547.93	-3	7	NULL
real	DL	26	2	15	  -12.00	0	    8.00	0	0	  483.49	-6	5	NULL
real	FR	27	2	-15	   12.00	1	   -8.00	0	0	  546.25	-3	5	NULL
real	BR	28	2	-15	   12.00	1	   -8.00	0	0	  570.99	-6	5	NULL
real	CR	29	2	15	   12.00	1	   -8.00	0	0	  587.12	-6	7	NULL
real	ER	30	2	-15	   12.00	1	   -8.00	0	0	  455.12	-3	7	NULL
real	GR	31	2	15	   12.00	1	   -8.00	0	0	  488.74	-3	7	NULL
real	EL	32	2	-15	  -12.00	0	    8.00	0	0	  549.87	-3	7	NULL
real	GR	33	3	15	    4.00	0	    4.00	1	1	 1117.21	-3	7	NULL
real	HL	34	3	15	   -4.00	0	    8.00	0	0	  546.16	-3	5	NULL
real	EL	35	3	-15	   -4.00	1	   -4.00	1	1	  786.14	-3	7	NULL
real	DR	36	3	15	    4.00	1	   -8.00	0	0	  557.84	-6	5	NULL
real	FR	37	3	-15	    4.00	1	   -8.00	0	0	  556.23	-3	5	NULL
real	BL	38	3	-15	   -4.00	0	    8.00	0	0	  529.87	-6	5	NULL
real	CL	39	3	15	   -4.00	0	    8.00	0	0	  543.21	-6	7	NULL
real	AL	40	3	-15	   -4.00	0	    8.00	0	0	  476.12	-6	7	NULL
real	AR	41	3	-15	    4.00	1	   -8.00	0	0	  519.16	-6	7	NULL
real	GL	42	3	15	   -4.00	0	    8.00	0	0	  491.30	-3	7	NULL
real	HR	43	3	15	    4.00	0	    4.00	1	1	  823.22	-3	5	NULL
real	ER	44	3	-15	    4.00	1	   -8.00	0	0	  439.23	-3	7	NULL
real	CR	45	3	15	    4.00	1	   -8.00	0	0	  473.55	-6	7	NULL
real	DL	46	3	15	   -4.00	0	    8.00	0	0	  458.78	-6	5	NULL
real	FL	47	3	-15	   -4.00	1	   -4.00	1	1	  743.46	-3	5	NULL
real	BR	48	3	-15	    4.00	1	   -8.00	0	0	  436.59	-6	5	NULL
real	FL	49	4	-15	   -8.00	0	    2.00	1	2	  574.31	-3	5	NULL
real	DL	50	4	15	    4.00	1	   -4.00	1	1	  367.21	-6	5	NULL
real	HL	51	4	15	    4.00	1	   -4.00	1	1	  914.61	-3	5	NULL
real	AL	52	4	-15	    4.00	1	   -4.00	1	1	  524.90	-6	7	NULL
real	GL	53	4	15	    4.00	0	    8.00	0	0	  489.71	-3	7	NULL
real	BL	54	4	-15	    4.00	1	   -4.00	1	1	  403.29	-6	5	NULL
real	AR	55	4	-15	   -4.00	0	    4.00	1	1	  439.97	-6	7	NULL
real	CL	56	4	15	    4.00	1	   -4.00	1	1	  373.68	-6	7	NULL
real	GR	57	4	15	    8.00	1	   -2.00	1	2	  460.95	-3	7	NULL
real	BR	58	4	-15	   -4.00	0	    4.00	1	1	  411.32	-6	5	NULL
real	ER	59	4	-15	   -4.00	1	   -8.00	0	0	  683.22	-3	7	NULL
real	DR	60	4	15	   -4.00	0	    4.00	1	1	  571.63	-6	5	NULL
real	CR	61	4	15	   -4.00	0	    4.00	1	1	  562.96	-6	7	NULL
real	EL	62	4	-15	   -8.00	0	    2.00	1	2	  535.06	-3	7	NULL
real	HR	63	4	15	    8.00	1	   -2.00	1	2	  524.65	-3	5	NULL
real	FR	64	4	-15	   -4.00	1	   -8.00	0	0	  748.33	-3	5	NULL
real	HR	65	5	15	    6.00	1	   -2.00	0	2	  544.14	-3	5	NULL
real	BR	66	5	-15	    0.00	1	   -2.00	1	2	  625.75	-6	5	NULL
real	AL	67	5	-15	    0.00	1	   -4.00	0	1	  627.28	-6	7	NULL
real	GR	68	5	15	    6.00	1	   -2.00	0	2	  487.30	-3	7	NULL
real	FR	69	5	-15	  -12.00	0	    4.00	1	1	  477.17	-3	5	NULL
real	GL	70	5	15	   12.00	1	   -4.00	1	1	  449.38	-3	7	NULL
real	HL	71	5	15	    0.00	0	    2.00	1	2	  503.38	-3	5	NULL
real	DR	72	5	15	    0.00	0	    4.00	0	1	  551.78	-6	5	NULL
real	FL	73	5	-15	   -6.00	0	    2.00	0	2	  470.30	-3	5	NULL
real	AR	74	5	-15	    0.00	1	   -2.00	1	2	  532.47	-6	7	NULL
real	DL	75	5	15	    0.00	0	    2.00	1	2	  702.19	-6	5	NULL
real	CR	76	5	15	    0.00	0	    4.00	0	1	  498.81	-6	7	NULL
real	ER	77	5	-15	  -12.00	0	    4.00	1	1	  440.64	-3	7	NULL
real	CL	78	5	15	    0.00	0	    2.00	1	2	  541.68	-6	7	NULL
real	EL	79	5	-15	   -6.00	0	    2.00	0	2	  422.08	-3	7	NULL
real	BL	80	5	-15	    0.00	1	   -4.00	0	1	  563.20	-6	5	NULL
real	ER	81	6	-15	   -8.00	0	    4.00	0	1	  416.67	-3	7	NULL
real	AL	82	6	-15	   -4.00	0	    2.00	1	2	  664.47	-6	7	NULL
real	DL	83	6	15	    2.00	0	    2.00	0	2	  808.97	-6	5	NULL
real	EL	84	6	-15	   -4.00	0	    2.00	0	2	  429.20	-3	7	NULL
real	BR	85	6	-15	   -2.00	1	   -2.00	0	2	  614.49	-6	5	NULL
real	HL	86	6	15	    2.00	0	    2.00	0	2	  705.94	-3	5	NULL
real	CR	87	6	15	    4.00	0	    4.00	0	1	 1354.16	-6	7	NULL
real	BL	88	6	-15	   -4.00	0	    2.00	1	2	  490.79	-6	5	NULL
real	AR	89	6	-15	   -2.00	0	    1.00	1	3	  419.07	-6	7	NULL
real	HR	90	6	15	    4.00	1	   -2.00	0	2	  965.87	-3	5	NULL
real	GR	91	6	15	    4.00	1	   -2.00	0	2	  520.62	-3	7	NULL
real	GL	92	6	15	    8.00	1	   -4.00	0	1	  474.30	-3	7	NULL
real	FR	93	6	-15	   -8.00	0	    4.00	0	1	  600.28	-3	5	NULL
real	FL	94	6	-15	   -4.00	0	    2.00	0	2	  795.97	-3	5	NULL
real	CL	95	6	15	    2.00	1	   -1.00	1	3	  498.82	-6	7	NULL
real	DR	96	6	15	    4.00	1	   -2.00	1	2	  591.88	-6	5	NULL
real	HR	97	7	15	    2.00	0	    1.00	1	3	  578.64	-3	5	NULL
real	HL	98	7	15	    4.00	1	   -1.00	1	3	  463.21	-3	5	NULL
real	BR	99	7	-15	   -4.00	1	   -2.00	0	2	  706.56	-6	5	NULL
real	CR	100	7	15	    8.00	1	   -2.00	1	2	  365.85	-6	7	NULL
real	BL	101	7	-15	   -2.00	1	   -1.00	1	3	  567.44	-6	5	NULL
real	EL	102	7	-15	   -2.00	1	   -1.00	1	3	  509.07	-3	7	NULL
real	AL	103	7	-15	   -2.00	1	   -1.00	1	3	  586.74	-6	7	NULL
real	GR	104	7	15	    2.00	0	    1.00	1	3	  629.15	-3	7	NULL
real	GL	105	7	15	    4.00	1	   -4.00	0	1	  507.38	-3	7	NULL
real	ER	106	7	-15	   -4.00	0	    4.00	0	1	  449.54	-3	7	NULL
real	FL	107	7	-15	   -2.00	1	   -1.00	1	3	  469.72	-3	5	NULL
real	DR	108	7	15	    2.00	1	   -2.00	0	2	  386.65	-6	5	NULL
real	AR	109	7	-15	   -1.00	1	   -1.00	1	4	  555.44	-6	7	NULL
real	DL	110	7	15	    4.00	1	   -1.00	1	3	  377.85	-6	5	NULL
real	CL	111	7	15	    1.00	0	    1.00	1	4	  839.37	-6	7	NULL
real	FR	112	7	-15	   -4.00	1	   -2.00	1	2	  616.75	-3	5	NULL
real	GR	113	8	15	    3.00	1	   -1.00	1	4	  473.85	-3	7	NULL
real	HR	114	8	15	    3.00	0	    1.00	0	3	  888.30	-3	5	NULL
real	EL	115	8	-15	   -3.00	1	   -1.00	0	3	  510.34	-3	7	NULL
real	CR	116	8	15	    6.00	1	   -2.00	0	2	  432.84	-6	7	NULL
real	ER	117	8	-15	    0.00	1	   -2.00	1	2	  451.21	-3	7	NULL
real	BR	118	8	-15	   -6.00	0	    1.00	1	3	  700.27	-6	5	NULL
real	DR	119	8	15	    0.00	0	    1.00	1	3	  717.59	-6	5	NULL
real	GL	120	8	15	    0.00	0	    2.00	1	2	  490.97	-3	7	NULL
real	FL	121	8	-15	   -3.00	1	   -1.00	0	3	  587.53	-3	5	NULL
real	CL	122	8	15	    2.00	0	    1.00	0	4	  661.27	-6	7	NULL
real	BL	123	8	-15	   -3.00	1	   -1.00	0	3	  658.39	-6	5	NULL
real	HL	124	8	15	    3.00	0	    1.00	1	4	  791.36	-3	5	NULL
real	FR	125	8	-15	   -6.00	0	    1.00	1	3	  648.77	-3	5	NULL
real	AL	126	8	-15	   -3.00	0	    1.00	1	4	  522.37	-6	7	NULL
real	AR	127	8	-15	   -2.00	1	   -1.00	0	4	  717.01	-6	7	NULL
real	DL	128	8	15	    3.00	1	   -1.00	0	3	  520.74	-6	5	NULL
real	BR	129	9	-15	   -5.00	0	    1.00	0	3	  569.68	-6	5	NULL
real	BL	130	9	-15	   -4.00	0	    1.00	1	4	  518.60	-6	5	NULL
real	ER	131	9	-15	   -2.00	1	   -2.00	0	2	  709.00	-3	7	NULL
real	FL	132	9	-15	   -4.00	1	   -1.00	0	3	  539.56	-3	5	NULL
real	HL	133	9	15	    4.00	0	    1.00	0	4	  713.91	-3	5	NULL
real	GR	134	9	15	    2.00	0	    1.00	1	5	  709.22	-3	7	NULL
real	FR	135	9	-15	   -5.00	0	    1.00	0	3	  595.00	-3	5	NULL
real	CL	136	9	15	    3.00	0	    1.00	0	4	  690.58	-6	7	NULL
real	AL	137	9	-15	   -2.00	1	   -1.00	1	5	  611.04	-6	7	NULL
real	AR	138	9	-15	   -3.00	0	    1.00	1	5	  541.26	-6	7	NULL
real	CR	139	9	15	    4.00	1	   -2.00	0	2	  542.61	-6	7	NULL
real	DR	140	9	15	    1.00	0	    1.00	0	3	  686.17	-6	5	NULL
real	DL	141	9	15	    2.00	0	    1.00	1	4	  605.67	-6	5	NULL
real	GL	142	9	15	    2.00	1	   -1.00	1	3	  488.55	-3	7	NULL
real	HR	143	9	15	    4.00	1	   -1.00	1	4	  549.56	-3	5	NULL
real	EL	144	9	-15	   -4.00	1	   -1.00	0	3	  667.09	-3	7	NULL
real	BR	145	10	-15	   -4.00	0	    1.00	0	3	  559.95	-6	5	NULL
real	AL	146	10	-15	   -3.00	0	    1.00	1	6	  449.03	-6	7	NULL
real	CR	147	10	15	    2.00	1	   -2.00	0	2	  578.25	-6	7	NULL
real	BL	148	10	-15	   -3.00	0	    1.00	0	4	  500.66	-6	5	NULL
real	CL	149	10	15	    4.00	0	    1.00	0	4	  848.92	-6	7	NULL
real	FR	150	10	-15	   -4.00	1	   -1.00	1	4	  705.52	-3	5	NULL
real	DL	151	10	15	    3.00	1	   -1.00	1	5	  696.36	-6	5	NULL
real	HR	152	10	15	    3.00	0	    1.00	1	5	  652.55	-3	5	NULL
real	FL	153	10	-15	   -5.00	0	    1.00	1	4	  548.59	-3	5	NULL
real	AR	154	10	-15	   -2.00	1	   -1.00	1	6	  782.53	-6	7	NULL
real	EL	155	10	-15	   -5.00	1	   -1.00	0	3	  704.97	-3	7	NULL
real	ER	156	10	-15	   -4.00	1	   -2.00	0	2	  588.25	-3	7	NULL
real	GR	157	10	15	    3.00	0	    1.00	0	5	  818.31	-3	7	NULL
real	DR	158	10	15	    2.00	0	    1.00	0	3	  860.80	-6	5	NULL
real	GL	159	10	15	    1.00	0	    1.00	1	4	  736.19	-3	7	NULL
real	HL	160	10	15	    5.00	1	   -1.00	1	5	  521.12	-3	5	NULL
real	BL	161	11	-15	   -2.00	1	   -1.00	1	5	  586.82	-6	5	NULL
real	ER	162	11	-15	   -6.00	0	    1.00	1	3	  935.94	-3	7	NULL
real	BR	163	11	-15	   -3.00	0	    1.00	0	3	  638.59	-6	5	NULL
real	DR	164	11	15	    3.00	0	    1.00	0	3	  676.04	-6	5	NULL
real	EL	165	11	-15	   -6.00	0	    1.00	1	4	  472.38	-3	7	NULL
real	GL	166	11	15	    2.00	0	    1.00	0	4	  640.24	-3	7	NULL
real	HL	167	11	15	    4.00	0	    1.00	1	6	  559.44	-3	5	NULL
real	AR	168	11	-15	   -3.00	1	   -1.00	0	6	  824.50	-6	7	NULL
real	FR	169	11	-15	   -5.00	0	    1.00	1	5	  549.16	-3	5	NULL
real	CL	170	11	15	    5.00	1	   -1.00	1	5	  461.24	-6	7	NULL
real	DL	171	11	15	    2.00	0	    1.00	1	6	  608.54	-6	5	NULL
real	GR	172	11	15	    4.00	0	    1.00	0	5	  662.66	-3	7	NULL
real	AL	173	11	-15	   -2.00	0	    1.00	0	6	  519.49	-6	7	NULL
real	FL	174	11	-15	   -4.00	0	    1.00	0	4	  490.73	-3	5	NULL
real	HR	175	11	15	    4.00	1	   -1.00	1	6	  555.26	-3	5	NULL
real	CR	176	11	15	    0.00	0	    1.00	1	3	  623.11	-6	7	NULL
real	CR	177	12	15	    1.00	0	    1.00	0	3	  439.35	-6	7	NULL
real	AR	178	12	-15	   -4.00	0	    1.00	1	7	  436.74	-6	7	NULL
real	GR	179	12	15	    5.00	0	    1.00	0	5	  658.65	-3	7	NULL
real	CL	180	12	15	    4.00	1	   -1.00	0	5	  510.07	-6	7	NULL
real	FL	181	12	-15	   -3.00	0	    1.00	0	4	  665.22	-3	5	NULL
real	DR	182	12	15	    4.00	1	   -1.00	1	4	  631.61	-6	5	NULL
real	ER	183	12	-15	   -5.00	0	    1.00	0	3	  675.25	-3	7	NULL
real	BL	184	12	-15	   -3.00	0	    1.00	1	6	  923.17	-6	5	NULL
real	EL	185	12	-15	   -5.00	0	    1.00	0	4	  446.30	-3	7	NULL
real	HL	186	12	15	    5.00	0	    1.00	0	6	  569.50	-3	5	NULL
real	BR	187	12	-15	   -2.00	0	    1.00	0	3	  524.86	-6	5	NULL
real	FR	188	12	-15	   -4.00	0	    1.00	0	5	  441.45	-3	5	NULL
real	HR	189	12	15	    3.00	0	    1.00	1	7	  536.17	-3	5	NULL
real	GL	190	12	15	    3.00	0	    1.00	0	4	  545.44	-3	7	NULL
real	DL	191	12	15	    3.00	0	    1.00	0	6	  607.10	-6	5	NULL
real	AL	192	12	-15	   -1.00	0	    1.00	0	6	  398.45	-6	7	NULL
real	DL	193	13	15	    4.00	1	   -1.00	1	7	  452.88	-6	5	NULL
real	BL	194	13	-15	   -2.00	0	    1.00	0	6	  571.09	-6	5	NULL
real	GR	195	13	15	    6.00	1	   -1.00	1	6	  467.16	-3	7	NULL
real	FR	196	13	-15	   -3.00	1	   -1.00	1	6	  560.25	-3	5	NULL
real	EL	197	13	-15	   -4.00	1	   -1.00	1	5	  574.13	-3	7	NULL
real	CR	198	13	15	    2.00	1	   -1.00	1	4	  503.58	-6	7	NULL
real	HL	199	13	15	    6.00	1	   -1.00	1	7	  421.11	-3	5	NULL
real	FL	200	13	-15	   -2.00	1	   -1.00	1	5	  506.20	-3	5	NULL
real	GL	201	13	15	    4.00	1	   -1.00	1	5	  432.96	-3	7	NULL
real	HR	202	13	15	    4.00	1	   -1.00	1	8	  600.19	-3	5	NULL
real	ER	203	13	-15	   -4.00	1	   -1.00	1	4	  566.02	-3	7	NULL
real	AL	204	13	-15	    0.00	1	   -1.00	1	7	  493.12	-6	7	NULL
real	AR	205	13	-15	   -3.00	1	   -1.00	1	8	  546.68	-6	7	NULL
real	BR	206	13	-15	   -1.00	1	   -1.00	1	4	  397.45	-6	5	NULL
real	DR	207	13	15	    3.00	1	   -1.00	0	4	  349.04	-6	5	NULL
real	CL	208	13	15	    3.00	1	   -1.00	0	5	  373.52	-6	7	NULL
real	FL	209	14	-15	   -3.00	1	   -1.00	0	5	  513.77	-3	5	NULL
real	CR	210	14	15	    1.00	1	   -1.00	0	4	  431.23	-6	7	NULL
real	GR	211	14	15	    5.00	1	   -1.00	0	6	  459.63	-3	7	NULL
real	ER	212	14	-15	   -5.00	0	    1.00	1	5	  461.94	-3	7	NULL
real	AR	213	14	-15	   -4.00	0	    1.00	1	9	  471.14	-6	7	NULL
real	CL	214	14	15	    2.00	1	   -1.00	0	5	  911.58	-6	7	NULL
real	BR	215	14	-15	   -2.00	1	   -1.00	0	4	  509.08	-6	5	NULL
real	DL	216	14	15	    3.00	1	   -1.00	0	7	  541.71	-6	5	NULL
real	EL	217	14	-15	   -5.00	1	   -1.00	0	5	  503.75	-3	7	NULL
real	HL	218	14	15	    5.00	1	   -1.00	0	7	  580.17	-3	5	NULL
real	AL	219	14	-15	   -1.00	1	   -1.00	0	7	  429.88	-6	7	NULL
real	HR	220	14	15	    3.00	1	   -1.00	0	8	  527.55	-3	5	NULL
real	BL	221	14	-15	   -1.00	1	   -1.00	1	7	  331.59	-6	5	NULL
real	DR	222	14	15	    2.00	1	   -1.00	0	4	  336.82	-6	5	NULL
real	GL	223	14	15	    3.00	1	   -1.00	0	5	  344.69	-3	7	NULL
real	FR	224	14	-15	   -4.00	1	   -1.00	0	6	  212.62	-3	5	NULL
real	GL	225	15	15	    2.00	1	   -1.00	0	5	  288.93	-3	7	NULL
real	CR	226	15	15	    0.00	0	    1.00	1	5	  475.96	-6	7	NULL
real	AL	227	15	-15	   -2.00	0	    1.00	1	8	  277.86	-6	7	NULL
real	BR	228	15	-15	   -3.00	0	    1.00	1	5	  640.71	-6	5	NULL
real	HL	229	15	15	    4.00	1	   -1.00	0	7	  435.65	-3	5	NULL
real	DR	230	15	15	    1.00	0	    1.00	1	5	  667.91	-6	5	NULL
real	AR	231	15	-15	   -3.00	0	    1.00	0	9	  537.72	-6	7	NULL
real	DL	232	15	15	    2.00	1	   -1.00	0	7	  575.11	-6	5	NULL
real	FL	233	15	-15	   -4.00	1	   -1.00	0	5	  556.17	-3	5	NULL
real	CL	234	15	15	    1.00	0	    1.00	1	6	  585.77	-6	7	NULL
real	BL	235	15	-15	   -2.00	1	   -1.00	0	7	  531.01	-6	5	NULL
real	FR	236	15	-15	   -5.00	0	    1.00	1	7	  541.09	-3	5	NULL
real	ER	237	15	-15	   -4.00	1	   -1.00	1	6	  671.19	-3	7	NULL
real	GR	238	15	15	    4.00	1	   -1.00	0	6	  778.80	-3	7	NULL
real	EL	239	15	-15	   -6.00	0	    1.00	1	6	  534.54	-3	7	NULL
real	HR	240	15	15	    2.00	0	    1.00	1	9	  602.48	-3	5	NULL
real	ER	241	16	-15	   -5.00	1	   -1.00	0	6	  665.25	-3	7	NULL
real	CL	242	16	15	    2.00	1	   -1.00	1	7	  426.41	-6	7	NULL
real	GR	243	16	15	    3.00	1	   -1.00	0	6	  374.54	-3	7	NULL
real	DL	244	16	15	    1.00	1	   -1.00	0	7	  302.48	-6	5	NULL
real	EL	245	16	-15	   -5.00	1	   -1.00	1	7	  320.49	-3	7	NULL
real	GL	246	16	15	    1.00	0	    1.00	1	6	  552.79	-3	7	NULL
real	AL	247	16	-15	   -1.00	1	   -1.00	1	9	  522.13	-6	7	NULL
real	HR	248	16	15	    3.00	0	    1.00	0	9	  631.87	-3	5	NULL
real	AR	249	16	-15	   -2.00	1	   -1.00	1	10	  663.83	-6	7	NULL
real	BL	250	16	-15	   -3.00	0	    1.00	1	8	  582.17	-6	5	NULL
real	DR	251	16	15	    2.00	1	   -1.00	1	6	  434.46	-6	5	NULL
real	FL	252	16	-15	   -5.00	0	    1.00	1	6	 1009.09	-3	5	NULL
real	HL	253	16	15	    3.00	1	   -1.00	0	7	  432.03	-3	5	NULL
real	FR	254	16	-15	   -4.00	1	   -1.00	1	8	  589.98	-3	5	NULL
real	CR	255	16	15	    1.00	0	    1.00	0	5	  667.48	-6	7	NULL
real	BR	256	16	-15	   -2.00	1	   -1.00	1	6	  684.83	-6	5	NULL
real	BL	257	17	-15	   -2.00	1	   -1.00	1	9	  681.73	-6	5	NULL
real	HL	258	17	15	    2.00	0	    1.00	1	8	  776.25	-3	5	NULL
real	FL	259	17	-15	   -4.00	1	   -1.00	1	7	  528.89	-3	5	NULL
real	AR	260	17	-15	   -3.00	1	   -1.00	0	10	  545.02	-6	7	NULL
real	GL	261	17	15	    2.00	0	    1.00	0	6	  668.22	-3	7	NULL
real	FR	262	17	-15	   -5.00	0	    1.00	1	9	  666.82	-3	5	NULL
real	EL	263	17	-15	   -6.00	0	    1.00	1	8	  484.10	-3	7	NULL
real	GR	264	17	15	    2.00	0	    1.00	1	7	  596.95	-3	7	NULL
real	HR	265	17	15	    4.00	0	    1.00	0	9	  531.51	-3	5	NULL
real	DL	266	17	15	    0.00	0	    1.00	1	8	  494.52	-6	5	NULL
real	CL	267	17	15	    1.00	0	    1.00	1	8	  527.87	-6	7	NULL
real	ER	268	17	-15	   -6.00	0	    1.00	1	7	  467.70	-3	7	NULL
real	CR	269	17	15	    2.00	0	    1.00	0	5	  669.28	-6	7	NULL
real	BR	270	17	-15	   -3.00	0	    1.00	1	7	  496.16	-6	5	NULL
real	DR	271	17	15	    1.00	0	    1.00	1	7	  516.64	-6	5	NULL
real	AL	272	17	-15	   -2.00	0	    1.00	1	10	  419.04	-6	7	NULL
real	HR	273	18	15	    5.00	0	    1.00	0	9	  553.76	-3	5	NULL
real	GL	274	18	15	    3.00	0	    1.00	0	6	  724.45	-3	7	NULL
real	CR	275	18	15	    3.00	0	    1.00	0	5	  532.83	-6	7	NULL
real	HL	276	18	15	    3.00	0	    1.00	0	8	  457.49	-3	5	NULL
real	FL	277	18	-15	   -5.00	0	    1.00	1	8	  504.90	-3	5	NULL
real	BL	278	18	-15	   -3.00	0	    1.00	1	10	  397.88	-6	5	NULL
real	FR	279	18	-15	   -4.00	0	    1.00	0	9	  665.27	-3	5	NULL
real	GR	280	18	15	    3.00	0	    1.00	0	7	  537.04	-3	7	NULL
real	CL	281	18	15	    2.00	0	    1.00	0	8	  653.31	-6	7	NULL
real	AR	282	18	-15	   -4.00	0	    1.00	1	11	  403.70	-6	7	NULL
real	EL	283	18	-15	   -5.00	0	    1.00	0	8	  366.28	-3	7	NULL
real	AL	284	18	-15	   -1.00	0	    1.00	0	10	  506.91	-6	7	NULL
real	DL	285	18	15	    1.00	0	    1.00	0	8	  835.47	-6	5	NULL
real	BR	286	18	-15	   -2.00	0	    1.00	0	7	  652.13	-6	5	NULL
real	ER	287	18	-15	   -5.00	0	    1.00	0	7	  680.85	-3	7	NULL
real	DR	288	18	15	    2.00	1	   -1.00	1	8	 1106.21	-6	5	NULL
real	EL	289	19	-15	   -4.00	0	    1.00	0	8	 1105.10	-3	7	NULL
real	CR	290	19	15	    4.00	1	   -1.00	1	6	  681.93	-6	7	NULL
real	DL	291	19	15	    2.00	0	    1.00	0	8	  988.02	-6	5	NULL
real	CL	292	19	15	    3.00	1	   -1.00	1	9	  920.19	-6	7	NULL
real	FL	293	19	-15	   -4.00	0	    1.00	0	8	  548.94	-3	5	NULL
real	DR	294	19	15	    1.00	0	    1.00	1	9	  900.45	-6	5	NULL
real	HR	295	19	15	    6.00	1	   -1.00	1	10	  828.60	-3	5	NULL
real	GR	296	19	15	    4.00	1	   -1.00	1	8	  472.07	-3	7	NULL
real	AR	297	19	-15	   -3.00	0	    1.00	0	11	  421.85	-6	7	NULL
real	AL	298	19	-15	    0.00	1	   -1.00	1	11	  531.59	-6	7	NULL
real	GL	299	19	15	    4.00	1	   -1.00	1	7	  477.47	-3	7	NULL
real	FR	300	19	-15	   -3.00	1	   -1.00	1	10	  525.78	-3	5	NULL
real	HL	301	19	15	    4.00	1	   -1.00	1	9	  591.52	-3	5	NULL
real	ER	302	19	-15	   -4.00	0	    1.00	0	7	  480.88	-3	7	NULL
real	BL	303	19	-15	   -2.00	0	    1.00	0	10	  474.10	-6	5	NULL
real	BR	304	19	-15	   -1.00	1	   -1.00	1	8	  806.94	-6	5	NULL
real	BR	305	20	-15	   -2.00	0	    1.00	1	9	  434.08	-6	5	NULL
real	CL	306	20	15	    2.00	1	   -1.00	0	9	  432.67	-6	7	NULL
real	EL	307	20	-15	   -3.00	0	    1.00	0	8	  352.50	-3	7	NULL
real	AR	308	20	-15	   -2.00	0	    1.00	0	11	  534.68	-6	7	NULL
real	GR	309	20	15	    3.00	1	   -1.00	0	8	  683.31	-3	7	NULL
real	HL	310	20	15	    3.00	1	   -1.00	0	9	  499.87	-3	5	NULL
real	AL	311	20	-15	   -1.00	1	   -1.00	0	11	  700.85	-6	7	NULL
real	DL	312	20	15	    3.00	0	    1.00	0	8	  659.86	-6	5	NULL
real	ER	313	20	-15	   -3.00	1	   -1.00	1	8	  737.13	-3	7	NULL
real	BL	314	20	-15	   -1.00	1	   -1.00	1	11	  616.28	-6	5	NULL
real	HR	315	20	15	    5.00	1	   -1.00	0	10	  500.64	-3	5	NULL
real	GL	316	20	15	    3.00	0	    1.00	1	8	  532.43	-3	7	NULL
real	FR	317	20	-15	   -4.00	0	    1.00	1	11	  516.82	-3	5	NULL
real	DR	318	20	15	    2.00	0	    1.00	0	9	  808.53	-6	5	NULL
real	FL	319	20	-15	   -3.00	1	   -1.00	1	9	  680.02	-3	5	NULL
real	CR	320	20	15	    3.00	1	   -1.00	0	6	  609.95	-6	7	NULL
real	ER	321	21	-15	   -4.00	0	    1.00	1	9	  427.03	-3	7	NULL
real	BR	322	21	-15	   -1.00	1	   -1.00	1	10	  645.82	-6	5	NULL
real	HL	323	21	15	    2.00	0	    1.00	1	10	  612.84	-3	5	NULL
real	HR	324	21	15	    4.00	0	    1.00	1	11	  671.12	-3	5	NULL
real	AR	325	21	-15	   -1.00	0	    1.00	0	11	  433.59	-6	7	NULL
real	GL	326	21	15	    4.00	0	    1.00	0	8	  693.07	-3	7	NULL
real	CL	327	21	15	    1.00	0	    1.00	1	10	  474.65	-6	7	NULL
real	FL	328	21	-15	   -4.00	0	    1.00	1	10	  477.25	-3	5	NULL
real	DR	329	21	15	    3.00	0	    1.00	0	9	  643.73	-6	5	NULL
real	EL	330	21	-15	   -2.00	0	    1.00	0	8	  431.35	-3	7	NULL
real	GR	331	21	15	    2.00	0	    1.00	1	9	  489.93	-3	7	NULL
real	AL	332	21	-15	   -2.00	0	    1.00	1	12	  574.40	-6	7	NULL
real	FR	333	21	-15	   -3.00	1	   -1.00	1	12	  908.54	-3	5	NULL
real	CR	334	21	15	    2.00	0	    1.00	1	7	  719.92	-6	7	NULL
real	DL	335	21	15	    4.00	0	    1.00	0	8	  710.78	-6	5	NULL
real	BL	336	21	-15	   -2.00	0	    1.00	1	12	  613.15	-6	5	NULL
real	CL	337	22	15	    2.00	0	    1.00	0	10	  509.62	-6	7	NULL
real	GR	338	22	15	    3.00	0	    1.00	0	9	  590.26	-3	7	NULL
real	HL	339	22	15	    3.00	0	    1.00	0	10	  504.82	-3	5	NULL
real	BR	340	22	-15	   -2.00	0	    1.00	1	11	  383.68	-6	5	NULL
real	FL	341	22	-15	   -3.00	0	    1.00	0	10	  433.42	-3	5	NULL
real	GL	342	22	15	    5.00	0	    1.00	0	8	  888.59	-3	7	NULL
real	AR	343	22	-15	    0.00	1	   -1.00	1	12	  934.89	-6	7	NULL
real	CR	344	22	15	    3.00	1	   -1.00	1	8	  956.26	-6	7	NULL
real	DL	345	22	15	    5.00	1	   -1.00	1	9	 1249.91	-6	5	NULL
real	ER	346	22	-15	   -3.00	0	    1.00	0	9	  552.79	-3	7	NULL
real	HR	347	22	15	    5.00	1	   -1.00	1	12	  442.43	-3	5	NULL
real	DR	348	22	15	    4.00	1	   -1.00	1	10	  478.24	-6	5	NULL
real	EL	349	22	-15	   -1.00	1	   -1.00	1	9	  649.50	-3	7	NULL
real	ER	350	23	-15	   -2.00	1	   -1.00	1	10	  469.43	-3	7	NULL
real	CR	351	23	15	    2.00	1	   -1.00	0	8	  728.86	-6	7	NULL
real	DL	352	23	15	    4.00	1	   -1.00	0	9	  639.48	-6	5	NULL
real	EL	353	23	-15	   -2.00	1	   -1.00	0	9	  777.05	-3	7	NULL
real	DR	354	23	15	    3.00	1	   -1.00	0	10	  994.15	-6	5	NULL
real	HL	355	23	15	    4.00	1	   -1.00	1	11	  642.47	-3	5	NULL
real	GR	356	23	15	    4.00	1	   -1.00	1	10	  748.81	-3	7	NULL
real	BR	357	23	-15	   -1.00	1	   -1.00	1	12	  632.83	-6	5	NULL
real	FL	358	23	-15	   -2.00	1	   -1.00	1	11	  735.55	-3	5	NULL
real	CL	359	23	15	    3.00	1	   -1.00	1	11	  513.53	-6	7	NULL
real	GL	360	23	15	    6.00	1	   -1.00	1	9	  359.79	-3	7	NULL
real	CR	361	24	15	    1.00	0	    1.00	1	9	  594.11	-6	7	NULL
real	HL	362	24	15	    3.00	0	    1.00	1	12	  562.78	-3	5	NULL
real	DL	363	24	15	    3.00	0	    1.00	1	10	  648.16	-6	5	NULL
real	EL	364	24	-15	   -3.00	1	   -1.00	0	9	  760.95	-3	7	NULL
real	FL	365	24	-15	   -3.00	0	    1.00	1	12	  454.36	-3	5	NULL
real	CL	366	24	15	    2.00	0	    1.00	1	12	  812.32	-6	7	NULL
real	DR	367	24	15	    2.00	0	    1.00	1	11	  673.50	-6	5	NULL
real	ER	368	24	-15	   -3.00	0	    1.00	1	11	  480.25	-3	7	NULL
real	GR	369	24	15	    3.00	1	   -1.00	0	10	  376.28	-3	7	NULL
real	GL	370	24	15	    5.00	1	   -1.00	0	9	  621.35	-3	7	NULL
real	DR	371	25	15	    3.00	0	    1.00	0	11	  703.47	-6	5	NULL
real	GL	372	25	15	    4.00	0	    1.00	1	10	  839.43	-3	7	NULL
real	DL	373	25	15	    4.00	1	   -1.00	1	11	  980.52	-6	5	NULL
real	EL	374	25	-15	   -4.00	1	   -1.00	0	9	  822.90	-3	7	NULL
real	CR	375	25	15	    2.00	1	   -1.00	1	10	  441.77	-6	7	NULL
real	ER	376	25	-15	   -2.00	1	   -1.00	1	12	  581.09	-3	7	NULL
real	GR	377	25	15	    2.00	0	    1.00	1	11	  698.32	-3	7	NULL
real	DR	378	26	15	    4.00	1	   -1.00	1	12	  497.22	-6	5	NULL
real	DL	379	26	15	    3.00	1	   -1.00	0	11	  551.62	-6	5	NULL
real	EL	380	26	-15	   -5.00	0	    1.00	1	10	  449.03	-3	7	NULL
real	GR	381	26	15	    3.00	1	   -1.00	1	12	  527.39	-3	7	NULL
real	GL	382	26	15	    5.00	0	    1.00	0	10	  558.35	-3	7	NULL
real	CR	383	26	15	    1.00	0	    1.00	1	11	  924.63	-6	7	NULL
real	CR	384	27	15	    2.00	0	    1.00	0	11	  952.30	-6	7	NULL
real	DL	385	27	15	    2.00	0	    1.00	1	12	  645.69	-6	5	NULL
real	EL	386	27	-15	   -4.00	0	    1.00	0	10	  617.62	-3	7	NULL
real	GL	387	27	15	    6.00	0	    1.00	0	10	 1039.79	-3	7	NULL
real	GL	388	28	15	    7.00	1	   -1.00	1	11	  478.87	-3	7	NULL
real	CR	389	28	15	    3.00	0	    1.00	0	11	  718.20	-6	7	NULL
real	EL	390	28	-15	   -3.00	1	   -1.00	1	11	  890.46	-3	7	NULL
real	GL	391	29	15	    6.00	1	   -1.00	0	11	  518.50	-3	7	NULL
real	CR	392	29	15	    4.00	1	   -1.00	1	12	  600.22	-6	7	NULL
real	EL	393	29	-15	   -4.00	0	    1.00	1	12	  347.84	-3	7	NULL
real	GL	394	30	15	    5.00	1	   -1.00	0	11	  520.20	-3	7	NULL
real	GL	395	31	15	    4.00	0	    1.00	1	12	  656.04	-3	7	NULL
