TRIAL_TYPE	trial_variant	TRIAL_NUMBER	TRIAL_ITERATION_VAL	frame_tilt	rod_tilt	response	step_size	reversal	reversal_num	RT	probe_del	alpha_entrain_refreshes	rod_tilt_val
real	GR	1	1	15	   20.00	0	    8.00	0	0	 8909.27	-3	7	NULL
real	HL	2	1	15	  -20.00	1	   -8.00	0	0	  641.64	-3	5	NULL
real	AL	3	1	-15	  -20.00	1	   -8.00	0	0	  421.14	-6	7	NULL
real	DL	4	1	15	  -20.00	0	    8.00	0	0	  445.98	-6	5	NULL
real	GL	5	1	15	  -20.00	0	    8.00	0	0	  477.23	-3	7	NULL
real	BL	6	1	-15	  -20.00	0	    8.00	0	0	  447.83	-6	5	NULL
real	DR	7	1	15	   20.00	1	   -8.00	0	0	  544.58	-6	5	NULL
real	BR	8	1	-15	   20.00	1	   -8.00	0	0	  448.65	-6	5	NULL
real	FR	9	1	-15	   20.00	1	   -8.00	0	0	  422.25	-3	5	NULL
real	FL	10	1	-15	  -20.00	0	    8.00	0	0	  550.25	-3	5	NULL
real	HR	11	1	15	   20.00	1	   -8.00	0	0	  459.28	-3	5	NULL
real	AR	12	1	-15	   20.00	1	   -8.00	0	0	  461.59	-6	7	NULL
real	CL	13	1	15	  -20.00	0	    8.00	0	0	  427.79	-6	7	NULL
real	EL	14	1	-15	  -20.00	0	    8.00	0	0	  613.46	-3	7	NULL
real	CR	15	1	15	   20.00	1	   -8.00	0	0	  648.45	-6	7	NULL
real	ER	16	1	-15	   20.00	1	   -8.00	0	0	  518.48	-3	7	NULL
real	DL	17	2	15	  -12.00	0	    8.00	0	0	  578.80	-6	5	NULL
real	AR	18	2	-15	   12.00	1	   -8.00	0	0	  487.78	-6	7	NULL
real	ER	19	2	-15	   12.00	1	   -8.00	0	0	  599.11	-3	7	NULL
real	BL	20	2	-15	  -12.00	1	   -4.00	1	1	  568.65	-6	5	NULL
real	FL	21	2	-15	  -12.00	0	    8.00	0	0	  549.62	-3	5	NULL
real	EL	22	2	-15	  -12.00	0	    8.00	0	0	  577.98	-3	7	NULL
real	AL	23	2	-15	-20	0	    4.00	1	1	  562.30	-6	7	NULL
real	GR	24	2	15	20	1	   -4.00	1	1	  455.49	-3	7	NULL
real	CL	25	2	15	  -12.00	0	    8.00	0	0	  403.25	-6	7	NULL
real	CR	26	2	15	   12.00	1	   -8.00	0	0	  484.57	-6	7	NULL
real	HR	27	2	15	   12.00	0	    4.00	1	1	  598.22	-3	5	NULL
real	GL	28	2	15	  -12.00	0	    8.00	0	0	  532.86	-3	7	NULL
real	DR	29	2	15	   12.00	1	   -8.00	0	0	  765.33	-6	5	NULL
real	HL	30	2	15	-20	0	    4.00	1	1	  455.85	-3	5	NULL
real	FR	31	2	-15	   12.00	1	   -8.00	0	0	  527.80	-3	5	NULL
real	BR	32	2	-15	   12.00	1	   -8.00	0	0	  474.94	-6	5	NULL
real	EL	33	3	-15	   -4.00	0	    8.00	0	0	 3303.82	-3	7	NULL
real	ER	34	3	-15	    4.00	1	   -8.00	0	0	  812.29	-3	7	NULL
real	AR	35	3	-15	    4.00	1	   -8.00	0	0	  662.60	-6	7	NULL
real	DL	36	3	15	   -4.00	0	    8.00	0	0	  621.39	-6	5	NULL
real	GL	37	3	15	   -4.00	0	    8.00	0	0	  326.69	-3	7	NULL
real	BL	38	3	-15	  -16.00	0	    2.00	1	2	  632.69	-6	5	NULL
real	CL	39	3	15	   -4.00	0	    8.00	0	0	  653.56	-6	7	NULL
real	FL	40	3	-15	   -4.00	0	    8.00	0	0	  609.90	-3	5	NULL
real	GR	41	3	15	   16.00	1	   -4.00	0	1	  513.59	-3	7	NULL
real	AL	42	3	-15	  -16.00	0	    4.00	0	1	  473.60	-6	7	NULL
real	DR	43	3	15	    4.00	0	    4.00	1	1	  765.25	-6	5	NULL
real	FR	44	3	-15	    4.00	1	   -8.00	0	0	  568.50	-3	5	NULL
real	HL	45	3	15	  -16.00	0	    4.00	0	1	  414.72	-3	5	NULL
real	HR	46	3	15	   16.00	1	   -2.00	1	2	  441.90	-3	5	NULL
real	CR	47	3	15	    4.00	0	    4.00	1	1	  697.53	-6	7	NULL
real	BR	48	3	-15	    4.00	1	   -8.00	0	0	  520.87	-6	5	NULL
real	EL	49	4	-15	    4.00	1	   -4.00	1	1	  560.88	-3	7	NULL
real	FL	50	4	-15	    4.00	1	   -4.00	1	1	  691.93	-3	5	NULL
real	AR	51	4	-15	   -4.00	0	    4.00	1	1	  743.63	-6	7	NULL
real	DL	52	4	15	    4.00	1	   -4.00	1	1	 1026.91	-6	5	NULL
real	AL	53	4	-15	  -12.00	0	    4.00	0	1	  554.29	-6	7	NULL
real	FR	54	4	-15	   -4.00	0	    4.00	1	1	  658.73	-3	5	NULL
real	GL	55	4	15	    4.00	0	    8.00	0	0	  891.03	-3	7	NULL
real	GR	56	4	15	   12.00	1	   -4.00	0	1	  481.10	-3	7	NULL
real	BR	57	4	-15	   -4.00	0	    4.00	1	1	  611.13	-6	5	NULL
real	HL	58	4	15	  -12.00	0	    4.00	0	1	  778.22	-3	5	NULL
real	CL	59	4	15	    4.00	1	   -4.00	1	1	  680.37	-6	7	NULL
real	DR	60	4	15	    8.00	1	   -2.00	1	2	  669.91	-6	5	NULL
real	BL	61	4	-15	  -14.00	0	    2.00	0	2	  475.47	-6	5	NULL
real	HR	62	4	15	   14.00	1	   -2.00	0	2	  501.58	-3	5	NULL
real	ER	63	4	-15	   -4.00	1	   -8.00	0	0	  357.50	-3	7	NULL
real	CR	64	4	15	    8.00	1	   -2.00	1	2	  508.60	-6	7	NULL
real	AL	65	5	-15	   -8.00	0	    4.00	0	1	  557.77	-6	7	NULL
real	ER	66	5	-15	  -12.00	0	    4.00	1	1	  421.90	-3	7	NULL
real	BR	67	5	-15	    0.00	1	   -2.00	1	2	  464.39	-6	5	NULL
real	CL	68	5	15	    0.00	0	    2.00	1	2	  680.88	-6	7	NULL
real	HR	69	5	15	   12.00	1	   -2.00	0	2	  462.44	-3	5	NULL
real	AR	70	5	-15	    0.00	0	    4.00	0	1	  670.84	-6	7	NULL
real	CR	71	5	15	    6.00	1	   -2.00	0	2	  757.16	-6	7	NULL
real	DR	72	5	15	    6.00	1	   -2.00	0	2	  635.22	-6	5	NULL
real	FL	73	5	-15	    0.00	1	   -4.00	0	1	  738.08	-3	5	NULL
real	DL	74	5	15	    0.00	0	    2.00	1	2	  753.89	-6	5	NULL
real	HL	75	5	15	   -8.00	0	    4.00	0	1	  575.83	-3	5	NULL
real	FR	76	5	-15	    0.00	1	   -2.00	1	2	  506.69	-3	5	NULL
real	BL	77	5	-15	  -12.00	0	    2.00	0	2	  622.92	-6	5	NULL
real	EL	78	5	-15	    0.00	0	    2.00	1	2	  593.96	-3	7	NULL
real	GR	79	5	15	    8.00	1	   -4.00	0	1	  506.11	-3	7	NULL
real	GL	80	5	15	   12.00	1	   -4.00	1	1	  570.39	-3	7	NULL
real	BR	81	6	-15	   -2.00	0	    1.00	1	3	  628.17	-6	5	NULL
real	ER	82	6	-15	   -8.00	0	    4.00	0	1	  587.98	-3	7	NULL
real	BL	83	6	-15	  -10.00	0	    2.00	0	2	  603.77	-6	5	NULL
real	GL	84	6	15	    8.00	1	   -4.00	0	1	  588.91	-3	7	NULL
real	HR	85	6	15	   10.00	1	   -2.00	0	2	  487.65	-3	5	NULL
real	GR	86	6	15	    4.00	1	   -4.00	0	1	 2165.64	-3	7	NULL
real	FR	87	6	-15	   -2.00	0	    1.00	1	3	  849.84	-3	5	NULL
real	CR	88	6	15	    4.00	1	   -2.00	0	2	  583.58	-6	7	NULL
real	DL	89	6	15	    2.00	0	    2.00	0	2	  752.20	-6	5	NULL
real	DR	90	6	15	    4.00	1	   -2.00	0	2	  549.95	-6	5	NULL
real	CL	91	6	15	    2.00	0	    2.00	0	2	  542.20	-6	7	NULL
real	FL	92	6	-15	   -4.00	0	    2.00	1	2	  484.11	-3	5	NULL
real	EL	93	6	-15	    2.00	1	   -1.00	1	3	  538.83	-3	7	NULL
real	HL	94	6	15	   -4.00	0	    4.00	0	1	  614.20	-3	5	NULL
real	AL	95	6	-15	   -4.00	0	    4.00	0	1	  570.05	-6	7	NULL
real	AR	96	6	-15	    4.00	1	   -2.00	1	2	  483.58	-6	7	NULL
real	AL	97	7	-15	    0.00	0	    4.00	0	1	  465.03	-6	7	NULL
real	CL	98	7	15	    4.00	1	   -1.00	1	3	  546.05	-6	7	NULL
real	GL	99	7	15	    4.00	0	    2.00	1	2	  565.62	-3	7	NULL
real	BR	100	7	-15	   -1.00	0	    1.00	0	3	  572.28	-6	5	NULL
real	CR	101	7	15	    2.00	1	   -2.00	0	2	  796.27	-6	7	NULL
real	FL	102	7	-15	   -2.00	1	   -1.00	1	3	  551.26	-3	5	NULL
real	FR	103	7	-15	   -1.00	1	   -1.00	1	4	  647.61	-3	5	NULL
real	BL	104	7	-15	   -8.00	0	    2.00	0	2	  703.34	-6	5	NULL
real	EL	105	7	-15	    1.00	1	   -1.00	0	3	  596.29	-3	7	NULL
real	DL	106	7	15	    4.00	1	   -1.00	1	3	  466.69	-6	5	NULL
real	HL	107	7	15	    0.00	0	    4.00	0	1	  639.63	-3	5	NULL
real	HR	108	7	15	    8.00	1	   -2.00	0	2	  431.73	-3	5	NULL
real	GR	109	7	15	    0.00	0	    2.00	1	2	  476.22	-3	7	NULL
real	DR	110	7	15	    2.00	1	   -2.00	0	2	  718.90	-6	5	NULL
real	AR	111	7	-15	    2.00	0	    1.00	1	3	  400.89	-6	7	NULL
real	ER	112	7	-15	   -4.00	0	    4.00	0	1	  428.24	-3	7	NULL
real	AR	113	8	-15	    3.00	1	   -1.00	1	4	  411.04	-6	7	NULL
real	HR	114	8	15	    6.00	1	   -2.00	0	2	  652.81	-3	5	NULL
real	GR	115	8	15	    2.00	0	    2.00	0	2	  515.85	-3	7	NULL
real	GL	116	8	15	    6.00	1	   -1.00	1	3	  473.37	-3	7	NULL
real	FR	117	8	-15	   -2.00	0	    1.00	1	5	  563.71	-3	5	NULL
real	ER	118	8	-15	    0.00	1	   -2.00	1	2	  495.65	-3	7	NULL
real	FL	119	8	-15	   -3.00	0	    1.00	1	4	  490.61	-3	5	NULL
real	EL	120	8	-15	    0.00	1	   -1.00	0	3	  710.09	-3	7	NULL
real	DL	121	8	15	    3.00	1	   -1.00	0	3	  448.63	-6	5	NULL
real	BL	122	8	-15	   -6.00	0	    2.00	0	2	  691.33	-6	5	NULL
real	BR	123	8	-15	    0.00	1	   -1.00	1	4	  493.13	-6	5	NULL
real	CR	124	8	15	    0.00	0	    1.00	1	3	  611.76	-6	7	NULL
real	DR	125	8	15	    0.00	0	    1.00	1	3	  559.91	-6	5	NULL
real	AL	126	8	-15	    4.00	1	   -2.00	1	2	  477.71	-6	7	NULL
real	HL	127	8	15	    4.00	1	   -2.00	1	2	  527.50	-3	5	NULL
real	CL	128	8	15	    3.00	1	   -1.00	0	3	  503.98	-6	7	NULL
real	BL	129	9	-15	   -4.00	0	    2.00	0	2	  578.50	-6	5	NULL
real	EL	130	9	-15	   -1.00	1	   -1.00	0	3	  492.24	-3	7	NULL
real	CL	131	9	15	    2.00	0	    1.00	1	4	  593.17	-6	7	NULL
real	GR	132	9	15	    4.00	1	   -1.00	1	3	  363.65	-3	7	NULL
real	CR	133	9	15	    1.00	0	    1.00	0	3	  795.98	-6	7	NULL
real	DL	134	9	15	    2.00	1	   -1.00	0	3	  472.27	-6	5	NULL
real	FR	135	9	-15	   -1.00	1	   -1.00	1	6	  451.82	-3	5	NULL
real	HL	136	9	15	    2.00	1	   -2.00	0	2	  406.06	-3	5	NULL
real	DR	137	9	15	    1.00	1	   -1.00	1	4	  466.37	-6	5	NULL
real	HR	138	9	15	    4.00	1	   -2.00	0	2	  499.99	-3	5	NULL
real	BR	139	9	-15	   -1.00	0	    1.00	1	5	  743.98	-6	5	NULL
real	FL	140	9	-15	   -2.00	0	    1.00	0	4	  544.95	-3	5	NULL
real	GL	141	9	15	    5.00	1	   -1.00	0	3	  329.95	-3	7	NULL
real	ER	142	9	-15	   -2.00	0	    1.00	1	3	  389.45	-3	7	NULL
real	AL	143	9	-15	    2.00	1	   -2.00	0	2	  452.91	-6	7	NULL
real	AR	144	9	-15	    2.00	1	   -1.00	0	4	  429.75	-6	7	NULL
real	CR	145	10	15	    2.00	1	   -1.00	1	4	  863.39	-6	7	NULL
real	ER	146	10	-15	   -1.00	0	    1.00	0	3	  974.60	-3	7	NULL
real	BL	147	10	-15	   -2.00	0	    2.00	0	2	  502.96	-6	5	NULL
real	GR	148	10	15	    3.00	1	   -1.00	0	3	  416.47	-3	7	NULL
real	CL	149	10	15	    3.00	1	   -1.00	1	5	  673.84	-6	7	NULL
real	AR	150	10	-15	    1.00	1	   -1.00	0	4	  529.38	-6	7	NULL
real	BR	151	10	-15	    0.00	1	   -1.00	1	6	  410.07	-6	5	NULL
real	EL	152	10	-15	   -2.00	0	    1.00	1	4	  492.00	-3	7	NULL
real	FR	153	10	-15	   -2.00	0	    1.00	1	7	  534.27	-3	5	NULL
real	HL	154	10	15	    0.00	0	    1.00	1	3	  600.56	-3	5	NULL
real	GL	155	10	15	    4.00	1	   -1.00	0	3	  372.84	-3	7	NULL
real	DR	156	10	15	    0.00	0	    1.00	1	5	  419.74	-6	5	NULL
real	AL	157	10	-15	    0.00	1	   -2.00	0	2	  397.81	-6	7	NULL
real	DL	158	10	15	    1.00	0	    1.00	1	4	 1270.30	-6	5	NULL
real	HR	159	10	15	    2.00	1	   -2.00	0	2	  396.17	-3	5	NULL
real	FL	160	10	-15	   -1.00	0	    1.00	0	4	  578.55	-3	5	NULL
real	BR	161	11	-15	   -1.00	0	    1.00	1	7	  463.93	-6	5	NULL
real	CL	162	11	15	    2.00	1	   -1.00	0	5	  360.23	-6	7	NULL
real	HR	163	11	15	    0.00	0	    1.00	1	3	  847.80	-3	5	NULL
real	BL	164	11	-15	    0.00	1	   -1.00	1	3	  551.83	-6	5	NULL
real	EL	165	11	-15	   -1.00	1	   -1.00	1	5	  509.60	-3	7	NULL
real	DR	166	11	15	    1.00	1	   -1.00	1	6	  542.01	-6	5	NULL
real	FL	167	11	-15	    0.00	1	   -1.00	1	5	  697.28	-3	5	NULL
real	AL	168	11	-15	   -2.00	0	    1.00	1	3	  442.49	-6	7	NULL
real	FR	169	11	-15	   -1.00	1	   -1.00	1	8	  660.66	-3	5	NULL
real	AR	170	11	-15	    0.00	1	   -1.00	0	4	  560.68	-6	7	NULL
real	ER	171	11	-15	    0.00	1	   -1.00	1	4	  510.81	-3	7	NULL
real	DL	172	11	15	    2.00	1	   -1.00	1	5	  477.03	-6	5	NULL
real	GL	173	11	15	    3.00	1	   -1.00	0	3	  581.93	-3	7	NULL
real	GR	174	11	15	    2.00	1	   -1.00	0	3	  521.28	-3	7	NULL
real	HL	175	11	15	    1.00	0	    1.00	0	3	  737.11	-3	5	NULL
real	CR	176	11	15	    1.00	0	    1.00	1	5	  716.56	-6	7	NULL
real	BR	177	12	-15	    0.00	0	    1.00	0	7	  563.15	-6	5	NULL
real	FR	178	12	-15	   -2.00	0	    1.00	1	9	  495.75	-3	5	NULL
real	GL	179	12	15	    2.00	0	    1.00	1	4	  446.84	-3	7	NULL
real	CR	180	12	15	    2.00	0	    1.00	0	5	  449.37	-6	7	NULL
real	AR	181	12	-15	   -1.00	0	    1.00	1	5	  284.50	-6	7	NULL
real	BL	182	12	-15	   -1.00	0	    1.00	1	4	  700.79	-6	5	NULL
real	HL	183	12	15	    2.00	0	    1.00	0	3	  372.05	-3	5	NULL
real	DR	184	12	15	    0.00	0	    1.00	1	7	  490.74	-6	5	NULL
real	CL	185	12	15	    1.00	0	    1.00	1	6	  622.70	-6	7	NULL
real	ER	186	12	-15	   -1.00	0	    1.00	1	5	  500.13	-3	7	NULL
real	HR	187	12	15	    1.00	0	    1.00	0	3	  510.68	-3	5	NULL
real	GR	188	12	15	    1.00	0	    1.00	1	4	  288.69	-3	7	NULL
real	FL	189	12	-15	   -1.00	0	    1.00	1	6	  441.35	-3	5	NULL
real	EL	190	12	-15	   -2.00	0	    1.00	1	6	  312.88	-3	7	NULL
real	DL	191	12	15	    1.00	1	   -1.00	0	5	  560.15	-6	5	NULL
real	AL	192	12	-15	   -1.00	0	    1.00	0	3	  530.20	-6	7	NULL
real	HR	193	13	15	    2.00	1	   -1.00	1	4	  584.80	-3	5	NULL
real	CL	194	13	15	    2.00	0	    1.00	0	6	  548.19	-6	7	NULL
real	AL	195	13	-15	    0.00	1	   -1.00	1	4	  593.51	-6	7	NULL
real	GR	196	13	15	    2.00	0	    1.00	0	4	  459.06	-3	7	NULL
real	DL	197	13	15	    0.00	0	    1.00	1	6	  671.18	-6	5	NULL
real	CR	198	13	15	    3.00	1	   -1.00	1	6	  417.72	-6	7	NULL
real	ER	199	13	-15	    0.00	0	    1.00	0	5	  411.15	-3	7	NULL
real	AR	200	13	-15	    0.00	0	    1.00	0	5	  489.16	-6	7	NULL
real	HL	201	13	15	    3.00	1	   -1.00	1	4	  455.24	-3	5	NULL
real	DR	202	13	15	    1.00	1	   -1.00	1	8	  622.66	-6	5	NULL
real	GL	203	13	15	    3.00	1	   -1.00	1	5	  420.99	-3	7	NULL
real	FR	204	13	-15	   -1.00	0	    1.00	0	9	  394.16	-3	5	NULL
real	BL	205	13	-15	    0.00	1	   -1.00	1	5	  620.14	-6	5	NULL
real	BR	206	13	-15	    1.00	1	   -1.00	1	8	  515.18	-6	5	NULL
real	FL	207	13	-15	    0.00	1	   -1.00	1	7	  331.36	-3	5	NULL
real	EL	208	13	-15	   -1.00	0	    1.00	0	6	  496.37	-3	7	NULL
real	CR	209	14	15	    2.00	1	   -1.00	0	6	  461.09	-6	7	NULL
real	GR	210	14	15	    3.00	1	   -1.00	1	5	  365.65	-3	7	NULL
real	DL	211	14	15	    1.00	0	    1.00	0	6	  477.30	-6	5	NULL
real	CL	212	14	15	    3.00	1	   -1.00	1	7	  484.93	-6	7	NULL
real	AR	213	14	-15	    1.00	1	   -1.00	1	6	  508.48	-6	7	NULL
real	BL	214	14	-15	   -1.00	0	    1.00	1	6	  686.45	-6	5	NULL
real	FL	215	14	-15	   -1.00	1	   -1.00	0	7	  451.69	-3	5	NULL
real	AL	216	14	-15	   -1.00	0	    1.00	1	5	  445.52	-6	7	NULL
real	EL	217	14	-15	    0.00	0	    1.00	0	6	  405.53	-3	7	NULL
real	ER	218	14	-15	    1.00	1	   -1.00	1	6	  456.76	-3	7	NULL
real	FR	219	14	-15	    0.00	1	   -1.00	1	10	  475.44	-3	5	NULL
real	HL	220	14	15	    2.00	1	   -1.00	0	4	  488.72	-3	5	NULL
real	HR	221	14	15	    1.00	0	    1.00	1	5	  559.49	-3	5	NULL
real	BR	222	14	-15	    0.00	1	   -1.00	0	8	  361.19	-6	5	NULL
real	DR	223	14	15	    0.00	1	   -1.00	0	8	  345.71	-6	5	NULL
real	GL	224	14	15	    2.00	1	   -1.00	0	5	  412.15	-3	7	NULL
real	CR	225	15	15	    1.00	1	   -1.00	0	6	  460.45	-6	7	NULL
real	BL	226	15	-15	    0.00	0	    1.00	0	6	  712.87	-6	5	NULL
real	HR	227	15	15	    2.00	0	    1.00	0	5	  640.99	-3	5	NULL
real	DR	228	15	15	   -1.00	0	    1.00	1	9	  476.40	-6	5	NULL
real	DL	229	15	15	    2.00	1	   -1.00	1	7	  704.75	-6	5	NULL
real	FL	230	15	-15	   -2.00	0	    1.00	1	8	  460.03	-3	5	NULL
real	CL	231	15	15	    2.00	1	   -1.00	0	7	  395.03	-6	7	NULL
real	GL	232	15	15	    1.00	1	   -1.00	0	5	  576.54	-3	7	NULL
real	AR	233	15	-15	    0.00	1	   -1.00	0	6	  605.10	-6	7	NULL
real	AL	234	15	-15	    0.00	1	   -1.00	1	6	  732.81	-6	7	NULL
real	FR	235	15	-15	   -1.00	1	   -1.00	0	10	  490.74	-3	5	NULL
real	EL	236	15	-15	    1.00	1	   -1.00	1	7	  369.16	-3	7	NULL
real	GR	237	15	15	    2.00	1	   -1.00	0	5	  367.58	-3	7	NULL
real	ER	238	15	-15	    0.00	1	   -1.00	0	6	  380.94	-3	7	NULL
real	HL	239	15	15	    1.00	1	   -1.00	0	4	  374.77	-3	5	NULL
real	BR	240	15	-15	   -1.00	1	   -1.00	0	8	  511.34	-6	5	NULL
real	GL	241	16	15	    0.00	1	   -1.00	0	5	  475.65	-3	7	NULL
real	HL	242	16	15	    0.00	0	    1.00	1	5	  610.10	-3	5	NULL
real	BR	243	16	-15	   -2.00	1	   -1.00	0	8	  689.12	-6	5	NULL
real	ER	244	16	-15	   -1.00	0	    1.00	1	7	  423.10	-3	7	NULL
real	BL	245	16	-15	    1.00	1	   -1.00	1	7	  449.83	-6	5	NULL
real	AR	246	16	-15	   -1.00	0	    1.00	1	7	  436.34	-6	7	NULL
real	FR	247	16	-15	   -2.00	0	    1.00	1	11	  533.24	-3	5	NULL
real	DL	248	16	15	    1.00	1	   -1.00	0	7	  595.77	-6	5	NULL
real	HR	249	16	15	    3.00	1	   -1.00	1	6	  428.36	-3	5	NULL
real	EL	250	16	-15	    0.00	1	   -1.00	0	7	  420.20	-3	7	NULL
real	CR	251	16	15	    0.00	1	   -1.00	0	6	  544.42	-6	7	NULL
real	DR	252	16	15	    0.00	1	   -1.00	1	10	  473.00	-6	5	NULL
real	FL	253	16	-15	   -1.00	1	   -1.00	1	9	  540.10	-3	5	NULL
real	GR	254	16	15	    1.00	1	   -1.00	0	5	  894.91	-3	7	NULL
real	AL	255	16	-15	   -1.00	0	    1.00	1	7	  485.85	-6	7	NULL
real	CL	256	16	15	    1.00	1	   -1.00	0	7	  816.22	-6	7	NULL
real	GL	257	17	15	   -1.00	0	    1.00	1	6	  649.55	-3	7	NULL
real	HR	258	17	15	    2.00	1	   -1.00	0	6	  461.10	-3	5	NULL
real	DL	259	17	15	    0.00	1	   -1.00	0	7	  411.01	-6	5	NULL
real	EL	260	17	-15	   -1.00	1	   -1.00	0	7	  611.99	-3	7	NULL
real	HL	261	17	15	    1.00	0	    1.00	0	5	  561.57	-3	5	NULL
real	AR	262	17	-15	    0.00	1	   -1.00	1	8	  520.23	-6	7	NULL
real	BL	263	17	-15	    0.00	1	   -1.00	0	7	  436.98	-6	5	NULL
real	FL	264	17	-15	   -2.00	0	    1.00	1	10	  450.85	-3	5	NULL
real	GR	265	17	15	    0.00	0	    1.00	1	6	  513.31	-3	7	NULL
real	FR	266	17	-15	   -1.00	0	    1.00	0	11	  315.51	-3	5	NULL
real	AL	267	17	-15	    0.00	1	   -1.00	1	8	  499.88	-6	7	NULL
real	BR	268	17	-15	   -3.00	0	    1.00	1	9	  619.89	-6	5	NULL
real	CR	269	17	15	   -1.00	1	   -1.00	0	6	  480.21	-6	7	NULL
real	ER	270	17	-15	    0.00	1	   -1.00	1	8	  419.63	-3	7	NULL
real	DR	271	17	15	   -1.00	0	    1.00	1	11	  630.46	-6	5	NULL
real	CL	272	17	15	    0.00	1	   -1.00	0	7	  448.97	-6	7	NULL
real	DR	273	18	15	    0.00	0	    1.00	0	11	  571.76	-6	5	NULL
real	FR	274	18	-15	    0.00	1	   -1.00	1	12	  444.49	-3	5	NULL
real	AL	275	18	-15	   -1.00	0	    1.00	1	9	  508.65	-6	7	NULL
real	DL	276	18	15	   -1.00	0	    1.00	1	8	  529.71	-6	5	NULL
real	CL	277	18	15	   -1.00	1	   -1.00	0	7	  446.48	-6	7	NULL
real	GR	278	18	15	    1.00	1	   -1.00	1	7	  439.98	-3	7	NULL
real	AR	279	18	-15	   -1.00	0	    1.00	1	9	  686.64	-6	7	NULL
real	BR	280	18	-15	   -2.00	0	    1.00	0	9	  462.58	-6	5	NULL
real	EL	281	18	-15	   -2.00	0	    1.00	1	8	  661.91	-3	7	NULL
real	HR	282	18	15	    1.00	1	   -1.00	0	6	  598.52	-3	5	NULL
real	FL	283	18	-15	   -1.00	1	   -1.00	1	11	  832.60	-3	5	NULL
real	ER	284	18	-15	   -1.00	0	    1.00	1	9	  399.66	-3	7	NULL
real	CR	285	18	15	   -2.00	1	   -1.00	0	6	  471.88	-6	7	NULL
real	HL	286	18	15	    2.00	1	   -1.00	1	6	  467.10	-3	5	NULL
real	BL	287	18	-15	   -1.00	1	   -1.00	0	7	  677.48	-6	5	NULL
real	GL	288	18	15	    0.00	0	    1.00	0	6	  520.67	-3	7	NULL
real	GL	289	19	15	    1.00	1	   -1.00	1	7	  412.56	-3	7	NULL
real	HL	290	19	15	    1.00	1	   -1.00	0	6	  413.15	-3	5	NULL
real	AR	291	19	-15	    0.00	1	   -1.00	1	10	  308.84	-6	7	NULL
real	GR	292	19	15	    0.00	0	    1.00	1	8	  619.63	-3	7	NULL
real	DR	293	19	15	    1.00	1	   -1.00	1	12	  296.43	-6	5	NULL
real	AL	294	19	-15	    0.00	1	   -1.00	1	10	 1236.05	-6	7	NULL
real	CR	295	19	15	   -3.00	0	    1.00	1	7	  510.95	-6	7	NULL
real	BL	296	19	-15	   -2.00	0	    1.00	1	8	  397.44	-6	5	NULL
real	HR	297	19	15	    0.00	0	    1.00	1	7	  389.27	-3	5	NULL
real	ER	298	19	-15	    0.00	1	   -1.00	1	10	  516.34	-3	7	NULL
real	EL	299	19	-15	   -1.00	1	   -1.00	1	9	  505.26	-3	7	NULL
real	FL	300	19	-15	   -2.00	1	   -1.00	0	11	  515.87	-3	5	NULL
real	DL	301	19	15	    0.00	1	   -1.00	1	9	  372.41	-6	5	NULL
real	CL	302	19	15	   -2.00	1	   -1.00	0	7	  309.39	-6	7	NULL
real	BR	303	19	-15	   -1.00	1	   -1.00	1	10	  395.50	-6	5	NULL
real	CR	304	20	15	   -2.00	0	    1.00	0	7	  498.56	-6	7	NULL
real	AL	305	20	-15	   -1.00	1	   -1.00	0	10	  478.66	-6	7	NULL
real	AR	306	20	-15	   -1.00	1	   -1.00	0	10	 1851.16	-6	7	NULL
real	ER	307	20	-15	   -1.00	0	    1.00	1	11	 3050.23	-3	7	NULL
real	CL	308	20	15	   -3.00	0	    1.00	1	8	  467.40	-6	7	NULL
real	GR	309	20	15	    1.00	1	   -1.00	1	9	  525.96	-3	7	NULL
real	BL	310	20	-15	   -1.00	1	   -1.00	1	9	  394.34	-6	5	NULL
real	BR	311	20	-15	   -2.00	1	   -1.00	0	10	  249.33	-6	5	NULL
real	FL	312	20	-15	   -3.00	0	    1.00	1	12	  414.19	-3	5	NULL
real	HL	313	20	15	    0.00	1	   -1.00	0	6	  510.23	-3	5	NULL
real	EL	314	20	-15	   -2.00	0	    1.00	1	10	  489.58	-3	7	NULL
real	GL	315	20	15	    0.00	0	    1.00	1	8	  519.41	-3	7	NULL
real	DL	316	20	15	   -1.00	0	    1.00	1	10	  514.52	-6	5	NULL
real	HR	317	20	15	    1.00	0	    1.00	0	7	  353.59	-3	5	NULL
real	CR	318	21	15	   -1.00	0	    1.00	0	7	  564.64	-6	7	NULL
real	ER	319	21	-15	    0.00	1	   -1.00	1	12	  477.44	-3	7	NULL
real	GL	320	21	15	    1.00	0	    1.00	0	8	  409.60	-3	7	NULL
real	HL	321	21	15	   -1.00	0	    1.00	1	7	  563.31	-3	5	NULL
real	HR	322	21	15	    2.00	1	   -1.00	1	8	  627.89	-3	5	NULL
real	BL	323	21	-15	   -2.00	0	    1.00	1	10	  445.13	-6	5	NULL
real	EL	324	21	-15	   -1.00	0	    1.00	0	10	  395.05	-3	7	NULL
real	DL	325	21	15	    0.00	0	    1.00	0	10	  521.04	-6	5	NULL
real	AL	326	21	-15	   -2.00	0	    1.00	1	11	  503.01	-6	7	NULL
real	GR	327	21	15	    0.00	1	   -1.00	0	9	  467.19	-3	7	NULL
real	BR	328	21	-15	   -3.00	0	    1.00	1	11	  503.27	-6	5	NULL
real	CL	329	21	15	   -2.00	0	    1.00	0	8	  638.25	-6	7	NULL
real	AR	330	21	-15	   -2.00	1	   -1.00	0	10	  603.37	-6	7	NULL
real	GR	331	22	15	   -1.00	0	    1.00	1	10	  766.47	-3	7	NULL
real	BR	332	22	-15	   -2.00	0	    1.00	0	11	  593.63	-6	5	NULL
real	AL	333	22	-15	   -1.00	1	   -1.00	1	12	 1964.11	-6	7	NULL
real	EL	334	22	-15	    0.00	1	   -1.00	1	11	  532.73	-3	7	NULL
real	HL	335	22	15	    0.00	1	   -1.00	1	8	  823.67	-3	5	NULL
real	HR	336	22	15	    1.00	1	   -1.00	0	8	  806.57	-3	5	NULL
real	CL	337	22	15	   -1.00	0	    1.00	0	8	  468.92	-6	7	NULL
real	AR	338	22	-15	   -3.00	0	    1.00	1	11	  565.84	-6	7	NULL
real	DL	339	22	15	    1.00	1	   -1.00	1	11	  661.69	-6	5	NULL
real	CR	340	22	15	    0.00	1	   -1.00	1	8	  544.10	-6	7	NULL
real	GL	341	22	15	    2.00	1	   -1.00	1	9	  447.97	-3	7	NULL
real	BL	342	22	-15	   -1.00	1	   -1.00	1	11	  496.99	-6	5	NULL
real	CR	343	23	15	   -1.00	1	   -1.00	0	8	  495.62	-6	7	NULL
real	HL	344	23	15	   -1.00	0	    1.00	1	9	  530.00	-3	5	NULL
real	BR	345	23	-15	   -1.00	1	   -1.00	1	12	  612.64	-6	5	NULL
real	GL	346	23	15	    1.00	1	   -1.00	0	9	  765.30	-3	7	NULL
real	GR	347	23	15	    0.00	1	   -1.00	1	11	  410.66	-3	7	NULL
real	EL	348	23	-15	   -1.00	0	    1.00	1	12	  524.84	-3	7	NULL
real	AR	349	23	-15	   -2.00	1	   -1.00	1	12	  757.96	-6	7	NULL
real	HR	350	23	15	    0.00	1	   -1.00	0	8	  546.74	-3	5	NULL
real	DL	351	23	15	    0.00	1	   -1.00	0	11	  693.78	-6	5	NULL
real	BL	352	23	-15	   -2.00	1	   -1.00	0	11	  522.87	-6	5	NULL
real	CL	353	23	15	    0.00	1	   -1.00	1	9	  358.73	-6	7	NULL
real	GL	354	24	15	    0.00	1	   -1.00	0	9	  370.05	-3	7	NULL
real	CR	355	24	15	   -2.00	1	   -1.00	0	8	  387.06	-6	7	NULL
real	CL	356	24	15	   -1.00	1	   -1.00	0	9	  402.30	-6	7	NULL
real	DL	357	24	15	   -1.00	0	    1.00	1	12	  551.85	-6	5	NULL
real	BL	358	24	-15	   -3.00	0	    1.00	1	12	  636.65	-6	5	NULL
real	GR	359	24	15	   -1.00	1	   -1.00	0	11	  470.73	-3	7	NULL
real	HL	360	24	15	    0.00	1	   -1.00	1	10	  510.14	-3	5	NULL
real	HR	361	24	15	   -1.00	0	    1.00	1	9	  518.32	-3	5	NULL
real	GR	362	25	15	   -2.00	0	    1.00	1	12	  641.25	-3	7	NULL
real	CL	363	25	15	   -2.00	0	    1.00	1	10	  576.89	-6	7	NULL
real	GL	364	25	15	   -1.00	1	   -1.00	0	9	  474.89	-3	7	NULL
real	CR	365	25	15	   -3.00	0	    1.00	1	9	  533.23	-6	7	NULL
real	HR	366	25	15	    0.00	1	   -1.00	1	10	  491.26	-3	5	NULL
real	HL	367	25	15	   -1.00	0	    1.00	1	11	  714.55	-3	5	NULL
real	CL	368	26	15	   -1.00	1	   -1.00	1	11	  494.75	-6	7	NULL
real	HR	369	26	15	   -1.00	0	    1.00	1	11	  588.34	-3	5	NULL
real	GL	370	26	15	   -2.00	0	    1.00	1	10	  240.51	-3	7	NULL
real	CR	371	26	15	   -2.00	0	    1.00	0	9	  615.69	-6	7	NULL
real	HL	372	26	15	    0.00	1	   -1.00	1	12	  489.15	-3	5	NULL
real	HR	373	27	15	    0.00	1	   -1.00	1	12	  418.05	-3	5	NULL
real	CL	374	27	15	   -2.00	0	    1.00	1	12	  445.19	-6	7	NULL
real	GL	375	27	15	   -1.00	1	   -1.00	1	11	  506.03	-3	7	NULL
real	CR	376	27	15	   -1.00	1	   -1.00	1	10	  549.33	-6	7	NULL
real	CR	377	28	15	   -2.00	1	   -1.00	0	10	  453.02	-6	7	NULL
real	GL	378	28	15	   -2.00	0	    1.00	1	12	  649.31	-3	7	NULL
real	CR	379	29	15	   -3.00	0	    1.00	1	11	  613.73	-6	7	NULL
real	CR	380	30	15	   -2.00	1	   -1.00	1	12	  408.00	-6	7	NULL
