TRIAL_TYPE	trial_variant	TRIAL_NUMBER	TRIAL_ITERATION_VAL	frame_tilt	rod_tilt	response	step_size	reversal	reversal_num	RT	probe_del	alpha_entrain_refreshes	rod_tilt_val
real	ER	1	1	-15	   20.00	1	   -8.00	0	0	 1918.78	-3	7	NULL
real	DR	2	1	15	   20.00	1	   -8.00	0	0	  886.79	-6	5	NULL
real	EL	3	1	-15	  -20.00	0	    8.00	0	0	  425.53	-3	7	NULL
real	CL	4	1	15	  -20.00	0	    8.00	0	0	  510.74	-6	7	NULL
real	CR	5	1	15	   20.00	1	   -8.00	0	0	  544.66	-6	7	NULL
real	GR	6	1	15	   20.00	1	   -8.00	0	0	  441.46	-3	7	NULL
real	AL	7	1	-15	  -20.00	0	    8.00	0	0	  375.88	-6	7	NULL
real	BL	8	1	-15	  -20.00	0	    8.00	0	0	  421.29	-6	5	NULL
real	HL	9	1	15	  -20.00	0	    8.00	0	0	  375.88	-3	5	NULL
real	AR	10	1	-15	   20.00	1	   -8.00	0	0	  398.96	-6	7	NULL
real	FR	11	1	-15	   20.00	1	   -8.00	0	0	  431.90	-3	5	NULL
real	DL	12	1	15	  -20.00	0	    8.00	0	0	  397.40	-6	5	NULL
real	GL	13	1	15	  -20.00	0	    8.00	0	0	  358.35	-3	7	NULL
real	FL	14	1	-15	  -20.00	0	    8.00	0	0	  345.03	-3	5	NULL
real	HR	15	1	15	   20.00	1	   -8.00	0	0	  296.18	-3	5	NULL
real	BR	16	1	-15	   20.00	1	   -8.00	0	0	  339.96	-6	5	NULL
real	HL	17	2	15	  -12.00	0	    8.00	0	0	  385.46	-3	5	NULL
real	CR	18	2	15	   12.00	1	   -8.00	0	0	  309.05	-6	7	NULL
real	BL	19	2	-15	  -12.00	0	    8.00	0	0	  399.81	-6	5	NULL
real	HR	20	2	15	   12.00	1	   -8.00	0	0	  432.02	-3	5	NULL
real	BR	21	2	-15	   12.00	1	   -8.00	0	0	  477.53	-6	5	NULL
real	AR	22	2	-15	   12.00	1	   -8.00	0	0	  317.15	-6	7	NULL
real	CL	23	2	15	  -12.00	0	    8.00	0	0	  414.06	-6	7	NULL
real	GR	24	2	15	   12.00	1	   -8.00	0	0	  324.22	-3	7	NULL
real	FR	25	2	-15	   12.00	1	   -8.00	0	0	  394.71	-3	5	NULL
real	ER	26	2	-15	   12.00	1	   -8.00	0	0	  356.94	-3	7	NULL
real	GL	27	2	15	  -12.00	0	    8.00	0	0	  352.35	-3	7	NULL
real	DL	28	2	15	  -12.00	0	    8.00	0	0	  421.17	-6	5	NULL
real	AL	29	2	-15	  -12.00	0	    8.00	0	0	  391.49	-6	7	NULL
real	DR	30	2	15	   12.00	1	   -8.00	0	0	  368.32	-6	5	NULL
real	EL	31	2	-15	  -12.00	0	    8.00	0	0	  371.28	-3	7	NULL
real	FL	32	2	-15	  -12.00	0	    8.00	0	0	  359.18	-3	5	NULL
real	BL	33	3	-15	   -4.00	0	    8.00	0	0	  525.38	-6	5	NULL
real	AL	34	3	-15	   -4.00	0	    8.00	0	0	  366.94	-6	7	NULL
real	CR	35	3	15	    4.00	0	    4.00	1	1	  624.49	-6	7	NULL
real	CL	36	3	15	   -4.00	0	    8.00	0	0	  392.93	-6	7	NULL
real	DL	37	3	15	   -4.00	0	    8.00	0	0	  549.58	-6	5	NULL
real	FR	38	3	-15	    4.00	1	   -8.00	0	0	  555.23	-3	5	NULL
real	AR	39	3	-15	    4.00	1	   -8.00	0	0	  354.21	-6	7	NULL
real	ER	40	3	-15	    4.00	1	   -8.00	0	0	  431.75	-3	7	NULL
real	EL	41	3	-15	   -4.00	0	    8.00	0	0	  390.40	-3	7	NULL
real	GL	42	3	15	   -4.00	0	    8.00	0	0	  427.42	-3	7	NULL
real	GR	43	3	15	    4.00	0	    4.00	1	1	  453.68	-3	7	NULL
real	DR	44	3	15	    4.00	1	   -8.00	0	0	  604.64	-6	5	NULL
real	HR	45	3	15	    4.00	0	    4.00	1	1	 1208.91	-3	5	NULL
real	BR	46	3	-15	    4.00	1	   -8.00	0	0	  594.70	-6	5	NULL
real	FL	47	3	-15	   -4.00	0	    8.00	0	0	  434.79	-3	5	NULL
real	HL	48	3	15	   -4.00	0	    8.00	0	0	  491.57	-3	5	NULL
real	FL	49	4	-15	    4.00	1	   -4.00	1	1	  419.53	-3	5	NULL
real	GL	50	4	15	    4.00	0	    8.00	0	0	 1035.23	-3	7	NULL
real	GR	51	4	15	    8.00	1	   -2.00	1	2	  429.78	-3	7	NULL
real	CR	52	4	15	    8.00	1	   -2.00	1	2	  395.21	-6	7	NULL
real	FR	53	4	-15	   -4.00	0	    4.00	1	1	  432.39	-3	5	NULL
real	BL	54	4	-15	    4.00	1	   -4.00	1	1	  739.21	-6	5	NULL
real	EL	55	4	-15	    4.00	1	   -4.00	1	1	  714.51	-3	7	NULL
real	ER	56	4	-15	   -4.00	0	    4.00	1	1	  536.61	-3	7	NULL
real	HR	57	4	15	    8.00	1	   -2.00	1	2	  512.11	-3	5	NULL
real	CL	58	4	15	    4.00	0	    8.00	0	0	 1706.10	-6	7	NULL
real	DR	59	4	15	   -4.00	0	    4.00	1	1	  573.99	-6	5	NULL
real	HL	60	4	15	    4.00	0	    8.00	0	0	  871.85	-3	5	NULL
real	AL	61	4	-15	    4.00	1	   -4.00	1	1	  506.04	-6	7	NULL
real	AR	62	4	-15	   -4.00	0	    4.00	1	1	  486.96	-6	7	NULL
real	BR	63	4	-15	   -4.00	0	    4.00	1	1	  575.94	-6	5	NULL
real	DL	64	4	15	    4.00	0	    8.00	0	0	  840.08	-6	5	NULL
real	HL	65	5	15	   12.00	1	   -4.00	1	1	  448.91	-3	5	NULL
real	FR	66	5	-15	    0.00	1	   -2.00	1	2	  826.59	-3	5	NULL
real	GR	67	5	15	    6.00	0	    1.00	1	3	  426.08	-3	7	NULL
real	FL	68	5	-15	    0.00	1	   -4.00	0	1	 1114.98	-3	5	NULL
real	EL	69	5	-15	    0.00	0	    2.00	1	2	 1647.57	-3	7	NULL
real	CR	70	5	15	    6.00	1	   -2.00	0	2	  684.28	-6	7	NULL
real	HR	71	5	15	    6.00	1	   -2.00	0	2	  764.35	-3	5	NULL
real	AR	72	5	-15	    0.00	1	   -2.00	1	2	  969.09	-6	7	NULL
real	AL	73	5	-15	    0.00	1	   -4.00	0	1	  925.77	-6	7	NULL
real	CL	74	5	15	   12.00	1	   -4.00	1	1	  647.20	-6	7	NULL
real	GL	75	5	15	   12.00	1	   -4.00	1	1	  460.57	-3	7	NULL
real	BL	76	5	-15	    0.00	1	   -4.00	0	1	 1012.15	-6	5	NULL
real	ER	77	5	-15	    0.00	1	   -2.00	1	2	 1309.30	-3	7	NULL
real	BR	78	5	-15	    0.00	1	   -2.00	1	2	  883.23	-6	5	NULL
real	DL	79	5	15	   12.00	1	   -4.00	1	1	  603.46	-6	5	NULL
real	DR	80	5	15	    0.00	0	    4.00	0	1	 1375.36	-6	5	NULL
real	GR	81	6	15	    7.00	1	   -1.00	1	4	  725.56	-3	7	NULL
real	FR	82	6	-15	   -2.00	1	   -2.00	0	2	  891.69	-3	5	NULL
real	BL	83	6	-15	   -4.00	0	    2.00	1	2	  494.39	-6	5	NULL
real	DL	84	6	15	    8.00	1	   -4.00	0	1	  455.42	-6	5	NULL
real	HL	85	6	15	    8.00	1	   -4.00	0	1	  392.34	-3	5	NULL
real	CL	86	6	15	    8.00	1	   -4.00	0	1	  464.74	-6	7	NULL
real	AL	87	6	-15	   -4.00	0	    2.00	1	2	  525.24	-6	7	NULL
real	FL	88	6	-15	   -4.00	1	   -4.00	0	1	  614.57	-3	5	NULL
real	EL	89	6	-15	    2.00	1	   -1.00	1	3	  490.70	-3	7	NULL
real	GL	90	6	15	    8.00	1	   -4.00	0	1	  514.04	-3	7	NULL
real	CR	91	6	15	    4.00	1	   -2.00	0	2	 1317.41	-6	7	NULL
real	DR	92	6	15	    4.00	0	    4.00	0	1	 1262.80	-6	5	NULL
real	AR	93	6	-15	   -2.00	0	    1.00	1	3	  448.05	-6	7	NULL
real	ER	94	6	-15	   -2.00	0	    1.00	1	3	  398.04	-3	7	NULL
real	HR	95	6	15	    4.00	0	    1.00	1	3	  987.23	-3	5	NULL
real	BR	96	6	-15	   -2.00	1	   -2.00	0	2	  678.22	-6	5	NULL
real	ER	97	7	-15	   -1.00	1	   -1.00	1	4	  989.79	-3	7	NULL
real	GR	98	7	15	    6.00	1	   -1.00	0	4	  497.77	-3	7	NULL
real	HL	99	7	15	    4.00	1	   -4.00	0	1	  411.63	-3	5	NULL
real	EL	100	7	-15	    1.00	1	   -1.00	0	3	  607.68	-3	7	NULL
real	DL	101	7	15	    4.00	1	   -4.00	0	1	  814.24	-6	5	NULL
real	BR	102	7	-15	   -4.00	0	    1.00	1	3	  449.61	-6	5	NULL
real	FR	103	7	-15	   -4.00	0	    1.00	1	3	  645.44	-3	5	NULL
real	FL	104	7	-15	   -8.00	0	    2.00	1	2	  509.70	-3	5	NULL
real	BL	105	7	-15	   -2.00	1	   -1.00	1	3	  957.17	-6	5	NULL
real	DR	106	7	15	    8.00	1	   -2.00	1	2	  555.68	-6	5	NULL
real	CR	107	7	15	    2.00	0	    1.00	1	3	 1677.55	-6	7	NULL
real	CL	108	7	15	    4.00	1	   -4.00	0	1	 1430.74	-6	7	NULL
real	HR	109	7	15	    5.00	1	   -1.00	1	4	  503.60	-3	5	NULL
real	AL	110	7	-15	   -2.00	0	    2.00	0	2	  484.19	-6	7	NULL
real	GL	111	7	15	    4.00	1	   -4.00	0	1	  514.42	-3	7	NULL
real	AR	112	7	-15	   -1.00	0	    1.00	0	3	  446.70	-6	7	NULL
real	GR	113	8	15	    5.00	1	   -1.00	0	4	  358.52	-3	7	NULL
real	ER	114	8	-15	   -2.00	0	    1.00	1	5	  474.89	-3	7	NULL
real	CR	115	8	15	    3.00	1	   -1.00	1	4	  559.17	-6	7	NULL
real	DL	116	8	15	    0.00	0	    2.00	1	2	  724.52	-6	5	NULL
real	HL	117	8	15	    0.00	0	    2.00	1	2	  528.27	-3	5	NULL
real	AR	118	8	-15	    0.00	1	   -1.00	1	4	  797.02	-6	7	NULL
real	FR	119	8	-15	   -3.00	1	   -1.00	1	4	  631.51	-3	5	NULL
real	EL	120	8	-15	    0.00	1	   -1.00	0	3	  653.11	-3	7	NULL
real	GL	121	8	15	    0.00	0	    2.00	1	2	  727.06	-3	7	NULL
real	FL	122	8	-15	   -6.00	0	    2.00	0	2	  473.13	-3	5	NULL
real	BR	123	8	-15	   -3.00	0	    1.00	0	3	  841.24	-6	5	NULL
real	BL	124	8	-15	   -3.00	0	    1.00	1	4	  480.94	-6	5	NULL
real	HR	125	8	15	    4.00	1	   -1.00	0	4	  429.81	-3	5	NULL
real	CL	126	8	15	    0.00	0	    2.00	1	2	  598.75	-6	7	NULL
real	DR	127	8	15	    6.00	1	   -2.00	0	2	  426.08	-6	5	NULL
real	AL	128	8	-15	    0.00	1	   -1.00	1	3	  538.03	-6	7	NULL
real	AL	129	9	-15	   -1.00	1	   -1.00	0	3	 1233.61	-6	7	NULL
real	EL	130	9	-15	   -1.00	1	   -1.00	0	3	 1172.54	-3	7	NULL
real	BR	131	9	-15	   -2.00	0	    1.00	0	3	  887.26	-6	5	NULL
real	CL	132	9	15	    2.00	1	   -1.00	1	3	 1089.97	-6	7	NULL
real	FR	133	9	-15	   -4.00	1	   -1.00	0	4	 1495.07	-3	5	NULL
real	FL	134	9	-15	   -4.00	1	   -1.00	1	3	 1252.17	-3	5	NULL
real	HR	135	9	15	    3.00	1	   -1.00	0	4	  606.74	-3	5	NULL
real	AR	136	9	-15	   -1.00	0	    1.00	1	5	 2836.13	-6	7	NULL
real	HL	137	9	15	    2.00	0	    2.00	0	2	 2255.25	-3	5	NULL
real	BL	138	9	-15	   -2.00	1	   -1.00	1	5	 1007.24	-6	5	NULL
real	DR	139	9	15	    4.00	1	   -2.00	0	2	  602.38	-6	5	NULL
real	ER	140	9	-15	   -1.00	1	   -1.00	1	6	  786.62	-3	7	NULL
real	CR	141	9	15	    2.00	0	    1.00	1	5	 1328.18	-6	7	NULL
real	DL	142	9	15	    2.00	0	    2.00	0	2	 1352.90	-6	5	NULL
real	GL	143	9	15	    2.00	0	    2.00	0	2	 1302.92	-3	7	NULL
real	GR	144	9	15	    4.00	1	   -1.00	0	4	  650.03	-3	7	NULL
real	FL	145	10	-15	   -5.00	0	    1.00	1	4	  659.76	-3	5	NULL
real	AL	146	10	-15	   -2.00	0	    1.00	1	4	  724.38	-6	7	NULL
real	DR	147	10	15	    2.00	0	    1.00	1	3	  591.80	-6	5	NULL
real	ER	148	10	-15	   -2.00	1	   -1.00	0	6	 1379.64	-3	7	NULL
real	DL	149	10	15	    4.00	1	   -1.00	1	3	 1137.22	-6	5	NULL
real	CR	150	10	15	    3.00	0	    1.00	0	5	  938.27	-6	7	NULL
real	EL	151	10	-15	   -2.00	0	    1.00	1	4	  557.98	-3	7	NULL
real	BL	152	10	-15	   -3.00	0	    1.00	1	6	  493.72	-6	5	NULL
real	HR	153	10	15	    2.00	0	    1.00	1	5	  784.75	-3	5	NULL
real	BR	154	10	-15	   -1.00	1	   -1.00	1	4	  761.11	-6	5	NULL
real	AR	155	10	-15	    0.00	1	   -1.00	1	6	  741.31	-6	7	NULL
real	HL	156	10	15	    4.00	1	   -1.00	1	3	  420.07	-3	5	NULL
real	GR	157	10	15	    3.00	1	   -1.00	0	4	  439.88	-3	7	NULL
real	GL	158	10	15	    4.00	1	   -1.00	1	3	  478.25	-3	7	NULL
real	CL	159	10	15	    1.00	0	    1.00	1	4	 1050.81	-6	7	NULL
real	FR	160	10	-15	   -5.00	0	    1.00	1	5	  579.09	-3	5	NULL
real	FR	161	11	-15	   -4.00	0	    1.00	0	5	  636.92	-3	5	NULL
real	ER	162	11	-15	   -3.00	0	    1.00	1	7	  922.18	-3	7	NULL
real	BR	163	11	-15	   -2.00	0	    1.00	1	5	  812.44	-6	5	NULL
real	CL	164	11	15	    2.00	1	   -1.00	1	5	  540.28	-6	7	NULL
real	DR	165	11	15	    3.00	1	   -1.00	1	4	  637.83	-6	5	NULL
real	AL	166	11	-15	   -1.00	1	   -1.00	1	5	  637.97	-6	7	NULL
real	HL	167	11	15	    3.00	1	   -1.00	0	3	  643.41	-3	5	NULL
real	HR	168	11	15	    3.00	1	   -1.00	1	6	 1023.63	-3	5	NULL
real	AR	169	11	-15	   -1.00	0	    1.00	1	7	  484.98	-6	7	NULL
real	CR	170	11	15	    4.00	1	   -1.00	1	6	  476.40	-6	7	NULL
real	GL	171	11	15	    3.00	0	    1.00	1	4	 1448.97	-3	7	NULL
real	EL	172	11	-15	   -1.00	1	   -1.00	1	5	  699.63	-3	7	NULL
real	FL	173	11	-15	   -4.00	0	    1.00	0	4	  489.41	-3	5	NULL
real	GR	174	11	15	    2.00	1	   -1.00	0	4	  566.30	-3	7	NULL
real	DL	175	11	15	    3.00	1	   -1.00	0	3	  526.18	-6	5	NULL
real	BL	176	11	-15	   -2.00	0	    1.00	0	6	 1585.57	-6	5	NULL
real	CR	177	12	15	    3.00	1	   -1.00	0	6	  513.01	-6	7	NULL
real	ER	178	12	-15	   -2.00	1	   -1.00	1	8	  942.12	-3	7	NULL
real	FL	179	12	-15	   -3.00	1	   -1.00	1	5	 1214.41	-3	5	NULL
real	GL	180	12	15	    4.00	1	   -1.00	1	5	  767.23	-3	7	NULL
real	HL	181	12	15	    2.00	0	    1.00	1	4	 1232.25	-3	5	NULL
real	HR	182	12	15	    2.00	0	    1.00	1	7	  920.26	-3	5	NULL
real	FR	183	12	-15	   -3.00	0	    1.00	0	5	  525.38	-3	5	NULL
real	GR	184	12	15	    1.00	0	    1.00	1	5	  717.07	-3	7	NULL
real	DL	185	12	15	    2.00	1	   -1.00	0	3	  975.65	-6	5	NULL
real	CL	186	12	15	    1.00	0	    1.00	1	6	  678.25	-6	7	NULL
real	BL	187	12	-15	   -1.00	1	   -1.00	1	7	  784.90	-6	5	NULL
real	BR	188	12	-15	   -1.00	0	    1.00	0	5	  505.33	-6	5	NULL
real	DR	189	12	15	    2.00	0	    1.00	1	5	  616.62	-6	5	NULL
real	EL	190	12	-15	   -2.00	1	   -1.00	0	5	 1958.15	-3	7	NULL
real	AR	191	12	-15	    0.00	1	   -1.00	1	8	  856.68	-6	7	NULL
real	AL	192	12	-15	   -2.00	0	    1.00	1	6	  483.54	-6	7	NULL
real	DL	193	13	15	    1.00	1	   -1.00	0	3	 1426.03	-6	5	NULL
real	FR	194	13	-15	   -2.00	1	   -1.00	1	6	  596.14	-3	5	NULL
real	BL	195	13	-15	   -2.00	0	    1.00	1	8	 1215.53	-6	5	NULL
real	ER	196	13	-15	   -3.00	1	   -1.00	0	8	 1253.25	-3	7	NULL
real	AL	197	13	-15	   -1.00	1	   -1.00	1	7	 1398.14	-6	7	NULL
real	BR	198	13	-15	    0.00	1	   -1.00	1	6	 1098.07	-6	5	NULL
real	EL	199	13	-15	   -3.00	0	    1.00	1	6	  492.28	-3	7	NULL
real	HR	200	13	15	    3.00	1	   -1.00	1	8	  481.57	-3	5	NULL
real	GL	201	13	15	    3.00	0	    1.00	1	6	  938.30	-3	7	NULL
real	CR	202	13	15	    2.00	1	   -1.00	0	6	  779.92	-6	7	NULL
real	AR	203	13	-15	   -1.00	0	    1.00	1	9	  503.53	-6	7	NULL
real	FL	204	13	-15	   -4.00	0	    1.00	1	6	  572.70	-3	5	NULL
real	CL	205	13	15	    2.00	1	   -1.00	1	7	  481.79	-6	7	NULL
real	GR	206	13	15	    2.00	0	    1.00	0	5	  691.44	-3	7	NULL
real	DR	207	13	15	    3.00	1	   -1.00	1	6	  727.98	-6	5	NULL
real	HL	208	13	15	    3.00	1	   -1.00	1	5	  707.18	-3	5	NULL
real	AL	209	14	-15	   -2.00	0	    1.00	1	8	  522.81	-6	7	NULL
real	CR	210	14	15	    1.00	0	    1.00	1	7	  605.44	-6	7	NULL
real	HL	211	14	15	    2.00	0	    1.00	1	6	  932.91	-3	5	NULL
real	GL	212	14	15	    4.00	1	   -1.00	1	7	  725.54	-3	7	NULL
real	ER	213	14	-15	   -4.00	0	    1.00	1	9	  549.60	-3	7	NULL
real	AR	214	14	-15	    0.00	1	   -1.00	1	10	  848.08	-6	7	NULL
real	FR	215	14	-15	   -3.00	0	    1.00	1	7	  679.14	-3	5	NULL
real	HR	216	14	15	    2.00	0	    1.00	1	9	  795.10	-3	5	NULL
real	BL	217	14	-15	   -1.00	0	    1.00	0	8	  635.01	-6	5	NULL
real	FL	218	14	-15	   -3.00	0	    1.00	0	6	  712.22	-3	5	NULL
real	EL	219	14	-15	   -2.00	1	   -1.00	1	7	  812.27	-3	7	NULL
real	CL	220	14	15	    1.00	0	    1.00	1	8	 1866.46	-6	7	NULL
real	DR	221	14	15	    2.00	1	   -1.00	0	6	  522.42	-6	5	NULL
real	GR	222	14	15	    3.00	1	   -1.00	1	6	  654.84	-3	7	NULL
real	BR	223	14	-15	   -1.00	1	   -1.00	0	6	  694.74	-6	5	NULL
real	DL	224	14	15	    0.00	0	    1.00	1	4	  666.81	-6	5	NULL
real	ER	225	15	-15	   -3.00	0	    1.00	0	9	  459.98	-3	7	NULL
real	DR	226	15	15	    1.00	1	   -1.00	0	6	  678.86	-6	5	NULL
real	GR	227	15	15	    2.00	1	   -1.00	0	6	  516.83	-3	7	NULL
real	HR	228	15	15	    3.00	1	   -1.00	1	10	  474.79	-3	5	NULL
real	DL	229	15	15	    1.00	0	    1.00	0	4	  780.66	-6	5	NULL
real	CR	230	15	15	    2.00	1	   -1.00	1	8	  481.02	-6	7	NULL
real	HL	231	15	15	    3.00	1	   -1.00	1	7	  538.82	-3	5	NULL
real	AR	232	15	-15	   -1.00	1	   -1.00	0	10	  678.11	-6	7	NULL
real	FR	233	15	-15	   -2.00	0	    1.00	0	7	  462.61	-3	5	NULL
real	FL	234	15	-15	   -2.00	0	    1.00	0	6	  581.43	-3	5	NULL
real	GL	235	15	15	    3.00	1	   -1.00	0	7	  609.83	-3	7	NULL
real	CL	236	15	15	    2.00	1	   -1.00	1	9	 1054.28	-6	7	NULL
real	BR	237	15	-15	   -2.00	0	    1.00	1	7	  532.86	-6	5	NULL
real	AL	238	15	-15	   -1.00	0	    1.00	0	8	  971.62	-6	7	NULL
real	EL	239	15	-15	   -3.00	0	    1.00	1	8	  878.88	-3	7	NULL
real	BL	240	15	-15	    0.00	1	   -1.00	1	9	  472.07	-6	5	NULL
real	AR	241	16	-15	   -2.00	0	    1.00	1	11	  513.88	-6	7	NULL
real	AL	242	16	-15	    0.00	1	   -1.00	1	9	  691.41	-6	7	NULL
real	DL	243	16	15	    2.00	1	   -1.00	1	5	  687.94	-6	5	NULL
real	GR	244	16	15	    1.00	0	    1.00	1	7	  645.30	-3	7	NULL
real	FR	245	16	-15	   -1.00	1	   -1.00	1	8	  942.70	-3	5	NULL
real	ER	246	16	-15	   -2.00	0	    1.00	0	9	  474.00	-3	7	NULL
real	EL	247	16	-15	   -2.00	0	    1.00	0	8	  456.39	-3	7	NULL
real	CR	248	16	15	    1.00	0	    1.00	1	9	  764.07	-6	7	NULL
real	DR	249	16	15	    0.00	0	    1.00	1	7	  696.40	-6	5	NULL
real	BL	250	16	-15	   -1.00	1	   -1.00	0	9	  772.51	-6	5	NULL
real	CL	251	16	15	    1.00	0	    1.00	1	10	 2493.70	-6	7	NULL
real	HL	252	16	15	    2.00	0	    1.00	1	8	 2642.80	-3	5	NULL
real	HR	253	16	15	    2.00	1	   -1.00	0	10	  574.11	-3	5	NULL
real	GL	254	16	15	    2.00	1	   -1.00	0	7	  670.74	-3	7	NULL
real	FL	255	16	-15	   -1.00	1	   -1.00	1	7	  695.50	-3	5	NULL
real	BR	256	16	-15	   -1.00	0	    1.00	0	7	  696.56	-6	5	NULL
real	GL	257	17	15	    1.00	0	    1.00	1	8	  596.46	-3	7	NULL
real	GR	258	17	15	    2.00	0	    1.00	0	7	 1221.71	-3	7	NULL
real	AR	259	17	-15	   -1.00	0	    1.00	0	11	  687.85	-6	7	NULL
real	BL	260	17	-15	   -2.00	0	    1.00	1	10	  617.92	-6	5	NULL
real	DL	261	17	15	    1.00	0	    1.00	1	6	  641.68	-6	5	NULL
real	CR	262	17	15	    2.00	0	    1.00	0	9	  637.17	-6	7	NULL
real	FL	263	17	-15	   -2.00	1	   -1.00	0	7	  610.23	-3	5	NULL
real	ER	264	17	-15	   -1.00	1	   -1.00	1	10	  656.42	-3	7	NULL
real	DR	265	17	15	    1.00	0	    1.00	0	7	  747.19	-6	5	NULL
real	EL	266	17	-15	   -1.00	1	   -1.00	1	9	  679.43	-3	7	NULL
real	CL	267	17	15	    2.00	1	   -1.00	1	11	 1483.19	-6	7	NULL
real	BR	268	17	-15	    0.00	1	   -1.00	1	8	  964.03	-6	5	NULL
real	AL	269	17	-15	   -1.00	1	   -1.00	0	9	 1732.65	-6	7	NULL
real	HR	270	17	15	    1.00	0	    1.00	1	11	 1920.77	-3	5	NULL
real	HL	271	17	15	    3.00	1	   -1.00	1	9	 1147.26	-3	5	NULL
real	FR	272	17	-15	   -2.00	1	   -1.00	0	8	  833.79	-3	5	NULL
real	AL	273	18	-15	   -2.00	0	    1.00	1	10	  546.11	-6	7	NULL
real	FL	274	18	-15	   -3.00	0	    1.00	1	8	  552.88	-3	5	NULL
real	FR	275	18	-15	   -3.00	0	    1.00	1	9	  514.17	-3	5	NULL
real	GL	276	18	15	    2.00	1	   -1.00	1	9	  400.80	-3	7	NULL
real	GR	277	18	15	    3.00	0	    1.00	0	7	 1115.50	-3	7	NULL
real	DL	278	18	15	    2.00	1	   -1.00	1	7	  452.68	-6	5	NULL
real	HR	279	18	15	    2.00	0	    1.00	0	11	 1257.89	-3	5	NULL
real	BL	280	18	-15	   -1.00	0	    1.00	0	10	  537.95	-6	5	NULL
real	ER	281	18	-15	   -2.00	0	    1.00	1	11	  584.53	-3	7	NULL
real	BR	282	18	-15	   -1.00	1	   -1.00	0	8	  651.61	-6	5	NULL
real	CL	283	18	15	    1.00	0	    1.00	1	12	  633.25	-6	7	NULL
real	DR	284	18	15	    2.00	1	   -1.00	1	8	  402.87	-6	5	NULL
real	AR	285	18	-15	    0.00	1	   -1.00	1	12	  579.44	-6	7	NULL
real	CR	286	18	15	    3.00	1	   -1.00	1	10	  654.11	-6	7	NULL
real	HL	287	18	15	    2.00	1	   -1.00	0	9	  433.90	-3	5	NULL
real	EL	288	18	-15	   -2.00	0	    1.00	1	10	 1039.92	-3	7	NULL
real	ER	289	19	-15	   -1.00	1	   -1.00	1	12	  840.60	-3	7	NULL
real	EL	290	19	-15	   -1.00	1	   -1.00	1	11	  827.26	-3	7	NULL
real	HR	291	19	15	    3.00	1	   -1.00	1	12	  504.89	-3	5	NULL
real	CR	292	19	15	    2.00	0	    1.00	1	11	 1417.58	-6	7	NULL
real	FL	293	19	-15	   -2.00	0	    1.00	0	8	  587.79	-3	5	NULL
real	DR	294	19	15	    1.00	0	    1.00	1	9	  821.54	-6	5	NULL
real	AL	295	19	-15	   -1.00	1	   -1.00	1	11	  517.35	-6	7	NULL
real	BL	296	19	-15	    0.00	1	   -1.00	1	11	  773.51	-6	5	NULL
real	FR	297	19	-15	   -2.00	1	   -1.00	1	10	 1809.14	-3	5	NULL
real	GR	298	19	15	    4.00	1	   -1.00	1	8	  620.60	-3	7	NULL
real	BR	299	19	-15	   -2.00	0	    1.00	1	9	 1423.42	-6	5	NULL
real	HL	300	19	15	    1.00	1	   -1.00	0	9	  576.25	-3	5	NULL
real	DL	301	19	15	    1.00	1	   -1.00	0	7	  576.14	-6	5	NULL
real	GL	302	19	15	    1.00	0	    1.00	1	10	  749.94	-3	7	NULL
real	GL	303	20	15	    2.00	1	   -1.00	1	11	 1461.53	-3	7	NULL
real	DL	304	20	15	    0.00	0	    1.00	1	8	  884.52	-6	5	NULL
real	AL	305	20	-15	   -2.00	0	    1.00	1	12	  709.23	-6	7	NULL
real	FL	306	20	-15	   -1.00	1	   -1.00	1	9	  678.01	-3	5	NULL
real	BL	307	20	-15	   -1.00	0	    1.00	1	12	  697.56	-6	5	NULL
real	GR	308	20	15	    3.00	0	    1.00	1	9	  672.63	-3	7	NULL
real	EL	309	20	-15	   -2.00	0	    1.00	1	12	  578.99	-3	7	NULL
real	FR	310	20	-15	   -3.00	0	    1.00	1	11	  475.86	-3	5	NULL
real	CR	311	20	15	    3.00	1	   -1.00	1	12	  807.53	-6	7	NULL
real	DR	312	20	15	    2.00	1	   -1.00	1	10	  459.00	-6	5	NULL
real	BR	313	20	-15	   -1.00	0	    1.00	0	9	  536.87	-6	5	NULL
real	HL	314	20	15	    0.00	0	    1.00	1	10	  549.39	-3	5	NULL
real	GL	315	21	15	    1.00	1	   -1.00	0	11	  455.56	-3	7	NULL
real	HL	316	21	15	    1.00	0	    1.00	0	10	 1327.76	-3	5	NULL
real	BR	317	21	-15	    0.00	1	   -1.00	1	10	  536.23	-6	5	NULL
real	FL	318	21	-15	   -2.00	0	    1.00	1	10	  912.34	-3	5	NULL
real	FR	319	21	-15	   -2.00	1	   -1.00	1	12	 1748.39	-3	5	NULL
real	DR	320	21	15	    1.00	0	    1.00	1	11	 1531.55	-6	5	NULL
real	DL	321	21	15	    1.00	1	   -1.00	1	9	 1360.53	-6	5	NULL
real	GR	322	21	15	    4.00	1	   -1.00	1	10	  609.96	-3	7	NULL
real	BR	323	22	-15	   -1.00	0	    1.00	1	11	  774.82	-6	5	NULL
real	GL	324	22	15	    0.00	0	    1.00	1	12	  656.67	-3	7	NULL
real	DL	325	22	15	    0.00	1	   -1.00	0	9	  805.17	-6	5	NULL
real	HL	326	22	15	    2.00	1	   -1.00	1	11	  581.52	-3	5	NULL
real	GR	327	22	15	    3.00	1	   -1.00	0	10	  741.11	-3	7	NULL
real	FL	328	22	-15	   -1.00	1	   -1.00	1	11	 1109.61	-3	5	NULL
real	DR	329	22	15	    2.00	1	   -1.00	1	12	  512.42	-6	5	NULL
real	HL	330	23	15	    1.00	0	    1.00	1	12	 1114.14	-3	5	NULL
real	GR	331	23	15	    2.00	1	   -1.00	0	10	  478.49	-3	7	NULL
real	BR	332	23	-15	    0.00	1	   -1.00	1	12	  552.06	-6	5	NULL
real	FL	333	23	-15	   -2.00	0	    1.00	1	12	  612.60	-3	5	NULL
real	DL	334	23	15	   -1.00	0	    1.00	1	10	  602.55	-6	5	NULL
real	GR	335	24	15	    1.00	0	    1.00	1	11	  711.44	-3	7	NULL
real	DL	336	24	15	    0.00	0	    1.00	0	10	  553.83	-6	5	NULL
real	DL	337	25	15	    1.00	0	    1.00	0	10	  778.74	-6	5	NULL
real	GR	338	25	15	    2.00	1	   -1.00	1	12	  686.02	-3	7	NULL
real	DL	339	26	15	    2.00	1	   -1.00	1	11	  659.49	-6	5	NULL
real	DL	340	27	15	    1.00	0	    1.00	1	12	  766.90	-6	5	NULL
