TRIAL_TYPE	trial_variant	TRIAL_NUMBER	TRIAL_ITERATION_VAL	frame_tilt	rod_tilt	response	step_size	reversal	reversal_num	RT	probe_del	alpha_entrain_refreshes	rod_tilt_val
real	FR	1	1	-15	   20.00	1	   -8.00	0	0	 7905.04	-3	5	NULL
real	BR	2	1	-15	   20.00	1	   -8.00	0	0	  957.85	-6	5	NULL
real	GR	3	1	15	   20.00	1	   -8.00	0	0	  635.49	-3	7	NULL
real	BL	4	1	-15	  -20.00	0	    8.00	0	0	  667.36	-6	5	NULL
real	FL	5	1	-15	  -20.00	0	    8.00	0	0	  864.90	-3	5	NULL
real	AR	6	1	-15	   20.00	1	   -8.00	0	0	  722.70	-6	7	NULL
real	CR	7	1	15	   20.00	1	   -8.00	0	0	  993.50	-6	7	NULL
real	ER	8	1	-15	   20.00	1	   -8.00	0	0	  704.04	-3	7	NULL
real	CL	9	1	15	  -20.00	0	    8.00	0	0	  746.80	-6	7	NULL
real	DL	10	1	15	  -20.00	0	    8.00	0	0	  977.76	-6	5	NULL
real	EL	11	1	-15	  -20.00	0	    8.00	0	0	  707.89	-3	7	NULL
real	AL	12	1	-15	  -20.00	0	    8.00	0	0	  604.27	-6	7	NULL
real	DR	13	1	15	   20.00	1	   -8.00	0	0	  694.13	-6	5	NULL
real	GL	14	1	15	  -20.00	0	    8.00	0	0	  803.62	-3	7	NULL
real	HL	15	1	15	  -20.00	0	    8.00	0	0	  669.10	-3	5	NULL
real	HR	16	1	15	   20.00	1	   -8.00	0	0	  890.74	-3	5	NULL
real	BR	17	2	-15	   12.00	1	   -8.00	0	0	  747.58	-6	5	NULL
real	FR	18	2	-15	   12.00	1	   -8.00	0	0	  650.19	-3	5	NULL
real	ER	19	2	-15	   12.00	1	   -8.00	0	0	  704.53	-3	7	NULL
real	CL	20	2	15	  -12.00	0	    8.00	0	0	  730.79	-6	7	NULL
real	AR	21	2	-15	   12.00	1	   -8.00	0	0	  846.06	-6	7	NULL
real	AL	22	2	-15	  -12.00	0	    8.00	0	0	  897.54	-6	7	NULL
real	DL	23	2	15	  -12.00	0	    8.00	0	0	  717.81	-6	5	NULL
real	EL	24	2	-15	  -12.00	0	    8.00	0	0	  678.42	-3	7	NULL
real	GL	25	2	15	  -12.00	0	    8.00	0	0	  793.30	-3	7	NULL
real	DR	26	2	15	   12.00	1	   -8.00	0	0	  596.60	-6	5	NULL
real	HR	27	2	15	   12.00	1	   -8.00	0	0	  616.12	-3	5	NULL
real	CR	28	2	15	   12.00	1	   -8.00	0	0	  641.28	-6	7	NULL
real	GR	29	2	15	   12.00	1	   -8.00	0	0	  565.72	-3	7	NULL
real	FL	30	2	-15	  -12.00	0	    8.00	0	0	  719.31	-3	5	NULL
real	BL	31	2	-15	  -12.00	0	    8.00	0	0	  587.18	-6	5	NULL
real	HL	32	2	15	  -12.00	0	    8.00	0	0	  526.27	-3	5	NULL
real	ER	33	3	-15	    4.00	1	   -8.00	0	0	  597.91	-3	7	NULL
real	GR	34	3	15	    4.00	1	   -8.00	0	0	 1861.97	-3	7	NULL
real	FL	35	3	-15	   -4.00	0	    8.00	0	0	 1283.52	-3	5	NULL
real	DL	36	3	15	   -4.00	0	    8.00	0	0	  786.32	-6	5	NULL
real	AR	37	3	-15	    4.00	1	   -8.00	0	0	  822.02	-6	7	NULL
real	BR	38	3	-15	    4.00	1	   -8.00	0	0	  605.66	-6	5	NULL
real	CL	39	3	15	   -4.00	0	    8.00	0	0	 1237.53	-6	7	NULL
real	DR	40	3	15	    4.00	1	   -8.00	0	0	  769.76	-6	5	NULL
real	AL	41	3	-15	   -4.00	0	    8.00	0	0	 1649.15	-6	7	NULL
real	CR	42	3	15	    4.00	1	   -8.00	0	0	  546.87	-6	7	NULL
real	HR	43	3	15	    4.00	0	    4.00	1	1	 2217.37	-3	5	NULL
real	BL	44	3	-15	   -4.00	0	    8.00	0	0	  848.30	-6	5	NULL
real	GL	45	3	15	   -4.00	0	    8.00	0	0	  759.36	-3	7	NULL
real	HL	46	3	15	   -4.00	0	    8.00	0	0	  660.66	-3	5	NULL
real	FR	47	3	-15	    4.00	1	   -8.00	0	0	 1112.29	-3	5	NULL
real	EL	48	3	-15	   -4.00	0	    8.00	0	0	  772.76	-3	7	NULL
real	AL	49	4	-15	    4.00	1	   -4.00	1	1	  699.93	-6	7	NULL
real	FR	50	4	-15	   -4.00	0	    4.00	1	1	 1005.46	-3	5	NULL
real	CR	51	4	15	   -4.00	0	    4.00	1	1	  656.89	-6	7	NULL
real	FL	52	4	-15	    4.00	1	   -4.00	1	1	  732.67	-3	5	NULL
real	HL	53	4	15	    4.00	1	   -4.00	1	1	  984.33	-3	5	NULL
real	AR	54	4	-15	   -4.00	0	    4.00	1	1	  665.20	-6	7	NULL
real	EL	55	4	-15	    4.00	1	   -4.00	1	1	  583.12	-3	7	NULL
real	DR	56	4	15	   -4.00	0	    4.00	1	1	  692.66	-6	5	NULL
real	HR	57	4	15	    8.00	1	   -2.00	1	2	  593.01	-3	5	NULL
real	GR	58	4	15	   -4.00	0	    4.00	1	1	  747.99	-3	7	NULL
real	CL	59	4	15	    4.00	1	   -4.00	1	1	  763.34	-6	7	NULL
real	BL	60	4	-15	    4.00	1	   -4.00	1	1	  800.37	-6	5	NULL
real	DL	61	4	15	    4.00	1	   -4.00	1	1	  891.98	-6	5	NULL
real	ER	62	4	-15	   -4.00	0	    4.00	1	1	  723.72	-3	7	NULL
real	BR	63	4	-15	   -4.00	0	    4.00	1	1	  792.41	-6	5	NULL
real	GL	64	4	15	    4.00	1	   -4.00	1	1	  791.41	-3	7	NULL
real	ER	65	5	-15	    0.00	1	   -2.00	1	2	  854.11	-3	7	NULL
real	AR	66	5	-15	    0.00	0	    4.00	0	1	  779.56	-6	7	NULL
real	GL	67	5	15	    0.00	0	    2.00	1	2	  788.70	-3	7	NULL
real	HR	68	5	15	    6.00	1	   -2.00	0	2	  816.40	-3	5	NULL
real	HL	69	5	15	    0.00	0	    2.00	1	2	  909.22	-3	5	NULL
real	CL	70	5	15	    0.00	1	   -4.00	0	1	  934.69	-6	7	NULL
real	AL	71	5	-15	    0.00	0	    2.00	1	2	  732.50	-6	7	NULL
real	CR	72	5	15	    0.00	0	    4.00	0	1	  901.24	-6	7	NULL
real	BR	73	5	-15	    0.00	0	    4.00	0	1	 1700.70	-6	5	NULL
real	GR	74	5	15	    0.00	1	   -2.00	1	2	 1698.70	-3	7	NULL
real	EL	75	5	-15	    0.00	1	   -4.00	0	1	 2759.87	-3	7	NULL
real	DR	76	5	15	    0.00	1	   -2.00	1	2	  907.93	-6	5	NULL
real	FL	77	5	-15	    0.00	1	   -4.00	0	1	 1421.57	-3	5	NULL
real	FR	78	5	-15	    0.00	1	   -2.00	1	2	 6868.08	-3	5	NULL
real	BL	79	5	-15	    0.00	1	   -4.00	0	1	  766.99	-6	5	NULL
real	DL	80	5	15	    0.00	1	   -4.00	0	1	  941.54	-6	5	NULL
real	BR	81	6	-15	    4.00	1	   -2.00	1	2	  997.93	-6	5	NULL
real	AR	82	6	-15	    4.00	1	   -2.00	1	2	  823.38	-6	7	NULL
real	ER	83	6	-15	   -2.00	0	    1.00	1	3	 2494.98	-3	7	NULL
real	EL	84	6	-15	   -4.00	0	    2.00	1	2	 1512.04	-3	7	NULL
real	HR	85	6	15	    4.00	1	   -2.00	0	2	 4236.54	-3	5	NULL
real	BL	86	6	-15	   -4.00	0	    2.00	1	2	  656.56	-6	5	NULL
real	AL	87	6	-15	    2.00	1	   -1.00	1	3	 1514.56	-6	7	NULL
real	GL	88	6	15	    2.00	1	   -1.00	1	3	 2451.00	-3	7	NULL
real	DL	89	6	15	   -4.00	0	    2.00	1	2	  840.18	-6	5	NULL
real	CL	90	6	15	   -4.00	1	   -4.00	0	1	 2828.35	-6	7	NULL
real	FR	91	6	-15	   -2.00	1	   -2.00	0	2	 1425.76	-3	5	NULL
real	FL	92	6	-15	   -4.00	0	    2.00	1	2	 1206.06	-3	5	NULL
real	GR	93	6	15	   -2.00	0	    1.00	1	3	  790.75	-3	7	NULL
real	DR	94	6	15	   -2.00	1	   -2.00	0	2	 2117.43	-6	5	NULL
real	CR	95	6	15	    4.00	1	   -2.00	1	2	  647.79	-6	7	NULL
real	HL	96	6	15	    2.00	1	   -1.00	1	3	  697.47	-3	5	NULL
real	EL	97	7	-15	   -2.00	0	    2.00	0	2	 1317.09	-3	7	NULL
real	FR	98	7	-15	   -4.00	0	    1.00	1	3	  795.78	-3	5	NULL
real	CR	99	7	15	    2.00	1	   -2.00	0	2	  652.23	-6	7	NULL
real	GR	100	7	15	   -1.00	0	    1.00	0	3	  730.71	-3	7	NULL
real	FL	101	7	-15	   -2.00	0	    2.00	0	2	  611.94	-3	5	NULL
real	HR	102	7	15	    2.00	1	   -2.00	0	2	  677.78	-3	5	NULL
real	AR	103	7	-15	    2.00	1	   -2.00	0	2	  640.46	-6	7	NULL
real	CL	104	7	15	   -8.00	0	    2.00	1	2	  676.71	-6	7	NULL
real	BL	105	7	-15	   -2.00	0	    2.00	0	2	  820.97	-6	5	NULL
real	DL	106	7	15	   -2.00	0	    2.00	0	2	  681.39	-6	5	NULL
real	AL	107	7	-15	    1.00	1	   -1.00	0	3	  470.72	-6	7	NULL
real	GL	108	7	15	    1.00	1	   -1.00	0	3	  607.70	-3	7	NULL
real	DR	109	7	15	   -4.00	0	    1.00	1	3	  528.39	-6	5	NULL
real	HL	110	7	15	    1.00	0	    1.00	1	4	  631.66	-3	5	NULL
real	ER	111	7	-15	   -1.00	0	    1.00	0	3	  640.73	-3	7	NULL
real	BR	112	7	-15	    2.00	1	   -2.00	0	2	  519.20	-6	5	NULL
real	EL	113	8	-15	    0.00	1	   -1.00	1	3	  712.90	-3	7	NULL
real	FL	114	8	-15	    0.00	1	   -1.00	1	3	  637.19	-3	5	NULL
real	CR	115	8	15	    0.00	1	   -2.00	0	2	 1165.82	-6	7	NULL
real	GR	116	8	15	    0.00	0	    1.00	0	3	 1016.93	-3	7	NULL
real	DL	117	8	15	    0.00	1	   -1.00	1	3	  628.37	-6	5	NULL
real	AL	118	8	-15	    0.00	1	   -1.00	0	3	  684.03	-6	7	NULL
real	HR	119	8	15	    0.00	1	   -2.00	0	2	  490.56	-3	5	NULL
real	FR	120	8	-15	   -3.00	1	   -1.00	1	4	  526.38	-3	5	NULL
real	ER	121	8	-15	    0.00	1	   -1.00	1	4	  700.01	-3	7	NULL
real	GL	122	8	15	    0.00	1	   -1.00	0	3	  458.03	-3	7	NULL
real	BL	123	8	-15	    0.00	1	   -1.00	1	3	  440.21	-6	5	NULL
real	CL	124	8	15	   -6.00	0	    2.00	0	2	  458.87	-6	7	NULL
real	BR	125	8	-15	    0.00	1	   -2.00	0	2	  629.38	-6	5	NULL
real	DR	126	8	15	   -3.00	0	    1.00	0	3	  818.55	-6	5	NULL
real	AR	127	8	-15	    0.00	1	   -2.00	0	2	  731.68	-6	7	NULL
real	HL	128	8	15	    2.00	1	   -1.00	1	5	  707.05	-3	5	NULL
real	FR	129	9	-15	   -4.00	0	    1.00	1	5	  687.19	-3	5	NULL
real	AR	130	9	-15	   -2.00	0	    1.00	1	3	 1687.88	-6	7	NULL
real	HR	131	9	15	   -2.00	0	    1.00	1	3	  801.80	-3	5	NULL
real	DL	132	9	15	   -1.00	1	   -1.00	0	3	 1086.43	-6	5	NULL
real	CR	133	9	15	   -2.00	0	    1.00	1	3	  865.19	-6	7	NULL
real	CL	134	9	15	   -4.00	0	    2.00	0	2	  659.99	-6	7	NULL
real	DR	135	9	15	   -2.00	0	    1.00	0	3	  613.37	-6	5	NULL
real	BL	136	9	-15	   -1.00	1	   -1.00	0	3	  803.62	-6	5	NULL
real	GL	137	9	15	   -1.00	0	    1.00	1	4	  687.54	-3	7	NULL
real	GR	138	9	15	    1.00	1	   -1.00	1	4	  724.62	-3	7	NULL
real	EL	139	9	-15	   -1.00	1	   -1.00	0	3	  626.34	-3	7	NULL
real	HL	140	9	15	    1.00	1	   -1.00	0	5	  594.02	-3	5	NULL
real	ER	141	9	-15	   -1.00	1	   -1.00	0	4	  662.43	-3	7	NULL
real	AL	142	9	-15	   -1.00	0	    1.00	1	4	 1102.00	-6	7	NULL
real	BR	143	9	-15	   -2.00	0	    1.00	1	3	  852.53	-6	5	NULL
real	FL	144	9	-15	   -1.00	0	    1.00	1	4	  601.61	-3	5	NULL
real	BL	145	10	-15	   -2.00	0	    1.00	1	4	  635.87	-6	5	NULL
real	GR	146	10	15	    0.00	0	    1.00	1	5	 1879.00	-3	7	NULL
real	BR	147	10	-15	   -1.00	0	    1.00	0	3	 1257.93	-6	5	NULL
real	FL	148	10	-15	    0.00	1	   -1.00	1	5	  707.73	-3	5	NULL
real	GL	149	10	15	    0.00	0	    1.00	0	4	  820.05	-3	7	NULL
real	FR	150	10	-15	   -3.00	0	    1.00	0	5	  461.63	-3	5	NULL
real	AL	151	10	-15	    0.00	1	   -1.00	1	5	  928.11	-6	7	NULL
real	HR	152	10	15	   -1.00	1	   -1.00	1	4	 1762.21	-3	5	NULL
real	AR	153	10	-15	   -1.00	1	   -1.00	1	4	  708.65	-6	7	NULL
real	CL	154	10	15	   -2.00	0	    2.00	0	2	  579.11	-6	7	NULL
real	ER	155	10	-15	   -2.00	1	   -1.00	0	4	 1642.03	-3	7	NULL
real	DR	156	10	15	   -1.00	1	   -1.00	1	4	  749.11	-6	5	NULL
real	EL	157	10	-15	   -2.00	1	   -1.00	0	3	  751.47	-3	7	NULL
real	CR	158	10	15	   -1.00	1	   -1.00	1	4	 1337.03	-6	7	NULL
real	HL	159	10	15	    0.00	1	   -1.00	0	5	  801.12	-3	5	NULL
real	DL	160	10	15	   -2.00	1	   -1.00	0	3	  690.86	-6	5	NULL
real	BR	161	11	-15	    0.00	1	   -1.00	1	4	  754.49	-6	5	NULL
real	DL	162	11	15	   -3.00	1	   -1.00	0	3	  766.59	-6	5	NULL
real	DR	163	11	15	   -2.00	1	   -1.00	0	4	  651.62	-6	5	NULL
real	GL	164	11	15	    1.00	1	   -1.00	1	5	  924.25	-3	7	NULL
real	HL	165	11	15	   -1.00	0	    1.00	1	6	 1162.52	-3	5	NULL
real	EL	166	11	-15	   -3.00	0	    1.00	1	4	 1155.13	-3	7	NULL
real	CL	167	11	15	    0.00	1	   -1.00	1	3	  986.74	-6	7	NULL
real	AR	168	11	-15	   -2.00	1	   -1.00	0	4	  983.57	-6	7	NULL
real	HR	169	11	15	   -2.00	0	    1.00	1	5	  723.53	-3	5	NULL
real	FL	170	11	-15	   -1.00	1	   -1.00	0	5	  821.88	-3	5	NULL
real	CR	171	11	15	   -2.00	1	   -1.00	0	4	 2618.22	-6	7	NULL
real	ER	172	11	-15	   -3.00	0	    1.00	1	5	 1071.45	-3	7	NULL
real	FR	173	11	-15	   -2.00	0	    1.00	0	5	  846.27	-3	5	NULL
real	AL	174	11	-15	   -1.00	0	    1.00	1	6	  873.85	-6	7	NULL
real	BL	175	11	-15	   -1.00	0	    1.00	0	4	 1052.43	-6	5	NULL
real	GR	176	11	15	    1.00	1	   -1.00	1	6	  687.15	-3	7	NULL
real	DL	177	12	15	   -4.00	0	    1.00	1	4	  892.60	-6	5	NULL
real	CL	178	12	15	   -1.00	0	    1.00	1	4	  958.19	-6	7	NULL
real	GR	179	12	15	    0.00	1	   -1.00	0	6	  633.00	-3	7	NULL
real	EL	180	12	-15	   -2.00	1	   -1.00	1	5	  547.98	-3	7	NULL
real	GL	181	12	15	    0.00	1	   -1.00	0	5	 1536.93	-3	7	NULL
real	AL	182	12	-15	    0.00	1	   -1.00	1	7	  804.21	-6	7	NULL
real	ER	183	12	-15	   -2.00	1	   -1.00	1	6	  594.05	-3	7	NULL
real	CR	184	12	15	   -3.00	0	    1.00	1	5	 1439.55	-6	7	NULL
real	HL	185	12	15	    0.00	0	    1.00	0	6	  815.80	-3	5	NULL
real	HR	186	12	15	   -1.00	0	    1.00	0	5	 1393.33	-3	5	NULL
real	DR	187	12	15	   -3.00	0	    1.00	1	5	  830.38	-6	5	NULL
real	FL	188	12	-15	   -2.00	0	    1.00	1	6	 1402.78	-3	5	NULL
real	BR	189	12	-15	   -1.00	1	   -1.00	0	4	  706.63	-6	5	NULL
real	FR	190	12	-15	   -1.00	1	   -1.00	1	6	 2029.27	-3	5	NULL
real	AR	191	12	-15	   -3.00	0	    1.00	1	5	  991.83	-6	7	NULL
real	BL	192	12	-15	    0.00	0	    1.00	0	4	 1410.84	-6	5	NULL
real	ER	193	13	-15	   -3.00	0	    1.00	1	7	  723.82	-3	7	NULL
real	GR	194	13	15	   -1.00	0	    1.00	1	7	  786.83	-3	7	NULL
real	DR	195	13	15	   -2.00	0	    1.00	0	5	  595.46	-6	5	NULL
real	HR	196	13	15	    0.00	0	    1.00	0	5	  826.52	-3	5	NULL
real	CR	197	13	15	   -2.00	0	    1.00	0	5	 1048.39	-6	7	NULL
real	CL	198	13	15	    0.00	1	   -1.00	1	5	  940.52	-6	7	NULL
real	FR	199	13	-15	   -2.00	1	   -1.00	0	6	  861.57	-3	5	NULL
real	AL	200	13	-15	   -1.00	1	   -1.00	0	7	  635.69	-6	7	NULL
real	EL	201	13	-15	   -3.00	0	    1.00	1	6	  727.28	-3	7	NULL
real	FL	202	13	-15	   -1.00	1	   -1.00	1	7	  802.73	-3	5	NULL
real	BR	203	13	-15	   -2.00	0	    1.00	1	5	  723.60	-6	5	NULL
real	GL	204	13	15	   -1.00	1	   -1.00	0	5	  995.40	-3	7	NULL
real	HL	205	13	15	    1.00	1	   -1.00	1	7	  898.28	-3	5	NULL
real	AR	206	13	-15	   -2.00	0	    1.00	0	5	  577.75	-6	7	NULL
real	DL	207	13	15	   -3.00	0	    1.00	0	4	  445.48	-6	5	NULL
real	BL	208	13	-15	    1.00	1	   -1.00	1	5	  825.15	-6	5	NULL
real	GL	209	14	15	   -2.00	0	    1.00	1	6	  699.08	-3	7	NULL
real	HL	210	14	15	    0.00	1	   -1.00	0	7	  643.94	-3	5	NULL
real	EL	211	14	-15	   -2.00	1	   -1.00	1	7	  661.48	-3	7	NULL
real	FR	212	14	-15	   -3.00	1	   -1.00	0	6	 1035.62	-3	5	NULL
real	HR	213	14	15	    1.00	1	   -1.00	1	6	  667.65	-3	5	NULL
real	AR	214	14	-15	   -1.00	1	   -1.00	1	6	  549.66	-6	7	NULL
real	BL	215	14	-15	    0.00	1	   -1.00	0	5	  645.50	-6	5	NULL
real	ER	216	14	-15	   -2.00	1	   -1.00	1	8	  861.22	-3	7	NULL
real	BR	217	14	-15	   -1.00	1	   -1.00	1	6	  454.99	-6	5	NULL
real	CR	218	14	15	   -1.00	0	    1.00	0	5	  676.67	-6	7	NULL
real	CL	219	14	15	   -1.00	1	   -1.00	0	5	  759.73	-6	7	NULL
real	AL	220	14	-15	   -2.00	1	   -1.00	0	7	  770.34	-6	7	NULL
real	DR	221	14	15	   -1.00	0	    1.00	0	5	 1677.83	-6	5	NULL
real	DL	222	14	15	   -2.00	1	   -1.00	1	5	 1069.08	-6	5	NULL
real	FL	223	14	-15	   -2.00	1	   -1.00	0	7	  495.32	-3	5	NULL
real	GR	224	14	15	    0.00	1	   -1.00	1	8	  504.10	-3	7	NULL
real	AR	225	15	-15	   -2.00	1	   -1.00	0	6	 1413.79	-6	7	NULL
real	AL	226	15	-15	   -3.00	0	    1.00	1	8	  828.80	-6	7	NULL
real	HL	227	15	15	   -1.00	1	   -1.00	0	7	 1265.88	-3	5	NULL
real	HR	228	15	15	    0.00	1	   -1.00	0	6	  991.43	-3	5	NULL
real	BR	229	15	-15	   -2.00	0	    1.00	1	7	  701.32	-6	5	NULL
real	DR	230	15	15	    0.00	1	   -1.00	1	6	  834.57	-6	5	NULL
real	FL	231	15	-15	   -3.00	0	    1.00	1	8	  826.17	-3	5	NULL
real	BL	232	15	-15	   -1.00	1	   -1.00	0	5	  849.99	-6	5	NULL
real	CL	233	15	15	   -2.00	0	    1.00	1	6	  904.07	-6	7	NULL
real	CR	234	15	15	    0.00	1	   -1.00	1	6	  658.74	-6	7	NULL
real	DL	235	15	15	   -3.00	0	    1.00	1	6	  612.43	-6	5	NULL
real	FR	236	15	-15	   -4.00	0	    1.00	1	7	  698.10	-3	5	NULL
real	GL	237	15	15	   -1.00	0	    1.00	0	6	  781.73	-3	7	NULL
real	GR	238	15	15	   -1.00	0	    1.00	1	9	  640.15	-3	7	NULL
real	ER	239	15	-15	   -3.00	0	    1.00	1	9	  708.68	-3	7	NULL
real	EL	240	15	-15	   -3.00	0	    1.00	1	8	  640.83	-3	7	NULL
real	FL	241	16	-15	   -2.00	1	   -1.00	1	9	 1285.01	-3	5	NULL
real	GL	242	16	15	    0.00	1	   -1.00	1	7	  843.10	-3	7	NULL
real	HR	243	16	15	   -1.00	1	   -1.00	0	6	  747.57	-3	5	NULL
real	BR	244	16	-15	   -1.00	0	    1.00	0	7	  702.54	-6	5	NULL
real	CR	245	16	15	   -1.00	1	   -1.00	0	6	  685.08	-6	7	NULL
real	ER	246	16	-15	   -2.00	1	   -1.00	1	10	  586.66	-3	7	NULL
real	CL	247	16	15	   -1.00	1	   -1.00	1	7	  677.79	-6	7	NULL
real	AL	248	16	-15	   -2.00	1	   -1.00	1	9	  511.08	-6	7	NULL
real	AR	249	16	-15	   -3.00	0	    1.00	1	7	  665.65	-6	7	NULL
real	BL	250	16	-15	   -2.00	0	    1.00	1	6	  908.14	-6	5	NULL
real	GR	251	16	15	    0.00	0	    1.00	0	9	 1754.75	-3	7	NULL
real	HL	252	16	15	   -2.00	0	    1.00	1	8	 5422.15	-3	5	NULL
real	FR	253	16	-15	   -3.00	0	    1.00	0	7	 1169.85	-3	5	NULL
real	DL	254	16	15	   -2.00	0	    1.00	0	6	  855.56	-6	5	NULL
real	EL	255	16	-15	   -2.00	1	   -1.00	1	9	  469.50	-3	7	NULL
real	DR	256	16	15	   -1.00	0	    1.00	1	7	 1251.63	-6	5	NULL
real	FR	257	17	-15	   -2.00	1	   -1.00	1	8	  724.24	-3	5	NULL
real	HR	258	17	15	   -2.00	0	    1.00	1	7	  799.44	-3	5	NULL
real	GL	259	17	15	   -1.00	1	   -1.00	0	7	  888.16	-3	7	NULL
real	DR	260	17	15	    0.00	1	   -1.00	1	8	 1484.42	-6	5	NULL
real	CL	261	17	15	   -2.00	0	    1.00	1	8	 1253.07	-6	7	NULL
real	GR	262	17	15	    1.00	1	   -1.00	1	10	  863.32	-3	7	NULL
real	BL	263	17	-15	   -1.00	1	   -1.00	1	7	 1036.04	-6	5	NULL
real	AR	264	17	-15	   -2.00	0	    1.00	0	7	  625.53	-6	7	NULL
real	BR	265	17	-15	    0.00	1	   -1.00	1	8	  641.40	-6	5	NULL
real	HL	266	17	15	   -1.00	1	   -1.00	1	9	  756.97	-3	5	NULL
real	ER	267	17	-15	   -3.00	0	    1.00	1	11	  567.71	-3	7	NULL
real	FL	268	17	-15	   -3.00	0	    1.00	1	10	  573.42	-3	5	NULL
real	EL	269	17	-15	   -3.00	0	    1.00	1	10	 2161.56	-3	7	NULL
real	CR	270	17	15	   -2.00	1	   -1.00	0	6	 1182.25	-6	7	NULL
real	DL	271	17	15	   -1.00	1	   -1.00	1	7	  503.87	-6	5	NULL
real	AL	272	17	-15	   -3.00	0	    1.00	1	10	  567.63	-6	7	NULL
real	CR	273	18	15	   -3.00	1	   -1.00	0	6	  833.89	-6	7	NULL
real	GR	274	18	15	    0.00	1	   -1.00	0	10	  653.34	-3	7	NULL
real	ER	275	18	-15	   -2.00	1	   -1.00	1	12	  493.98	-3	7	NULL
real	HR	276	18	15	   -1.00	0	    1.00	0	7	  847.01	-3	5	NULL
real	HL	277	18	15	   -2.00	0	    1.00	1	10	  535.26	-3	5	NULL
real	AR	278	18	-15	   -1.00	1	   -1.00	1	8	  586.72	-6	7	NULL
real	AL	279	18	-15	   -2.00	1	   -1.00	1	11	  824.82	-6	7	NULL
real	DR	280	18	15	   -1.00	1	   -1.00	0	8	  927.71	-6	5	NULL
real	GL	281	18	15	   -2.00	0	    1.00	1	8	  607.56	-3	7	NULL
real	FR	282	18	-15	   -3.00	1	   -1.00	0	8	  729.65	-3	5	NULL
real	BL	283	18	-15	   -2.00	0	    1.00	1	8	  923.98	-6	5	NULL
real	BR	284	18	-15	   -1.00	0	    1.00	1	9	  916.39	-6	5	NULL
real	EL	285	18	-15	   -2.00	0	    1.00	0	10	  634.77	-3	7	NULL
real	FL	286	18	-15	   -2.00	1	   -1.00	1	11	  985.23	-3	5	NULL
real	CL	287	18	15	   -1.00	1	   -1.00	1	9	  501.00	-6	7	NULL
real	DL	288	18	15	   -2.00	0	    1.00	1	8	  597.74	-6	5	NULL
real	FR	289	19	-15	   -4.00	0	    1.00	1	9	  527.51	-3	5	NULL
real	BL	290	19	-15	   -1.00	1	   -1.00	1	9	  852.62	-6	5	NULL
real	GL	291	19	15	   -1.00	0	    1.00	0	8	 1361.70	-3	7	NULL
real	GR	292	19	15	   -1.00	0	    1.00	1	11	  992.15	-3	7	NULL
real	EL	293	19	-15	   -1.00	1	   -1.00	1	11	  554.59	-3	7	NULL
real	DR	294	19	15	   -2.00	0	    1.00	1	9	  731.18	-6	5	NULL
real	AL	295	19	-15	   -3.00	0	    1.00	1	12	  711.51	-6	7	NULL
real	AR	296	19	-15	   -2.00	1	   -1.00	0	8	  588.97	-6	7	NULL
real	FL	297	19	-15	   -3.00	0	    1.00	1	12	 1100.55	-3	5	NULL
real	HL	298	19	15	   -1.00	0	    1.00	0	10	  512.70	-3	5	NULL
real	BR	299	19	-15	    0.00	1	   -1.00	1	10	  632.70	-6	5	NULL
real	CR	300	19	15	   -4.00	0	    1.00	1	7	  368.38	-6	7	NULL
real	CL	301	19	15	   -2.00	0	    1.00	1	10	  646.87	-6	7	NULL
real	HR	302	19	15	    0.00	1	   -1.00	1	8	  717.95	-3	5	NULL
real	DL	303	19	15	   -1.00	0	    1.00	0	8	  597.94	-6	5	NULL
real	DL	304	20	15	    0.00	1	   -1.00	1	9	  893.75	-6	5	NULL
real	HR	305	20	15	   -1.00	0	    1.00	1	9	  712.24	-3	5	NULL
real	BR	306	20	-15	   -1.00	1	   -1.00	0	10	  673.30	-6	5	NULL
real	FR	307	20	-15	   -3.00	0	    1.00	0	9	  746.46	-3	5	NULL
real	DR	308	20	15	   -1.00	0	    1.00	0	9	  646.00	-6	5	NULL
real	CL	309	20	15	   -1.00	0	    1.00	0	10	  558.07	-6	7	NULL
real	GL	310	20	15	    0.00	0	    1.00	0	8	 1137.69	-3	7	NULL
real	AR	311	20	-15	   -3.00	0	    1.00	1	9	  530.23	-6	7	NULL
real	EL	312	20	-15	   -2.00	1	   -1.00	0	11	  745.36	-3	7	NULL
real	GR	313	20	15	    0.00	1	   -1.00	1	12	  955.21	-3	7	NULL
real	CR	314	20	15	   -3.00	0	    1.00	0	7	  433.54	-6	7	NULL
real	BL	315	20	-15	   -2.00	1	   -1.00	0	9	  599.36	-6	5	NULL
real	HL	316	20	15	    0.00	0	    1.00	0	10	  524.32	-3	5	NULL
real	DL	317	21	15	   -1.00	0	    1.00	1	10	  535.71	-6	5	NULL
real	EL	318	21	-15	   -3.00	1	   -1.00	0	11	  953.76	-3	7	NULL
real	BL	319	21	-15	   -3.00	0	    1.00	1	10	  550.64	-6	5	NULL
real	HR	320	21	15	    0.00	1	   -1.00	1	10	  607.36	-3	5	NULL
real	HL	321	21	15	    1.00	1	   -1.00	1	11	  834.36	-3	5	NULL
real	DR	322	21	15	    0.00	1	   -1.00	1	10	  675.34	-6	5	NULL
real	BR	323	21	-15	   -2.00	1	   -1.00	0	10	 1268.67	-6	5	NULL
real	AR	324	21	-15	   -2.00	0	    1.00	0	9	  940.87	-6	7	NULL
real	CL	325	21	15	    0.00	0	    1.00	0	10	  618.39	-6	7	NULL
real	GL	326	21	15	    1.00	1	   -1.00	1	9	  595.78	-3	7	NULL
real	CR	327	21	15	   -2.00	1	   -1.00	1	8	  825.32	-6	7	NULL
real	FR	328	21	-15	   -2.00	1	   -1.00	1	10	  711.57	-3	5	NULL
real	AR	329	22	-15	   -1.00	1	   -1.00	1	10	  609.23	-6	7	NULL
real	EL	330	22	-15	   -4.00	0	    1.00	1	12	  881.86	-3	7	NULL
real	HL	331	22	15	    0.00	1	   -1.00	0	11	  723.17	-3	5	NULL
real	CL	332	22	15	    1.00	1	   -1.00	1	11	  541.38	-6	7	NULL
real	DL	333	22	15	    0.00	1	   -1.00	1	11	  487.70	-6	5	NULL
real	HR	334	22	15	   -1.00	1	   -1.00	0	10	  575.63	-3	5	NULL
real	BL	335	22	-15	   -2.00	1	   -1.00	1	11	  842.51	-6	5	NULL
real	BR	336	22	-15	   -3.00	0	    1.00	1	11	  641.58	-6	5	NULL
real	FR	337	22	-15	   -3.00	1	   -1.00	0	10	  781.41	-3	5	NULL
real	CR	338	22	15	   -3.00	0	    1.00	1	9	  658.22	-6	7	NULL
real	DR	339	22	15	   -1.00	1	   -1.00	0	10	  627.81	-6	5	NULL
real	GL	340	22	15	    0.00	0	    1.00	1	10	  711.52	-3	7	NULL
real	BR	341	23	-15	   -2.00	0	    1.00	0	11	  548.06	-6	5	NULL
real	DR	342	23	15	   -2.00	0	    1.00	1	11	  643.19	-6	5	NULL
real	GL	343	23	15	    1.00	1	   -1.00	1	11	  560.77	-3	7	NULL
real	HL	344	23	15	   -1.00	1	   -1.00	0	11	  759.90	-3	5	NULL
real	AR	345	23	-15	   -2.00	1	   -1.00	0	10	  757.56	-6	7	NULL
real	CL	346	23	15	    0.00	1	   -1.00	0	11	  893.41	-6	7	NULL
real	CR	347	23	15	   -2.00	0	    1.00	0	9	  786.46	-6	7	NULL
real	DL	348	23	15	   -1.00	0	    1.00	1	12	  696.58	-6	5	NULL
real	FR	349	23	-15	   -4.00	0	    1.00	1	11	  624.95	-3	5	NULL
real	HR	350	23	15	   -2.00	0	    1.00	1	11	  557.77	-3	5	NULL
real	BL	351	23	-15	   -3.00	0	    1.00	1	12	  601.26	-6	5	NULL
real	HL	352	24	15	   -2.00	0	    1.00	1	12	  743.66	-3	5	NULL
real	DR	353	24	15	   -1.00	1	   -1.00	1	12	  786.66	-6	5	NULL
real	GL	354	24	15	    0.00	1	   -1.00	0	11	  680.95	-3	7	NULL
real	AR	355	24	-15	   -3.00	1	   -1.00	0	10	  972.40	-6	7	NULL
real	BR	356	24	-15	   -1.00	1	   -1.00	1	12	 1131.95	-6	5	NULL
real	CR	357	24	15	   -1.00	1	   -1.00	1	10	 1044.58	-6	7	NULL
real	FR	358	24	-15	   -3.00	1	   -1.00	1	12	11485.86	-3	5	NULL
real	CL	359	24	15	   -1.00	1	   -1.00	0	11	  948.26	-6	7	NULL
real	HR	360	24	15	   -1.00	1	   -1.00	1	12	  926.91	-3	5	NULL
real	AR	361	25	-15	   -4.00	1	   -1.00	0	10	  790.18	-6	7	NULL
real	CL	362	25	15	   -2.00	1	   -1.00	0	11	  669.55	-6	7	NULL
real	CR	363	25	15	   -2.00	1	   -1.00	0	10	  634.35	-6	7	NULL
real	GL	364	25	15	   -1.00	0	    1.00	1	12	  819.80	-3	7	NULL
real	AR	365	26	-15	   -5.00	0	    1.00	1	11	  562.98	-6	7	NULL
real	CR	366	26	15	   -3.00	1	   -1.00	0	10	 1258.13	-6	7	NULL
real	CL	367	26	15	   -3.00	0	    1.00	1	12	  689.21	-6	7	NULL
real	AR	368	27	-15	   -4.00	0	    1.00	0	11	  576.04	-6	7	NULL
real	CR	369	27	15	   -4.00	0	    1.00	1	11	  361.07	-6	7	NULL
real	CR	370	28	15	   -3.00	0	    1.00	0	11	  534.37	-6	7	NULL
real	AR	371	28	-15	   -3.00	0	    1.00	0	11	 2352.57	-6	7	NULL
real	CR	372	29	15	   -2.00	1	   -1.00	1	12	  742.01	-6	7	NULL
real	AR	373	29	-15	   -2.00	1	   -1.00	1	12	  487.04	-6	7	NULL
