TRIAL_TYPE	trial_variant	TRIAL_NUMBER	TRIAL_ITERATION_VAL	frame_tilt	rod_tilt	response	step_size	reversal	reversal_num	RT	probe_del	alpha_entrain_refreshes	rod_tilt_val
real	DR	1	1	15	   20.00	1	   -8.00	0	0	 1392.11	-6	5	NULL
real	DL	2	1	15	  -20.00	0	    8.00	0	0	 1002.70	-6	5	NULL
real	AR	3	1	-15	   20.00	1	   -8.00	0	0	  780.73	-6	7	NULL
real	CL	4	1	15	  -20.00	0	    8.00	0	0	  604.71	-6	7	NULL
real	HR	5	1	15	   20.00	1	   -8.00	0	0	  588.60	-3	5	NULL
real	GL	6	1	15	  -20.00	0	    8.00	0	0	  617.01	-3	7	NULL
real	CR	7	1	15	   20.00	1	   -8.00	0	0	  531.52	-6	7	NULL
real	BR	8	1	-15	   20.00	1	   -8.00	0	0	  461.96	-6	5	NULL
real	ER	9	1	-15	   20.00	1	   -8.00	0	0	  824.47	-3	7	NULL
real	EL	10	1	-15	  -20.00	0	    8.00	0	0	  478.75	-3	7	NULL
real	HL	11	1	15	  -20.00	0	    8.00	0	0	  588.20	-3	5	NULL
real	BL	12	1	-15	  -20.00	0	    8.00	0	0	  786.10	-6	5	NULL
real	FR	13	1	-15	   20.00	1	   -8.00	0	0	  405.12	-3	5	NULL
real	GR	14	1	15	   20.00	1	   -8.00	0	0	  463.62	-3	7	NULL
real	AL	15	1	-15	  -20.00	0	    8.00	0	0	  506.22	-6	7	NULL
real	FL	16	1	-15	  -20.00	0	    8.00	0	0	  680.22	-3	5	NULL
real	CR	17	2	15	   12.00	1	   -8.00	0	0	  721.47	-6	7	NULL
real	DL	18	2	15	  -12.00	0	    8.00	0	0	  568.65	-6	5	NULL
real	AR	19	2	-15	   12.00	1	   -8.00	0	0	  431.72	-6	7	NULL
real	HR	20	2	15	   12.00	1	   -8.00	0	0	  425.16	-3	5	NULL
real	BL	21	2	-15	  -12.00	0	    8.00	0	0	  661.63	-6	5	NULL
real	HL	22	2	15	  -12.00	0	    8.00	0	0	  627.97	-3	5	NULL
real	EL	23	2	-15	  -12.00	0	    8.00	0	0	  589.93	-3	7	NULL
real	DR	24	2	15	   12.00	1	   -8.00	0	0	  404.61	-6	5	NULL
real	FR	25	2	-15	   12.00	1	   -8.00	0	0	  607.91	-3	5	NULL
real	FL	26	2	-15	  -12.00	0	    8.00	0	0	  780.30	-3	5	NULL
real	GR	27	2	15	   12.00	1	   -8.00	0	0	  483.62	-3	7	NULL
real	AL	28	2	-15	  -12.00	0	    8.00	0	0	  674.57	-6	7	NULL
real	ER	29	2	-15	   12.00	1	   -8.00	0	0	  536.43	-3	7	NULL
real	BR	30	2	-15	   12.00	1	   -8.00	0	0	  587.19	-6	5	NULL
real	GL	31	2	15	  -12.00	0	    8.00	0	0	  481.82	-3	7	NULL
real	CL	32	2	15	  -12.00	0	    8.00	0	0	  538.09	-6	7	NULL
real	HR	33	3	15	    4.00	1	   -8.00	0	0	  477.74	-3	5	NULL
real	ER	34	3	-15	    4.00	1	   -8.00	0	0	  564.11	-3	7	NULL
real	HL	35	3	15	   -4.00	0	    8.00	0	0	 1545.49	-3	5	NULL
real	FL	36	3	-15	   -4.00	1	   -4.00	1	1	 1213.12	-3	5	NULL
real	FR	37	3	-15	    4.00	1	   -8.00	0	0	  792.07	-3	5	NULL
real	GR	38	3	15	    4.00	1	   -8.00	0	0	  651.26	-3	7	NULL
real	CR	39	3	15	    4.00	1	   -8.00	0	0	  551.73	-6	7	NULL
real	GL	40	3	15	   -4.00	0	    8.00	0	0	  788.28	-3	7	NULL
real	DR	41	3	15	    4.00	1	   -8.00	0	0	  633.90	-6	5	NULL
real	CL	42	3	15	   -4.00	0	    8.00	0	0	  662.57	-6	7	NULL
real	DL	43	3	15	   -4.00	0	    8.00	0	0	  615.28	-6	5	NULL
real	AR	44	3	-15	    4.00	1	   -8.00	0	0	  446.41	-6	7	NULL
real	BR	45	3	-15	    4.00	1	   -8.00	0	0	  481.98	-6	5	NULL
real	EL	46	3	-15	   -4.00	0	    8.00	0	0	 1417.39	-3	7	NULL
real	AL	47	3	-15	   -4.00	0	    8.00	0	0	  781.22	-6	7	NULL
real	BL	48	3	-15	   -4.00	0	    8.00	0	0	  992.42	-6	5	NULL
real	FL	49	4	-15	   -8.00	0	    2.00	1	2	  694.18	-3	5	NULL
real	DR	50	4	15	   -4.00	0	    4.00	1	1	  722.65	-6	5	NULL
real	AL	51	4	-15	    4.00	1	   -4.00	1	1	  463.33	-6	7	NULL
real	CR	52	4	15	   -4.00	0	    4.00	1	1	  614.32	-6	7	NULL
real	BL	53	4	-15	    4.00	1	   -4.00	1	1	  522.81	-6	5	NULL
real	BR	54	4	-15	   -4.00	0	    4.00	1	1	  764.26	-6	5	NULL
real	HR	55	4	15	   -4.00	0	    4.00	1	1	  576.48	-3	5	NULL
real	AR	56	4	-15	   -4.00	0	    4.00	1	1	  684.93	-6	7	NULL
real	CL	57	4	15	    4.00	1	   -4.00	1	1	  482.38	-6	7	NULL
real	FR	58	4	-15	   -4.00	1	   -8.00	0	0	 1429.01	-3	5	NULL
real	EL	59	4	-15	    4.00	1	   -4.00	1	1	  631.41	-3	7	NULL
real	GR	60	4	15	   -4.00	0	    4.00	1	1	  594.39	-3	7	NULL
real	DL	61	4	15	    4.00	1	   -4.00	1	1	  733.17	-6	5	NULL
real	HL	62	4	15	    4.00	1	   -4.00	1	1	  445.47	-3	5	NULL
real	GL	63	4	15	    4.00	1	   -4.00	1	1	  562.82	-3	7	NULL
real	ER	64	4	-15	   -4.00	0	    4.00	1	1	  955.55	-3	7	NULL
real	HR	65	5	15	    0.00	1	   -2.00	1	2	 1306.76	-3	5	NULL
real	ER	66	5	-15	    0.00	1	   -2.00	1	2	  755.07	-3	7	NULL
real	BR	67	5	-15	    0.00	1	   -2.00	1	2	 1052.54	-6	5	NULL
real	AL	68	5	-15	    0.00	1	   -4.00	0	1	 1196.62	-6	7	NULL
real	FL	69	5	-15	   -6.00	1	   -1.00	1	3	 2598.29	-3	5	NULL
real	CR	70	5	15	    0.00	1	   -2.00	1	2	 1328.66	-6	7	NULL
real	DR	71	5	15	    0.00	1	   -2.00	1	2	 3027.82	-6	5	NULL
real	CL	72	5	15	    0.00	1	   -4.00	0	1	  711.73	-6	7	NULL
real	BL	73	5	-15	    0.00	1	   -4.00	0	1	 1808.36	-6	5	NULL
real	EL	74	5	-15	    0.00	1	   -4.00	0	1	  721.98	-3	7	NULL
real	HL	75	5	15	    0.00	1	   -4.00	0	1	 5952.85	-3	5	NULL
real	AR	76	5	-15	    0.00	1	   -2.00	1	2	  632.41	-6	7	NULL
real	FR	77	5	-15	  -12.00	0	    4.00	1	1	 2418.61	-3	5	NULL
real	DL	78	5	15	    0.00	1	   -4.00	0	1	  571.65	-6	5	NULL
real	GR	79	5	15	    0.00	0	    4.00	0	1	 1890.21	-3	7	NULL
real	GL	80	5	15	    0.00	0	    2.00	1	2	 2877.63	-3	7	NULL
real	BL	81	6	-15	   -4.00	0	    2.00	1	2	 1692.90	-6	5	NULL
real	ER	82	6	-15	   -2.00	1	   -2.00	0	2	 1850.24	-3	7	NULL
real	BR	83	6	-15	   -2.00	1	   -2.00	0	2	 2195.02	-6	5	NULL
real	GR	84	6	15	    4.00	1	   -2.00	1	2	 2696.25	-3	7	NULL
real	FL	85	6	-15	   -7.00	0	    1.00	1	4	 3410.72	-3	5	NULL
real	DL	86	6	15	   -4.00	0	    2.00	1	2	 1862.02	-6	5	NULL
real	CL	87	6	15	   -4.00	0	    2.00	1	2	 2246.59	-6	7	NULL
real	CR	88	6	15	   -2.00	0	    1.00	1	3	 3964.81	-6	7	NULL
real	HL	89	6	15	   -4.00	0	    2.00	1	2	 1237.52	-3	5	NULL
real	FR	90	6	-15	   -8.00	0	    4.00	0	1	 1486.84	-3	5	NULL
real	AR	91	6	-15	   -2.00	1	   -2.00	0	2	 1254.11	-6	7	NULL
real	EL	92	6	-15	   -4.00	1	   -4.00	0	1	 1588.98	-3	7	NULL
real	DR	93	6	15	   -2.00	0	    1.00	1	3	 3374.91	-6	5	NULL
real	GL	94	6	15	    2.00	1	   -1.00	1	3	 3327.27	-3	7	NULL
real	AL	95	6	-15	   -4.00	1	   -4.00	0	1	 1623.62	-6	7	NULL
real	HR	96	6	15	   -2.00	0	    1.00	1	3	 3521.93	-3	5	NULL
real	DR	97	7	15	   -1.00	0	    1.00	0	3	 5036.03	-6	5	NULL
real	DL	98	7	15	   -2.00	0	    2.00	0	2	 1501.27	-6	5	NULL
real	FR	99	7	-15	   -4.00	0	    4.00	0	1	 3352.90	-3	5	NULL
real	CR	100	7	15	   -1.00	0	    1.00	0	3	 1146.23	-6	7	NULL
real	BL	101	7	-15	   -2.00	1	   -1.00	1	3	 3579.23	-6	5	NULL
real	FL	102	7	-15	   -6.00	0	    1.00	0	4	 2115.14	-3	5	NULL
real	HL	103	7	15	   -2.00	0	    2.00	0	2	 1979.83	-3	5	NULL
real	HR	104	7	15	   -1.00	0	    1.00	0	3	 1169.85	-3	5	NULL
real	AR	105	7	-15	   -4.00	0	    1.00	1	3	 2537.35	-6	7	NULL
real	CL	106	7	15	   -2.00	0	    2.00	0	2	 1319.97	-6	7	NULL
real	ER	107	7	-15	   -4.00	0	    1.00	1	3	 2912.56	-3	7	NULL
real	EL	108	7	-15	   -8.00	0	    2.00	1	2	 1283.42	-3	7	NULL
real	GR	109	7	15	    2.00	1	   -2.00	0	2	 1306.91	-3	7	NULL
real	GL	110	7	15	    1.00	1	   -1.00	0	3	  705.86	-3	7	NULL
real	AL	111	7	-15	   -8.00	0	    2.00	1	2	 2006.36	-6	7	NULL
real	BR	112	7	-15	   -4.00	0	    1.00	1	3	 1110.63	-6	5	NULL
real	HR	113	8	15	    0.00	0	    1.00	0	3	 1705.05	-3	5	NULL
real	GR	114	8	15	    0.00	0	    1.00	1	3	 2355.41	-3	7	NULL
real	CR	115	8	15	    0.00	1	   -1.00	1	4	 2715.28	-6	7	NULL
real	AL	116	8	-15	   -6.00	0	    2.00	0	2	  850.80	-6	7	NULL
real	DL	117	8	15	    0.00	1	   -1.00	1	3	 2285.85	-6	5	NULL
real	FL	118	8	-15	   -5.00	1	   -1.00	1	5	 2828.31	-3	5	NULL
real	GL	119	8	15	    0.00	0	    1.00	1	4	 1623.15	-3	7	NULL
real	HL	120	8	15	    0.00	0	    2.00	0	2	 1235.03	-3	5	NULL
real	DR	121	8	15	    0.00	0	    1.00	0	3	 3168.96	-6	5	NULL
real	EL	122	8	-15	   -6.00	0	    2.00	0	2	 2408.12	-3	7	NULL
real	BR	123	8	-15	   -3.00	1	   -1.00	1	4	 1686.46	-6	5	NULL
real	FR	124	8	-15	    0.00	1	   -2.00	1	2	  755.39	-3	5	NULL
real	BL	125	8	-15	   -3.00	1	   -1.00	0	3	 1947.46	-6	5	NULL
real	AR	126	8	-15	   -3.00	1	   -1.00	1	4	  763.17	-6	7	NULL
real	ER	127	8	-15	   -3.00	1	   -1.00	1	4	  853.36	-3	7	NULL
real	CL	128	8	15	    0.00	1	   -1.00	1	3	  938.85	-6	7	NULL
real	ER	129	9	-15	   -4.00	1	   -1.00	0	4	 2143.55	-3	7	NULL
real	BL	130	9	-15	   -4.00	1	   -1.00	0	3	 3047.79	-6	5	NULL
real	AL	131	9	-15	   -4.00	0	    2.00	0	2	 3787.29	-6	7	NULL
real	FL	132	9	-15	   -6.00	0	    1.00	1	6	 3282.27	-3	5	NULL
real	DL	133	9	15	   -1.00	0	    1.00	1	4	 1807.03	-6	5	NULL
real	FR	134	9	-15	   -2.00	1	   -2.00	0	2	 1590.01	-3	5	NULL
real	HR	135	9	15	    1.00	1	   -1.00	1	4	 1988.88	-3	5	NULL
real	GL	136	9	15	    1.00	1	   -1.00	1	5	 2919.45	-3	7	NULL
real	EL	137	9	-15	   -4.00	1	   -1.00	1	3	 1786.00	-3	7	NULL
real	CL	138	9	15	   -1.00	1	   -1.00	0	3	 1412.94	-6	7	NULL
real	CR	139	9	15	   -1.00	1	   -1.00	0	4	 2531.21	-6	7	NULL
real	BR	140	9	-15	   -4.00	1	   -1.00	0	4	 3753.95	-6	5	NULL
real	AR	141	9	-15	   -4.00	1	   -1.00	0	4	 1302.80	-6	7	NULL
real	GR	142	9	15	    1.00	1	   -1.00	1	4	  740.25	-3	7	NULL
real	DR	143	9	15	    1.00	1	   -1.00	1	4	  594.95	-6	5	NULL
real	HL	144	9	15	    2.00	1	   -1.00	1	3	  817.83	-3	5	NULL
real	CR	145	10	15	   -2.00	1	   -1.00	0	4	 1080.09	-6	7	NULL
real	EL	146	10	-15	   -5.00	0	    1.00	1	4	 6527.82	-3	7	NULL
real	DR	147	10	15	    0.00	1	   -1.00	0	4	 1897.03	-6	5	NULL
real	DL	148	10	15	    0.00	1	   -1.00	1	5	  839.60	-6	5	NULL
real	GR	149	10	15	    0.00	1	   -1.00	0	4	  750.13	-3	7	NULL
real	GL	150	10	15	    0.00	1	   -1.00	0	5	  903.77	-3	7	NULL
real	BL	151	10	-15	   -5.00	0	    1.00	1	4	 1456.01	-6	5	NULL
real	ER	152	10	-15	   -5.00	1	   -1.00	0	4	 3667.33	-3	7	NULL
real	HR	153	10	15	    0.00	1	   -1.00	0	4	 2504.65	-3	5	NULL
real	HL	154	10	15	    1.00	1	   -1.00	0	3	 1797.04	-3	5	NULL
real	FL	155	10	-15	   -5.00	0	    1.00	0	6	 1308.77	-3	5	NULL
real	CL	156	10	15	   -2.00	1	   -1.00	0	3	 2192.19	-6	7	NULL
real	BR	157	10	-15	   -5.00	0	    1.00	1	5	 2421.07	-6	5	NULL
real	FR	158	10	-15	   -4.00	0	    1.00	1	3	 3653.16	-3	5	NULL
real	AR	159	10	-15	   -5.00	0	    1.00	1	5	 2886.55	-6	7	NULL
real	AL	160	10	-15	   -2.00	0	    2.00	0	2	 2681.11	-6	7	NULL
real	AL	161	11	-15	    0.00	1	   -1.00	1	3	 1315.47	-6	7	NULL
real	GR	162	11	15	   -1.00	0	    1.00	1	5	  844.62	-3	7	NULL
real	DR	163	11	15	   -1.00	0	    1.00	1	5	  980.99	-6	5	NULL
real	ER	164	11	-15	   -6.00	0	    1.00	1	5	 1785.11	-3	7	NULL
real	FR	165	11	-15	   -3.00	1	   -1.00	1	4	 1591.95	-3	5	NULL
real	EL	166	11	-15	   -4.00	1	   -1.00	1	5	 1389.59	-3	7	NULL
real	GL	167	11	15	   -1.00	1	   -1.00	0	5	 1200.68	-3	7	NULL
real	HL	168	11	15	    0.00	1	   -1.00	0	3	  942.95	-3	5	NULL
real	FL	169	11	-15	   -4.00	1	   -1.00	1	7	 2247.88	-3	5	NULL
real	HR	170	11	15	   -1.00	1	   -1.00	0	4	 2666.80	-3	5	NULL
real	BL	171	11	-15	   -4.00	1	   -1.00	1	5	 3633.06	-6	5	NULL
real	CL	172	11	15	   -3.00	0	    1.00	1	4	 1688.67	-6	7	NULL
real	AR	173	11	-15	   -4.00	0	    1.00	0	5	 1684.23	-6	7	NULL
real	BR	174	11	-15	   -4.00	0	    1.00	0	5	 1499.29	-6	5	NULL
real	CR	175	11	15	   -3.00	0	    1.00	1	5	  942.87	-6	7	NULL
real	DL	176	11	15	   -1.00	0	    1.00	1	6	 3245.68	-6	5	NULL
real	CL	177	12	15	   -2.00	0	    1.00	0	4	 1570.09	-6	7	NULL
real	BL	178	12	-15	   -5.00	0	    1.00	1	6	 1980.08	-6	5	NULL
real	BR	179	12	-15	   -3.00	0	    1.00	0	5	 2640.56	-6	5	NULL
real	ER	180	12	-15	   -5.00	0	    1.00	0	5	 2483.48	-3	7	NULL
real	DL	181	12	15	    0.00	0	    1.00	0	6	 3351.63	-6	5	NULL
real	CR	182	12	15	   -2.00	1	   -1.00	1	6	 2329.91	-6	7	NULL
real	FR	183	12	-15	   -4.00	1	   -1.00	0	4	 1251.68	-3	5	NULL
real	HR	184	12	15	   -2.00	0	    1.00	1	5	  848.48	-3	5	NULL
real	GR	185	12	15	    0.00	0	    1.00	0	5	 1062.94	-3	7	NULL
real	EL	186	12	-15	   -5.00	0	    1.00	1	6	  743.06	-3	7	NULL
real	AL	187	12	-15	   -1.00	1	   -1.00	0	3	  647.84	-6	7	NULL
real	AR	188	12	-15	   -3.00	0	    1.00	0	5	  859.53	-6	7	NULL
real	HL	189	12	15	   -1.00	0	    1.00	1	4	  839.33	-3	5	NULL
real	FL	190	12	-15	   -5.00	0	    1.00	1	8	  835.10	-3	5	NULL
real	DR	191	12	15	    0.00	0	    1.00	0	5	 1342.05	-6	5	NULL
real	GL	192	12	15	   -2.00	0	    1.00	1	6	 1102.44	-3	7	NULL
real	FL	193	13	-15	   -4.00	0	    1.00	0	8	 1195.49	-3	5	NULL
real	FR	194	13	-15	   -5.00	0	    1.00	1	5	  802.06	-3	5	NULL
real	ER	195	13	-15	   -4.00	1	   -1.00	1	6	 2010.33	-3	7	NULL
real	HR	196	13	15	   -1.00	0	    1.00	0	5	 2727.66	-3	5	NULL
real	BR	197	13	-15	   -2.00	1	   -1.00	1	6	 1000.20	-6	5	NULL
real	CR	198	13	15	   -3.00	0	    1.00	1	7	  827.45	-6	7	NULL
real	DR	199	13	15	    1.00	1	   -1.00	1	6	 1150.19	-6	5	NULL
real	CL	200	13	15	   -1.00	1	   -1.00	1	5	 1494.30	-6	7	NULL
real	BL	201	13	-15	   -4.00	0	    1.00	0	6	 1156.23	-6	5	NULL
real	EL	202	13	-15	   -4.00	1	   -1.00	1	7	  740.89	-3	7	NULL
real	GL	203	13	15	   -1.00	0	    1.00	0	6	  795.59	-3	7	NULL
real	DL	204	13	15	    1.00	1	   -1.00	1	7	  845.98	-6	5	NULL
real	AR	205	13	-15	   -2.00	1	   -1.00	1	6	  913.33	-6	7	NULL
real	AL	206	13	-15	   -2.00	1	   -1.00	0	3	 1109.60	-6	7	NULL
real	HL	207	13	15	    0.00	0	    1.00	0	4	  952.52	-3	5	NULL
real	GR	208	13	15	    1.00	1	   -1.00	1	6	  725.64	-3	7	NULL
real	FL	209	14	-15	   -3.00	1	   -1.00	1	9	  662.02	-3	5	NULL
real	ER	210	14	-15	   -5.00	0	    1.00	1	7	 1683.38	-3	7	NULL
real	AL	211	14	-15	   -3.00	1	   -1.00	0	3	 1082.64	-6	7	NULL
real	EL	212	14	-15	   -5.00	1	   -1.00	0	7	 1261.51	-3	7	NULL
real	AR	213	14	-15	   -3.00	1	   -1.00	0	6	 1204.91	-6	7	NULL
real	BL	214	14	-15	   -3.00	1	   -1.00	1	7	  866.33	-6	5	NULL
real	GR	215	14	15	    0.00	1	   -1.00	0	6	  805.49	-3	7	NULL
real	BR	216	14	-15	   -3.00	1	   -1.00	0	6	 1681.04	-6	5	NULL
real	DL	217	14	15	    0.00	1	   -1.00	0	7	  682.50	-6	5	NULL
real	DR	218	14	15	    0.00	1	   -1.00	0	6	 1412.30	-6	5	NULL
real	HR	219	14	15	    0.00	1	   -1.00	1	6	 2216.06	-3	5	NULL
real	CL	220	14	15	   -2.00	0	    1.00	1	6	 1313.85	-6	7	NULL
real	HL	221	14	15	    1.00	1	   -1.00	1	5	  788.09	-3	5	NULL
real	GL	222	14	15	    0.00	1	   -1.00	1	7	 1263.72	-3	7	NULL
real	CR	223	14	15	   -2.00	0	    1.00	0	7	  790.00	-6	7	NULL
real	FR	224	14	-15	   -4.00	1	   -1.00	1	6	 1447.18	-3	5	NULL
real	FL	225	15	-15	   -4.00	1	   -1.00	0	9	 2600.29	-3	5	NULL
real	CR	226	15	15	   -1.00	1	   -1.00	1	8	 1783.32	-6	7	NULL
real	AL	227	15	-15	   -4.00	0	    1.00	1	4	 3041.76	-6	7	NULL
real	BL	228	15	-15	   -4.00	0	    1.00	1	8	 1820.99	-6	5	NULL
real	DR	229	15	15	   -1.00	0	    1.00	1	7	 1269.00	-6	5	NULL
real	CL	230	15	15	   -1.00	0	    1.00	0	6	 1065.18	-6	7	NULL
real	ER	231	15	-15	   -4.00	0	    1.00	0	7	 1735.82	-3	7	NULL
real	AR	232	15	-15	   -4.00	0	    1.00	1	7	  694.35	-6	7	NULL
real	FR	233	15	-15	   -5.00	0	    1.00	1	7	  727.68	-3	5	NULL
real	BR	234	15	-15	   -4.00	0	    1.00	1	7	  928.85	-6	5	NULL
real	HL	235	15	15	    0.00	0	    1.00	1	6	 3960.27	-3	5	NULL
real	GR	236	15	15	   -1.00	0	    1.00	1	7	 1574.28	-3	7	NULL
real	HR	237	15	15	   -1.00	1	   -1.00	0	6	  745.56	-3	5	NULL
real	DL	238	15	15	   -1.00	1	   -1.00	0	7	 1059.29	-6	5	NULL
real	EL	239	15	-15	   -6.00	0	    1.00	1	8	  851.29	-3	7	NULL
real	GL	240	15	15	   -1.00	0	    1.00	1	8	 1758.65	-3	7	NULL
real	AR	241	16	-15	   -3.00	1	   -1.00	1	8	  860.86	-6	7	NULL
real	CR	242	16	15	   -2.00	0	    1.00	1	9	  777.45	-6	7	NULL
real	GL	243	16	15	    0.00	1	   -1.00	1	9	  546.61	-3	7	NULL
real	GR	244	16	15	    0.00	1	   -1.00	1	8	  686.39	-3	7	NULL
real	DR	245	16	15	    0.00	1	   -1.00	1	8	  500.72	-6	5	NULL
real	ER	246	16	-15	   -3.00	1	   -1.00	1	8	  823.47	-3	7	NULL
real	FR	247	16	-15	   -4.00	1	   -1.00	1	8	 1052.99	-3	5	NULL
real	CL	248	16	15	    0.00	1	   -1.00	1	7	  571.37	-6	7	NULL
real	BR	249	16	-15	   -3.00	1	   -1.00	1	8	 1265.80	-6	5	NULL
real	FL	250	16	-15	   -5.00	1	   -1.00	0	9	 1600.18	-3	5	NULL
real	EL	251	16	-15	   -5.00	0	    1.00	0	8	 1422.97	-3	7	NULL
real	DL	252	16	15	   -2.00	0	    1.00	1	8	  830.77	-6	5	NULL
real	BL	253	16	-15	   -3.00	1	   -1.00	1	9	 1392.73	-6	5	NULL
real	HL	254	16	15	    1.00	1	   -1.00	1	7	 1048.67	-3	5	NULL
real	HR	255	16	15	   -2.00	0	    1.00	1	7	  694.16	-3	5	NULL
real	AL	256	16	-15	   -3.00	0	    1.00	0	4	 1939.56	-6	7	NULL
real	EL	257	17	-15	   -4.00	0	    1.00	0	8	 1074.00	-3	7	NULL
real	HR	258	17	15	   -1.00	0	    1.00	0	7	  953.32	-3	5	NULL
real	AR	259	17	-15	   -4.00	0	    1.00	1	9	  634.62	-6	7	NULL
real	GL	260	17	15	   -1.00	0	    1.00	1	10	  716.16	-3	7	NULL
real	AL	261	17	-15	   -2.00	1	   -1.00	1	5	 1191.13	-6	7	NULL
real	FR	262	17	-15	   -5.00	0	    1.00	1	9	 1586.08	-3	5	NULL
real	CR	263	17	15	   -1.00	1	   -1.00	1	10	 1394.81	-6	7	NULL
real	DL	264	17	15	   -1.00	1	   -1.00	1	9	  892.77	-6	5	NULL
real	CL	265	17	15	   -1.00	1	   -1.00	0	7	  554.36	-6	7	NULL
real	GR	266	17	15	   -1.00	1	   -1.00	0	8	 1415.29	-3	7	NULL
real	DR	267	17	15	   -1.00	1	   -1.00	0	8	  626.53	-6	5	NULL
real	BL	268	17	-15	   -4.00	1	   -1.00	0	9	 2194.34	-6	5	NULL
real	ER	269	17	-15	   -4.00	1	   -1.00	0	8	 1142.35	-3	7	NULL
real	BR	270	17	-15	   -4.00	1	   -1.00	0	8	 1978.44	-6	5	NULL
real	FL	271	17	-15	   -6.00	0	    1.00	1	10	 1345.53	-3	5	NULL
real	HL	272	17	15	    0.00	1	   -1.00	0	7	  756.41	-3	5	NULL
real	BL	273	18	-15	   -5.00	0	    1.00	1	10	 1102.91	-6	5	NULL
real	GL	274	18	15	    0.00	0	    1.00	0	10	 1306.63	-3	7	NULL
real	HL	275	18	15	   -1.00	0	    1.00	1	8	  961.02	-3	5	NULL
real	CR	276	18	15	   -2.00	0	    1.00	1	11	  685.27	-6	7	NULL
real	AL	277	18	-15	   -3.00	1	   -1.00	0	5	  909.69	-6	7	NULL
real	DL	278	18	15	   -2.00	0	    1.00	1	10	 1598.73	-6	5	NULL
real	EL	279	18	-15	   -3.00	1	   -1.00	1	9	 1130.70	-3	7	NULL
real	HR	280	18	15	    0.00	1	   -1.00	1	8	  736.98	-3	5	NULL
real	ER	281	18	-15	   -5.00	0	    1.00	1	9	 3476.19	-3	7	NULL
real	FL	282	18	-15	   -5.00	0	    1.00	0	10	  677.18	-3	5	NULL
real	DR	283	18	15	   -2.00	0	    1.00	1	9	  808.70	-6	5	NULL
real	BR	284	18	-15	   -5.00	0	    1.00	1	9	  669.51	-6	5	NULL
real	AR	285	18	-15	   -3.00	1	   -1.00	1	10	  959.70	-6	7	NULL
real	CL	286	18	15	   -2.00	0	    1.00	1	8	  861.20	-6	7	NULL
real	GR	287	18	15	   -2.00	0	    1.00	1	9	  877.44	-3	7	NULL
real	FR	288	18	-15	   -4.00	0	    1.00	0	9	 1105.43	-3	5	NULL
real	BL	289	19	-15	   -4.00	0	    1.00	0	10	  830.73	-6	5	NULL
real	CL	290	19	15	   -1.00	0	    1.00	0	8	 1889.02	-6	7	NULL
real	GR	291	19	15	   -1.00	0	    1.00	0	9	 1887.50	-3	7	NULL
real	AR	292	19	-15	   -4.00	0	    1.00	1	11	 1011.15	-6	7	NULL
real	CR	293	19	15	   -1.00	0	    1.00	0	11	 3114.35	-6	7	NULL
real	FR	294	19	-15	   -3.00	1	   -1.00	1	10	 1290.45	-3	5	NULL
real	HL	295	19	15	    0.00	1	   -1.00	1	9	  699.63	-3	5	NULL
real	GL	296	19	15	    1.00	1	   -1.00	1	11	  508.06	-3	7	NULL
real	ER	297	19	-15	   -4.00	1	   -1.00	1	10	 1418.62	-3	7	NULL
real	FL	298	19	-15	   -4.00	1	   -1.00	1	11	 1481.01	-3	5	NULL
real	HR	299	19	15	   -1.00	0	    1.00	1	9	 1025.93	-3	5	NULL
real	BR	300	19	-15	   -4.00	0	    1.00	0	9	  708.53	-6	5	NULL
real	DL	301	19	15	   -1.00	0	    1.00	0	10	  629.15	-6	5	NULL
real	EL	302	19	-15	   -4.00	0	    1.00	1	10	  973.64	-3	7	NULL
real	AL	303	19	-15	   -4.00	0	    1.00	1	6	  994.19	-6	7	NULL
real	DR	304	19	15	   -1.00	1	   -1.00	1	10	 1906.29	-6	5	NULL
real	GR	305	20	15	    0.00	1	   -1.00	1	10	 2266.46	-3	7	NULL
real	FR	306	20	-15	   -4.00	1	   -1.00	0	10	 1244.98	-3	5	NULL
real	DL	307	20	15	    0.00	1	   -1.00	1	11	  906.36	-6	5	NULL
real	AR	308	20	-15	   -3.00	1	   -1.00	1	12	 1087.48	-6	7	NULL
real	EL	309	20	-15	   -3.00	1	   -1.00	1	11	  923.89	-3	7	NULL
real	HR	310	20	15	    0.00	1	   -1.00	1	10	  749.46	-3	5	NULL
real	ER	311	20	-15	   -5.00	1	   -1.00	0	10	 1184.04	-3	7	NULL
real	FL	312	20	-15	   -5.00	0	    1.00	1	12	 1545.38	-3	5	NULL
real	HL	313	20	15	   -1.00	1	   -1.00	0	9	 1117.46	-3	5	NULL
real	AL	314	20	-15	   -3.00	1	   -1.00	1	7	  944.40	-6	7	NULL
real	DR	315	20	15	   -2.00	1	   -1.00	0	10	 1499.65	-6	5	NULL
real	CR	316	20	15	    0.00	1	   -1.00	1	12	 1030.64	-6	7	NULL
real	GL	317	20	15	    0.00	1	   -1.00	0	11	  699.58	-3	7	NULL
real	CL	318	20	15	    0.00	1	   -1.00	1	9	 1019.96	-6	7	NULL
real	BL	319	20	-15	   -3.00	1	   -1.00	1	11	 1231.27	-6	5	NULL
real	BR	320	20	-15	   -3.00	1	   -1.00	1	10	  833.73	-6	5	NULL
real	GL	321	21	15	   -1.00	1	   -1.00	0	11	  604.79	-3	7	NULL
real	FR	322	21	-15	   -5.00	0	    1.00	1	11	  645.64	-3	5	NULL
real	BL	323	21	-15	   -4.00	0	    1.00	1	12	  665.87	-6	5	NULL
real	DR	324	21	15	   -3.00	0	    1.00	1	11	 1160.33	-6	5	NULL
real	DL	325	21	15	   -1.00	1	   -1.00	0	11	  691.41	-6	5	NULL
real	HL	326	21	15	   -2.00	0	    1.00	1	10	 1697.70	-3	5	NULL
real	AL	327	21	-15	   -4.00	0	    1.00	1	8	 1230.87	-6	7	NULL
real	HR	328	21	15	   -1.00	0	    1.00	1	11	 1355.56	-3	5	NULL
real	GR	329	21	15	   -1.00	0	    1.00	1	11	 1793.77	-3	7	NULL
real	BR	330	21	-15	   -4.00	0	    1.00	1	11	  560.21	-6	5	NULL
real	CL	331	21	15	   -1.00	1	   -1.00	0	9	 1048.24	-6	7	NULL
real	ER	332	21	-15	   -6.00	0	    1.00	1	11	 1005.10	-3	7	NULL
real	EL	333	21	-15	   -4.00	1	   -1.00	0	11	 1209.23	-3	7	NULL
real	GL	334	22	15	   -2.00	0	    1.00	1	12	 2264.35	-3	7	NULL
real	EL	335	22	-15	   -5.00	0	    1.00	1	12	  693.16	-3	7	NULL
real	FR	336	22	-15	   -4.00	1	   -1.00	1	12	 2565.17	-3	5	NULL
real	HR	337	22	15	    0.00	1	   -1.00	1	12	 1908.77	-3	5	NULL
real	BR	338	22	-15	   -3.00	1	   -1.00	1	12	  968.54	-6	5	NULL
real	HL	339	22	15	   -1.00	0	    1.00	0	10	 1648.34	-3	5	NULL
real	CL	340	22	15	   -2.00	0	    1.00	1	10	 1082.14	-6	7	NULL
real	AL	341	22	-15	   -3.00	1	   -1.00	1	9	 1638.39	-6	7	NULL
real	GR	342	22	15	    0.00	1	   -1.00	1	12	  790.95	-3	7	NULL
real	DR	343	22	15	   -2.00	1	   -1.00	1	12	  608.63	-6	5	NULL
real	DL	344	22	15	   -2.00	0	    1.00	1	12	 1975.43	-6	5	NULL
real	ER	345	22	-15	   -5.00	1	   -1.00	1	12	 1246.96	-3	7	NULL
real	HL	346	23	15	    0.00	1	   -1.00	1	11	  501.00	-3	5	NULL
real	CL	347	23	15	   -1.00	1	   -1.00	1	11	  622.20	-6	7	NULL
real	AL	348	23	-15	   -4.00	1	   -1.00	0	9	  679.71	-6	7	NULL
real	CL	349	24	15	   -2.00	0	    1.00	1	12	 3608.63	-6	7	NULL
real	HL	350	24	15	   -1.00	0	    1.00	1	12	 2939.83	-3	5	NULL
real	AL	351	24	-15	   -5.00	0	    1.00	1	10	 1192.68	-6	7	NULL
real	AL	352	25	-15	   -4.00	0	    1.00	0	10	 1943.18	-6	7	NULL
real	AL	353	26	-15	   -3.00	1	   -1.00	1	11	  969.39	-6	7	NULL
real	AL	354	27	-15	   -4.00	1	   -1.00	0	11	 1521.60	-6	7	NULL
real	AL	355	28	-15	   -5.00	0	    1.00	1	12	  811.65	-6	7	NULL
