TRIAL_TYPE	trial_variant	TRIAL_NUMBER	TRIAL_ITERATION_VAL	frame_tilt	rod_tilt	response	step_size	reversal	reversal_num	RT	probe_del	alpha_entrain_refreshes	rod_tilt_val
real	GL	1	1	15	  -20.00	0	    8.00	0	0	 2660.40	-3	7	NULL
real	CR	2	1	15	   20.00	1	   -8.00	0	0	  848.86	-6	7	NULL
real	FL	3	1	-15	  -20.00	1	   -8.00	0	0	 1201.47	-3	5	NULL
real	AR	4	1	-15	   20.00	1	   -8.00	0	0	  708.26	-6	7	NULL
real	HL	5	1	15	  -20.00	0	    8.00	0	0	 1287.07	-3	5	NULL
real	EL	6	1	-15	  -20.00	0	    8.00	0	0	  897.99	-3	7	NULL
real	BR	7	1	-15	   20.00	1	   -8.00	0	0	  691.10	-6	5	NULL
real	GR	8	1	15	   20.00	1	   -8.00	0	0	  715.95	-3	7	NULL
real	FR	9	1	-15	   20.00	1	   -8.00	0	0	  484.14	-3	5	NULL
real	DL	10	1	15	  -20.00	0	    8.00	0	0	  663.47	-6	5	NULL
real	AL	11	1	-15	  -20.00	0	    8.00	0	0	  692.70	-6	7	NULL
real	ER	12	1	-15	   20.00	1	   -8.00	0	0	  596.17	-3	7	NULL
real	DR	13	1	15	   20.00	1	   -8.00	0	0	  596.65	-6	5	NULL
real	BL	14	1	-15	  -20.00	0	    8.00	0	0	  526.35	-6	5	NULL
real	CL	15	1	15	  -20.00	0	    8.00	0	0	  518.75	-6	7	NULL
real	HR	16	1	15	   20.00	1	   -8.00	0	0	  470.53	-3	5	NULL
real	BL	17	2	-15	  -12.00	0	    8.00	0	0	  490.70	-6	5	NULL
real	AR	18	2	-15	   12.00	1	   -8.00	0	0	  628.06	-6	7	NULL
real	CL	19	2	15	  -12.00	0	    8.00	0	0	  667.03	-6	7	NULL
real	GR	20	2	15	   12.00	1	   -8.00	0	0	  713.61	-3	7	NULL
real	FL	21	2	-15	-20	0	    4.00	1	1	  715.84	-3	5	NULL
real	CR	22	2	15	   12.00	1	   -8.00	0	0	  521.69	-6	7	NULL
real	DL	23	2	15	  -12.00	0	    8.00	0	0	  636.32	-6	5	NULL
real	AL	24	2	-15	  -12.00	0	    8.00	0	0	  458.01	-6	7	NULL
real	HR	25	2	15	   12.00	1	   -8.00	0	0	  553.18	-3	5	NULL
real	FR	26	2	-15	   12.00	1	   -8.00	0	0	  442.87	-3	5	NULL
real	EL	27	2	-15	  -12.00	0	    8.00	0	0	  610.04	-3	7	NULL
real	ER	28	2	-15	   12.00	1	   -8.00	0	0	  551.13	-3	7	NULL
real	BR	29	2	-15	   12.00	1	   -8.00	0	0	  494.53	-6	5	NULL
real	DR	30	2	15	   12.00	1	   -8.00	0	0	  563.22	-6	5	NULL
real	HL	31	2	15	  -12.00	0	    8.00	0	0	  459.87	-3	5	NULL
real	GL	32	2	15	  -12.00	0	    8.00	0	0	  491.96	-3	7	NULL
real	BL	33	3	-15	   -4.00	0	    8.00	0	0	 1926.34	-6	5	NULL
real	CR	34	3	15	    4.00	1	   -8.00	0	0	 1533.04	-6	7	NULL
real	BR	35	3	-15	    4.00	1	   -8.00	0	0	  851.39	-6	5	NULL
real	FL	36	3	-15	  -16.00	0	    4.00	0	1	  488.59	-3	5	NULL
real	ER	37	3	-15	    4.00	1	   -8.00	0	0	  881.07	-3	7	NULL
real	DL	38	3	15	   -4.00	0	    8.00	0	0	  542.45	-6	5	NULL
real	HR	39	3	15	    4.00	1	   -8.00	0	0	  577.89	-3	5	NULL
real	AR	40	3	-15	    4.00	1	   -8.00	0	0	  576.07	-6	7	NULL
real	CL	41	3	15	   -4.00	0	    8.00	0	0	  600.30	-6	7	NULL
real	DR	42	3	15	    4.00	1	   -8.00	0	0	  523.43	-6	5	NULL
real	HL	43	3	15	   -4.00	0	    8.00	0	0	  608.30	-3	5	NULL
real	GL	44	3	15	   -4.00	0	    8.00	0	0	  495.77	-3	7	NULL
real	EL	45	3	-15	   -4.00	0	    8.00	0	0	  934.38	-3	7	NULL
real	AL	46	3	-15	   -4.00	0	    8.00	0	0	  800.27	-6	7	NULL
real	FR	47	3	-15	    4.00	1	   -8.00	0	0	  579.22	-3	5	NULL
real	GR	48	3	15	    4.00	1	   -8.00	0	0	  661.51	-3	7	NULL
real	AR	49	4	-15	   -4.00	0	    4.00	1	1	  569.81	-6	7	NULL
real	CL	50	4	15	    4.00	1	   -4.00	1	1	  778.00	-6	7	NULL
real	FL	51	4	-15	  -12.00	0	    4.00	0	1	 1522.59	-3	5	NULL
real	GL	52	4	15	    4.00	1	   -4.00	1	1	  625.39	-3	7	NULL
real	BL	53	4	-15	    4.00	1	   -4.00	1	1	  444.07	-6	5	NULL
real	DL	54	4	15	    4.00	1	   -4.00	1	1	  474.06	-6	5	NULL
real	HL	55	4	15	    4.00	1	   -4.00	1	1	  760.97	-3	5	NULL
real	GR	56	4	15	   -4.00	0	    4.00	1	1	  557.72	-3	7	NULL
real	EL	57	4	-15	    4.00	1	   -4.00	1	1	  867.94	-3	7	NULL
real	DR	58	4	15	   -4.00	0	    4.00	1	1	  533.26	-6	5	NULL
real	ER	59	4	-15	   -4.00	0	    4.00	1	1	  660.14	-3	7	NULL
real	FR	60	4	-15	   -4.00	0	    4.00	1	1	 1006.80	-3	5	NULL
real	BR	61	4	-15	   -4.00	0	    4.00	1	1	  602.41	-6	5	NULL
real	HR	62	4	15	   -4.00	0	    4.00	1	1	  553.91	-3	5	NULL
real	CR	63	4	15	   -4.00	0	    4.00	1	1	  469.71	-6	7	NULL
real	AL	64	4	-15	    4.00	1	   -4.00	1	1	  513.00	-6	7	NULL
real	HL	65	5	15	    0.00	1	   -4.00	0	1	 1303.36	-3	5	NULL
real	EL	66	5	-15	    0.00	1	   -4.00	0	1	 1395.03	-3	7	NULL
real	CR	67	5	15	    0.00	1	   -2.00	1	2	  894.45	-6	7	NULL
real	HR	68	5	15	    0.00	1	   -2.00	1	2	  904.33	-3	5	NULL
real	AR	69	5	-15	    0.00	1	   -2.00	1	2	  692.02	-6	7	NULL
real	GL	70	5	15	    0.00	1	   -4.00	0	1	  793.09	-3	7	NULL
real	GR	71	5	15	    0.00	1	   -2.00	1	2	  857.33	-3	7	NULL
real	ER	72	5	-15	    0.00	0	    4.00	0	1	  807.01	-3	7	NULL
real	AL	73	5	-15	    0.00	1	   -4.00	0	1	 1347.03	-6	7	NULL
real	DL	74	5	15	    0.00	1	   -4.00	0	1	 1027.78	-6	5	NULL
real	BR	75	5	-15	    0.00	1	   -2.00	1	2	  749.70	-6	5	NULL
real	BL	76	5	-15	    0.00	1	   -4.00	0	1	  902.19	-6	5	NULL
real	DR	77	5	15	    0.00	1	   -2.00	1	2	  765.60	-6	5	NULL
real	FR	78	5	-15	    0.00	1	   -2.00	1	2	  526.37	-3	5	NULL
real	CL	79	5	15	    0.00	1	   -4.00	0	1	  834.57	-6	7	NULL
real	FL	80	5	-15	   -8.00	0	    4.00	0	1	  694.06	-3	5	NULL
real	HL	81	6	15	   -4.00	0	    2.00	1	2	  595.36	-3	5	NULL
real	FL	82	6	-15	   -4.00	0	    4.00	0	1	  852.07	-3	5	NULL
real	AR	83	6	-15	   -2.00	0	    1.00	1	3	  843.08	-6	7	NULL
real	CR	84	6	15	   -2.00	1	   -2.00	0	2	  723.71	-6	7	NULL
real	DR	85	6	15	   -2.00	0	    1.00	1	3	 1276.89	-6	5	NULL
real	HR	86	6	15	   -2.00	1	   -2.00	0	2	 1107.35	-3	5	NULL
real	AL	87	6	-15	   -4.00	0	    2.00	1	2	  633.65	-6	7	NULL
real	ER	88	6	-15	    4.00	1	   -2.00	1	2	  662.56	-3	7	NULL
real	BR	89	6	-15	   -2.00	0	    1.00	1	3	  944.97	-6	5	NULL
real	GL	90	6	15	   -4.00	0	    2.00	1	2	 1097.63	-3	7	NULL
real	FR	91	6	-15	   -2.00	0	    1.00	1	3	 1467.65	-3	5	NULL
real	DL	92	6	15	   -4.00	0	    2.00	1	2	  552.74	-6	5	NULL
real	CL	93	6	15	   -4.00	0	    2.00	1	2	  501.55	-6	7	NULL
real	BL	94	6	-15	   -4.00	0	    2.00	1	2	  617.27	-6	5	NULL
real	GR	95	6	15	   -2.00	0	    1.00	1	3	  627.01	-3	7	NULL
real	EL	96	6	-15	   -4.00	0	    2.00	1	2	  946.69	-3	7	NULL
real	AR	97	7	-15	   -1.00	1	   -1.00	1	4	  617.64	-6	7	NULL
real	DL	98	7	15	   -2.00	0	    2.00	0	2	  995.19	-6	5	NULL
real	GR	99	7	15	   -1.00	0	    1.00	0	3	 1242.33	-3	7	NULL
real	BL	100	7	-15	   -2.00	1	   -1.00	1	3	  687.81	-6	5	NULL
real	EL	101	7	-15	   -2.00	1	   -1.00	1	3	  801.31	-3	7	NULL
real	DR	102	7	15	   -1.00	0	    1.00	0	3	  754.52	-6	5	NULL
real	ER	103	7	-15	    2.00	1	   -2.00	0	2	  699.47	-3	7	NULL
real	CL	104	7	15	   -2.00	0	    2.00	0	2	  515.87	-6	7	NULL
real	GL	105	7	15	   -2.00	0	    2.00	0	2	  696.00	-3	7	NULL
real	AL	106	7	-15	   -2.00	0	    2.00	0	2	  810.95	-6	7	NULL
real	FR	107	7	-15	   -1.00	1	   -1.00	1	4	  735.79	-3	5	NULL
real	BR	108	7	-15	   -1.00	0	    1.00	0	3	 1337.35	-6	5	NULL
real	HR	109	7	15	   -4.00	0	    1.00	1	3	  643.10	-3	5	NULL
real	FL	110	7	-15	    0.00	1	   -2.00	1	2	  621.53	-3	5	NULL
real	HL	111	7	15	   -2.00	0	    2.00	0	2	  613.93	-3	5	NULL
real	CR	112	7	15	   -4.00	0	    1.00	1	3	  615.54	-6	7	NULL
real	GL	113	8	15	    0.00	1	   -1.00	1	3	  906.02	-3	7	NULL
real	HL	114	8	15	    0.00	1	   -1.00	1	3	  926.22	-3	5	NULL
real	CL	115	8	15	    0.00	1	   -1.00	1	3	  724.21	-6	7	NULL
real	ER	116	8	-15	    0.00	1	   -2.00	0	2	  464.77	-3	7	NULL
real	FL	117	8	-15	   -2.00	1	   -2.00	0	2	 1000.87	-3	5	NULL
real	AR	118	8	-15	   -2.00	0	    1.00	1	5	 1115.38	-6	7	NULL
real	CR	119	8	15	   -3.00	0	    1.00	0	3	  509.07	-6	7	NULL
real	GR	120	8	15	    0.00	1	   -1.00	1	4	 1104.94	-3	7	NULL
real	DR	121	8	15	    0.00	1	   -1.00	1	4	  844.24	-6	5	NULL
real	AL	122	8	-15	    0.00	1	   -1.00	1	3	  833.37	-6	7	NULL
real	EL	123	8	-15	   -3.00	0	    1.00	1	4	  907.31	-3	7	NULL
real	FR	124	8	-15	   -2.00	1	   -1.00	0	4	 1391.79	-3	5	NULL
real	BR	125	8	-15	    0.00	1	   -1.00	1	4	  549.47	-6	5	NULL
real	HR	126	8	15	   -3.00	0	    1.00	0	3	  558.43	-3	5	NULL
real	BL	127	8	-15	   -3.00	0	    1.00	1	4	  482.87	-6	5	NULL
real	DL	128	8	15	    0.00	1	   -1.00	1	3	  835.93	-6	5	NULL
real	DR	129	9	15	   -1.00	0	    1.00	1	5	  923.32	-6	5	NULL
real	HR	130	9	15	   -2.00	0	    1.00	0	3	  555.15	-3	5	NULL
real	FL	131	9	-15	   -4.00	0	    1.00	1	3	  504.22	-3	5	NULL
real	AL	132	9	-15	   -1.00	1	   -1.00	0	3	  575.43	-6	7	NULL
real	BR	133	9	-15	   -1.00	1	   -1.00	0	4	  568.21	-6	5	NULL
real	EL	134	9	-15	   -2.00	0	    1.00	0	4	  463.53	-3	7	NULL
real	AR	135	9	-15	   -1.00	1	   -1.00	1	6	  500.68	-6	7	NULL
real	DL	136	9	15	   -1.00	1	   -1.00	0	3	 1038.47	-6	5	NULL
real	CL	137	9	15	   -1.00	1	   -1.00	0	3	  572.77	-6	7	NULL
real	FR	138	9	-15	   -3.00	0	    1.00	1	5	  953.51	-3	5	NULL
real	HL	139	9	15	   -1.00	0	    1.00	1	4	 1570.51	-3	5	NULL
real	GR	140	9	15	   -1.00	1	   -1.00	0	4	  847.29	-3	7	NULL
real	GL	141	9	15	   -1.00	0	    1.00	1	4	  841.17	-3	7	NULL
real	CR	142	9	15	   -2.00	0	    1.00	0	3	  903.98	-6	7	NULL
real	ER	143	9	-15	   -2.00	1	   -2.00	0	2	 1520.03	-3	7	NULL
real	BL	144	9	-15	   -2.00	0	    1.00	0	4	 1130.06	-6	5	NULL
real	DL	145	10	15	   -2.00	0	    1.00	1	4	  756.31	-6	5	NULL
real	DR	146	10	15	    0.00	1	   -1.00	1	6	  837.68	-6	5	NULL
real	HR	147	10	15	   -1.00	0	    1.00	0	3	 1098.74	-3	5	NULL
real	BR	148	10	-15	   -2.00	0	    1.00	1	5	 1417.72	-6	5	NULL
real	GL	149	10	15	    0.00	0	    1.00	0	4	  705.90	-3	7	NULL
real	CL	150	10	15	   -2.00	0	    1.00	1	4	  605.56	-6	7	NULL
real	GR	151	10	15	   -2.00	0	    1.00	1	5	  544.69	-3	7	NULL
real	ER	152	10	-15	   -4.00	0	    1.00	1	3	  652.05	-3	7	NULL
real	BL	153	10	-15	   -1.00	1	   -1.00	1	5	  862.43	-6	5	NULL
real	HL	154	10	15	    0.00	0	    1.00	0	4	  532.16	-3	5	NULL
real	FR	155	10	-15	   -2.00	0	    1.00	0	5	 1038.76	-3	5	NULL
real	AR	156	10	-15	   -2.00	0	    1.00	1	7	  716.93	-6	7	NULL
real	AL	157	10	-15	   -2.00	0	    1.00	1	4	  866.55	-6	7	NULL
real	EL	158	10	-15	   -1.00	1	   -1.00	1	5	 1498.76	-3	7	NULL
real	CR	159	10	15	   -1.00	1	   -1.00	1	4	 1726.41	-6	7	NULL
real	FL	160	10	-15	   -3.00	1	   -1.00	1	4	 1155.26	-3	5	NULL
real	CR	161	11	15	   -2.00	0	    1.00	1	5	  949.03	-6	7	NULL
real	FR	162	11	-15	   -1.00	1	   -1.00	1	6	  554.28	-3	5	NULL
real	GR	163	11	15	   -1.00	0	    1.00	0	5	  495.62	-3	7	NULL
real	BL	164	11	-15	   -2.00	1	   -1.00	0	5	  512.19	-6	5	NULL
real	CL	165	11	15	   -1.00	1	   -1.00	1	5	 1495.83	-6	7	NULL
real	AR	166	11	-15	   -1.00	0	    1.00	0	7	 1157.61	-6	7	NULL
real	DR	167	11	15	   -1.00	0	    1.00	1	7	  953.28	-6	5	NULL
real	DL	168	11	15	   -1.00	0	    1.00	0	4	  625.59	-6	5	NULL
real	FL	169	11	-15	   -4.00	0	    1.00	1	5	  730.58	-3	5	NULL
real	BR	170	11	-15	   -1.00	1	   -1.00	1	6	  925.55	-6	5	NULL
real	AL	171	11	-15	   -1.00	1	   -1.00	1	5	  967.66	-6	7	NULL
real	GL	172	11	15	    1.00	1	   -1.00	1	5	  723.97	-3	7	NULL
real	HR	173	11	15	    0.00	1	   -1.00	1	4	  748.16	-3	5	NULL
real	EL	174	11	-15	   -2.00	1	   -1.00	0	5	  725.99	-3	7	NULL
real	ER	175	11	-15	   -3.00	0	    1.00	0	3	  741.69	-3	7	NULL
real	HL	176	11	15	    1.00	1	   -1.00	1	5	  723.97	-3	5	NULL
real	CL	177	12	15	   -2.00	0	    1.00	1	6	  675.76	-6	7	NULL
real	BL	178	12	-15	   -3.00	0	    1.00	1	6	  944.30	-6	5	NULL
real	DL	179	12	15	    0.00	0	    1.00	0	4	 1121.83	-6	5	NULL
real	AL	180	12	-15	   -2.00	0	    1.00	1	6	  774.51	-6	7	NULL
real	HL	181	12	15	    0.00	1	   -1.00	0	5	  739.69	-3	5	NULL
real	AR	182	12	-15	    0.00	1	   -1.00	1	8	  528.29	-6	7	NULL
real	CR	183	12	15	   -1.00	0	    1.00	0	5	 1080.64	-6	7	NULL
real	DR	184	12	15	    0.00	1	   -1.00	1	8	 1185.59	-6	5	NULL
real	EL	185	12	-15	   -3.00	0	    1.00	1	6	 1136.42	-3	7	NULL
real	BR	186	12	-15	   -2.00	0	    1.00	1	7	  596.48	-6	5	NULL
real	FL	187	12	-15	   -3.00	0	    1.00	0	5	  479.41	-3	5	NULL
real	ER	188	12	-15	   -2.00	0	    1.00	0	3	 1232.68	-3	7	NULL
real	FR	189	12	-15	   -2.00	0	    1.00	1	7	  914.73	-3	5	NULL
real	GL	190	12	15	    0.00	1	   -1.00	0	5	  832.08	-3	7	NULL
real	GR	191	12	15	    0.00	1	   -1.00	1	6	  772.52	-3	7	NULL
real	HR	192	12	15	   -1.00	1	   -1.00	0	4	  644.12	-3	5	NULL
real	GL	193	13	15	   -1.00	1	   -1.00	0	5	 1845.32	-3	7	NULL
real	HR	194	13	15	   -2.00	0	    1.00	1	5	  671.93	-3	5	NULL
real	FL	195	13	-15	   -2.00	1	   -1.00	1	6	  640.04	-3	5	NULL
real	CR	196	13	15	    0.00	1	   -1.00	1	6	  571.17	-6	7	NULL
real	DL	197	13	15	    1.00	1	   -1.00	1	5	  674.03	-6	5	NULL
real	EL	198	13	-15	   -2.00	1	   -1.00	1	7	  787.19	-3	7	NULL
real	CL	199	13	15	   -1.00	0	    1.00	0	6	 1155.51	-6	7	NULL
real	ER	200	13	-15	   -1.00	1	   -1.00	1	4	  569.97	-3	7	NULL
real	FR	201	13	-15	   -1.00	1	   -1.00	1	8	  567.15	-3	5	NULL
real	GR	202	13	15	   -1.00	0	    1.00	1	7	  549.64	-3	7	NULL
real	AR	203	13	-15	   -1.00	1	   -1.00	0	8	  760.49	-6	7	NULL
real	AL	204	13	-15	   -1.00	1	   -1.00	1	7	  531.53	-6	7	NULL
real	BR	205	13	-15	   -1.00	1	   -1.00	1	8	  528.20	-6	5	NULL
real	BL	206	13	-15	   -2.00	0	    1.00	0	6	  696.17	-6	5	NULL
real	DR	207	13	15	   -1.00	0	    1.00	1	9	  471.78	-6	5	NULL
real	HL	208	13	15	   -1.00	0	    1.00	1	6	  709.55	-3	5	NULL
real	GL	209	14	15	   -2.00	0	    1.00	1	6	  590.45	-3	7	NULL
real	ER	210	14	-15	   -2.00	1	   -1.00	0	4	  687.18	-3	7	NULL
real	FL	211	14	-15	   -3.00	0	    1.00	1	7	  491.73	-3	5	NULL
real	CR	212	14	15	   -1.00	1	   -1.00	0	6	  732.72	-6	7	NULL
real	HL	213	14	15	    0.00	1	   -1.00	1	7	 1154.77	-3	5	NULL
real	DR	214	14	15	    0.00	1	   -1.00	1	10	  538.71	-6	5	NULL
real	GR	215	14	15	    0.00	1	   -1.00	1	8	  471.39	-3	7	NULL
real	DL	216	14	15	    0.00	1	   -1.00	0	5	  978.65	-6	5	NULL
real	AR	217	14	-15	   -2.00	0	    1.00	1	9	 1467.86	-6	7	NULL
real	HR	218	14	15	   -1.00	1	   -1.00	1	6	 1048.02	-3	5	NULL
real	BL	219	14	-15	   -1.00	1	   -1.00	1	7	  664.89	-6	5	NULL
real	BR	220	14	-15	   -2.00	0	    1.00	1	9	  867.46	-6	5	NULL
real	FR	221	14	-15	   -2.00	0	    1.00	1	9	  968.37	-3	5	NULL
real	CL	222	14	15	    0.00	1	   -1.00	1	7	  988.46	-6	7	NULL
real	AL	223	14	-15	   -2.00	1	   -1.00	0	7	 1360.54	-6	7	NULL
real	EL	224	14	-15	   -3.00	0	    1.00	1	8	  505.98	-3	7	NULL
real	AL	225	15	-15	   -3.00	0	    1.00	1	8	  564.61	-6	7	NULL
real	BR	226	15	-15	   -1.00	1	   -1.00	1	10	  575.63	-6	5	NULL
real	EL	227	15	-15	   -2.00	0	    1.00	0	8	  482.30	-3	7	NULL
real	GL	228	15	15	   -1.00	0	    1.00	0	6	  492.84	-3	7	NULL
real	FL	229	15	-15	   -2.00	1	   -1.00	1	8	  562.05	-3	5	NULL
real	HL	230	15	15	   -1.00	0	    1.00	1	8	  535.23	-3	5	NULL
real	FR	231	15	-15	   -1.00	1	   -1.00	1	10	  508.59	-3	5	NULL
real	AR	232	15	-15	   -1.00	1	   -1.00	1	10	  569.91	-6	7	NULL
real	DR	233	15	15	   -1.00	0	    1.00	1	11	  511.33	-6	5	NULL
real	ER	234	15	-15	   -3.00	0	    1.00	1	5	  763.13	-3	7	NULL
real	DL	235	15	15	   -1.00	0	    1.00	1	6	  694.11	-6	5	NULL
real	CR	236	15	15	   -2.00	0	    1.00	1	7	  508.67	-6	7	NULL
real	HR	237	15	15	   -2.00	0	    1.00	1	7	 1058.15	-3	5	NULL
real	CL	238	15	15	   -1.00	0	    1.00	1	8	  564.89	-6	7	NULL
real	GR	239	15	15	   -1.00	0	    1.00	1	9	  532.91	-3	7	NULL
real	BL	240	15	-15	   -2.00	0	    1.00	1	8	  877.16	-6	5	NULL
real	AR	241	16	-15	   -2.00	0	    1.00	1	11	  558.16	-6	7	NULL
real	ER	242	16	-15	   -2.00	0	    1.00	0	5	  598.20	-3	7	NULL
real	FR	243	16	-15	   -2.00	1	   -1.00	0	10	  628.80	-3	5	NULL
real	DR	244	16	15	    0.00	1	   -1.00	1	12	  703.83	-6	5	NULL
real	CR	245	16	15	   -1.00	0	    1.00	0	7	  550.44	-6	7	NULL
real	GL	246	16	15	    0.00	0	    1.00	0	6	  487.31	-3	7	NULL
real	HR	247	16	15	   -1.00	0	    1.00	0	7	  608.73	-3	5	NULL
real	GR	248	16	15	    0.00	1	   -1.00	1	10	  474.57	-3	7	NULL
real	BR	249	16	-15	   -2.00	1	   -1.00	0	10	  604.16	-6	5	NULL
real	CL	250	16	15	    0.00	0	    1.00	0	8	  982.26	-6	7	NULL
real	AL	251	16	-15	   -2.00	0	    1.00	0	8	 1085.96	-6	7	NULL
real	BL	252	16	-15	   -1.00	1	   -1.00	1	9	 1306.54	-6	5	NULL
real	FL	253	16	-15	   -3.00	0	    1.00	1	9	  822.52	-3	5	NULL
real	EL	254	16	-15	   -1.00	1	   -1.00	1	9	  677.51	-3	7	NULL
real	DL	255	16	15	    0.00	0	    1.00	0	6	 1673.14	-6	5	NULL
real	HL	256	16	15	    0.00	0	    1.00	0	8	  682.69	-3	5	NULL
real	CL	257	17	15	    1.00	1	   -1.00	1	9	  930.87	-6	7	NULL
real	HR	258	17	15	    0.00	0	    1.00	0	7	 1110.86	-3	5	NULL
real	AR	259	17	-15	   -1.00	1	   -1.00	1	12	  718.13	-6	7	NULL
real	GL	260	17	15	    1.00	1	   -1.00	1	7	  821.92	-3	7	NULL
real	CR	261	17	15	    0.00	1	   -1.00	1	8	  599.50	-6	7	NULL
real	BL	262	17	-15	   -2.00	0	    1.00	1	10	  629.25	-6	5	NULL
real	EL	263	17	-15	   -2.00	0	    1.00	1	10	 2071.40	-3	7	NULL
real	BR	264	17	-15	   -3.00	0	    1.00	1	11	  489.66	-6	5	NULL
real	FL	265	17	-15	   -2.00	0	    1.00	0	9	  744.38	-3	5	NULL
real	GR	266	17	15	   -1.00	0	    1.00	1	11	  639.40	-3	7	NULL
real	FR	267	17	-15	   -3.00	0	    1.00	1	11	 1028.69	-3	5	NULL
real	ER	268	17	-15	   -1.00	1	   -1.00	1	6	  642.24	-3	7	NULL
real	HL	269	17	15	    1.00	1	   -1.00	1	9	  689.58	-3	5	NULL
real	DL	270	17	15	    1.00	1	   -1.00	1	7	  951.86	-6	5	NULL
real	AL	271	17	-15	   -1.00	1	   -1.00	1	9	  600.74	-6	7	NULL
real	HR	272	18	15	    1.00	1	   -1.00	1	8	  731.83	-3	5	NULL
real	GR	273	18	15	    0.00	1	   -1.00	1	12	  955.86	-3	7	NULL
real	FL	274	18	-15	   -1.00	1	   -1.00	1	10	  564.75	-3	5	NULL
real	ER	275	18	-15	   -2.00	0	    1.00	1	7	  758.75	-3	7	NULL
real	BR	276	18	-15	   -2.00	0	    1.00	0	11	  669.46	-6	5	NULL
real	GL	277	18	15	    0.00	0	    1.00	1	8	  445.65	-3	7	NULL
real	BL	278	18	-15	   -1.00	1	   -1.00	1	11	  575.00	-6	5	NULL
real	AL	279	18	-15	   -2.00	0	    1.00	1	10	  773.12	-6	7	NULL
real	CR	280	18	15	   -1.00	0	    1.00	1	9	  504.54	-6	7	NULL
real	EL	281	18	-15	   -1.00	1	   -1.00	1	11	  899.11	-3	7	NULL
real	CL	282	18	15	    0.00	1	   -1.00	0	9	  809.91	-6	7	NULL
real	FR	283	18	-15	   -2.00	1	   -1.00	1	12	 1002.88	-3	5	NULL
real	DL	284	18	15	    0.00	1	   -1.00	0	7	 1117.78	-6	5	NULL
real	HL	285	18	15	    0.00	0	    1.00	1	10	  847.05	-3	5	NULL
real	CL	286	19	15	   -1.00	0	    1.00	1	10	  619.46	-6	7	NULL
real	DL	287	19	15	   -1.00	0	    1.00	1	8	  651.54	-6	5	NULL
real	EL	288	19	-15	   -2.00	1	   -1.00	0	11	  685.63	-3	7	NULL
real	CR	289	19	15	    0.00	1	   -1.00	1	10	  734.73	-6	7	NULL
real	FL	290	19	-15	   -2.00	1	   -1.00	0	10	  612.76	-3	5	NULL
real	HR	291	19	15	    0.00	0	    1.00	1	9	  519.90	-3	5	NULL
real	BR	292	19	-15	   -1.00	1	   -1.00	1	12	  595.82	-6	5	NULL
real	GL	293	19	15	    1.00	0	    1.00	0	8	  912.02	-3	7	NULL
real	AL	294	19	-15	   -1.00	1	   -1.00	1	11	  598.77	-6	7	NULL
real	HL	295	19	15	    1.00	0	    1.00	0	10	  852.90	-3	5	NULL
real	BL	296	19	-15	   -2.00	0	    1.00	1	12	  583.81	-6	5	NULL
real	ER	297	19	-15	   -1.00	0	    1.00	0	7	 1320.95	-3	7	NULL
real	ER	298	20	-15	    0.00	1	   -1.00	1	8	  769.23	-3	7	NULL
real	CR	299	20	15	   -1.00	0	    1.00	1	11	  610.96	-6	7	NULL
real	HR	300	20	15	    1.00	1	   -1.00	1	10	  466.10	-3	5	NULL
real	FL	301	20	-15	   -3.00	0	    1.00	1	11	  378.06	-3	5	NULL
real	DL	302	20	15	    0.00	0	    1.00	0	8	  800.16	-6	5	NULL
real	GL	303	20	15	    2.00	1	   -1.00	1	9	  431.20	-3	7	NULL
real	CL	304	20	15	    0.00	0	    1.00	0	10	  693.35	-6	7	NULL
real	EL	305	20	-15	   -3.00	0	    1.00	1	12	  487.39	-3	7	NULL
real	HL	306	20	15	    2.00	1	   -1.00	1	11	  564.24	-3	5	NULL
real	AL	307	20	-15	   -2.00	0	    1.00	1	12	  539.63	-6	7	NULL
real	DL	308	21	15	    1.00	1	   -1.00	1	9	  580.43	-6	5	NULL
real	HR	309	21	15	    0.00	0	    1.00	1	11	  629.83	-3	5	NULL
real	HL	310	21	15	    1.00	1	   -1.00	0	11	  563.88	-3	5	NULL
real	ER	311	21	-15	   -1.00	1	   -1.00	0	8	  536.32	-3	7	NULL
real	FL	312	21	-15	   -2.00	1	   -1.00	1	12	  581.15	-3	5	NULL
real	CL	313	21	15	    1.00	1	   -1.00	1	11	  524.35	-6	7	NULL
real	CR	314	21	15	    0.00	0	    1.00	0	11	  528.88	-6	7	NULL
real	GL	315	21	15	    1.00	1	   -1.00	0	9	  591.25	-3	7	NULL
real	HR	316	22	15	    1.00	1	   -1.00	1	12	  754.06	-3	5	NULL
real	HL	317	22	15	    0.00	1	   -1.00	0	11	 1098.13	-3	5	NULL
real	GL	318	22	15	    0.00	1	   -1.00	0	9	  669.40	-3	7	NULL
real	CR	319	22	15	    1.00	1	   -1.00	1	12	 1103.98	-6	7	NULL
real	CL	320	22	15	    0.00	0	    1.00	1	12	 1297.70	-6	7	NULL
real	ER	321	22	-15	   -2.00	1	   -1.00	0	8	 1387.78	-3	7	NULL
real	DL	322	22	15	    0.00	1	   -1.00	0	9	 1649.49	-6	5	NULL
real	HL	323	23	15	   -1.00	0	    1.00	1	12	  573.20	-3	5	NULL
real	DL	324	23	15	   -1.00	0	    1.00	1	10	 1137.11	-6	5	NULL
real	ER	325	23	-15	   -3.00	0	    1.00	1	9	 1031.19	-3	7	NULL
real	GL	326	23	15	   -1.00	0	    1.00	1	10	  679.53	-3	7	NULL
real	ER	327	24	-15	   -2.00	1	   -1.00	1	10	  938.88	-3	7	NULL
real	DL	328	24	15	    0.00	1	   -1.00	1	11	  783.99	-6	5	NULL
real	GL	329	24	15	    0.00	1	   -1.00	1	11	  506.56	-3	7	NULL
real	DL	330	25	15	   -1.00	0	    1.00	1	12	  875.72	-6	5	NULL
real	GL	331	25	15	   -1.00	0	    1.00	1	12	  580.07	-3	7	NULL
real	ER	332	25	-15	   -3.00	0	    1.00	1	11	 1153.41	-3	7	NULL
real	ER	333	26	-15	   -2.00	0	    1.00	0	11	 1030.89	-3	7	NULL
real	ER	334	27	-15	   -1.00	1	   -1.00	1	12	  611.78	-3	7	NULL
