TRIAL_TYPE	trial_variant	TRIAL_NUMBER	TRIAL_ITERATION_VAL	frame_tilt	rod_tilt	response	step_size	reversal	reversal_num	RT	probe_del	alpha_entrain_refreshes	rod_tilt_val
real	AR	1	1	-15	   20.00	1	   -8.00	0	0	 1954.17	-6	7	NULL
real	DR	2	1	15	   20.00	1	   -8.00	0	0	 1268.04	-6	5	NULL
real	BR	3	1	-15	   20.00	1	   -8.00	0	0	  902.13	-6	5	NULL
real	CL	4	1	15	  -20.00	0	    8.00	0	0	  800.18	-6	7	NULL
real	ER	5	1	-15	   20.00	1	   -8.00	0	0	  583.13	-3	7	NULL
real	BL	6	1	-15	  -20.00	0	    8.00	0	0	  695.84	-6	5	NULL
real	FR	7	1	-15	   20.00	1	   -8.00	0	0	  488.60	-3	5	NULL
real	HL	8	1	15	  -20.00	0	    8.00	0	0	  617.04	-3	5	NULL
real	HR	9	1	15	   20.00	1	   -8.00	0	0	  707.20	-3	5	NULL
real	FL	10	1	-15	  -20.00	0	    8.00	0	0	  631.66	-3	5	NULL
real	DL	11	1	15	  -20.00	0	    8.00	0	0	  545.30	-6	5	NULL
real	AL	12	1	-15	  -20.00	0	    8.00	0	0	  565.17	-6	7	NULL
real	CR	13	1	15	   20.00	1	   -8.00	0	0	  440.78	-6	7	NULL
real	EL	14	1	-15	  -20.00	0	    8.00	0	0	  564.19	-3	7	NULL
real	GR	15	1	15	   20.00	1	   -8.00	0	0	  464.00	-3	7	NULL
real	GL	16	1	15	  -20.00	0	    8.00	0	0	  575.07	-3	7	NULL
real	DR	17	2	15	   12.00	1	   -8.00	0	0	  568.80	-6	5	NULL
real	HR	18	2	15	   12.00	1	   -8.00	0	0	  583.78	-3	5	NULL
real	BL	19	2	-15	  -12.00	0	    8.00	0	0	  461.30	-6	5	NULL
real	BR	20	2	-15	   12.00	1	   -8.00	0	0	  439.00	-6	5	NULL
real	GL	21	2	15	  -12.00	0	    8.00	0	0	  436.50	-3	7	NULL
real	ER	22	2	-15	   12.00	1	   -8.00	0	0	  371.84	-3	7	NULL
real	HL	23	2	15	  -12.00	0	    8.00	0	0	  552.71	-3	5	NULL
real	GR	24	2	15	   12.00	1	   -8.00	0	0	  440.28	-3	7	NULL
real	EL	25	2	-15	  -12.00	0	    8.00	0	0	  377.26	-3	7	NULL
real	CL	26	2	15	  -12.00	0	    8.00	0	0	  421.88	-6	7	NULL
real	AR	27	2	-15	   12.00	1	   -8.00	0	0	  423.30	-6	7	NULL
real	FR	28	2	-15	   12.00	1	   -8.00	0	0	  468.26	-3	5	NULL
real	FL	29	2	-15	  -12.00	0	    8.00	0	0	  485.74	-3	5	NULL
real	AL	30	2	-15	  -12.00	0	    8.00	0	0	  513.47	-6	7	NULL
real	DL	31	2	15	  -12.00	0	    8.00	0	0	  464.64	-6	5	NULL
real	CR	32	2	15	   12.00	1	   -8.00	0	0	  569.26	-6	7	NULL
real	DL	33	3	15	   -4.00	0	    8.00	0	0	  503.28	-6	5	NULL
real	BL	34	3	-15	   -4.00	0	    8.00	0	0	  447.29	-6	5	NULL
real	FL	35	3	-15	   -4.00	0	    8.00	0	0	 2819.10	-3	5	NULL
real	ER	36	3	-15	    4.00	1	   -8.00	0	0	  599.68	-3	7	NULL
real	AL	37	3	-15	   -4.00	0	    8.00	0	0	  569.71	-6	7	NULL
real	EL	38	3	-15	   -4.00	1	   -4.00	1	1	 1750.15	-3	7	NULL
real	FR	39	3	-15	    4.00	1	   -8.00	0	0	  657.07	-3	5	NULL
real	BR	40	3	-15	    4.00	1	   -8.00	0	0	  454.38	-6	5	NULL
real	HL	41	3	15	   -4.00	0	    8.00	0	0	  470.71	-3	5	NULL
real	GL	42	3	15	   -4.00	0	    8.00	0	0	  560.46	-3	7	NULL
real	CR	43	3	15	    4.00	1	   -8.00	0	0	  486.96	-6	7	NULL
real	AR	44	3	-15	    4.00	1	   -8.00	0	0	  520.70	-6	7	NULL
real	DR	45	3	15	    4.00	1	   -8.00	0	0	  476.85	-6	5	NULL
real	HR	46	3	15	    4.00	0	    4.00	1	1	 1448.33	-3	5	NULL
real	CL	47	3	15	   -4.00	0	    8.00	0	0	  570.96	-6	7	NULL
real	GR	48	3	15	    4.00	0	    4.00	1	1	  882.57	-3	7	NULL
real	DL	49	4	15	    4.00	1	   -4.00	1	1	  786.20	-6	5	NULL
real	BL	50	4	-15	    4.00	1	   -4.00	1	1	  553.36	-6	5	NULL
real	CR	51	4	15	   -4.00	0	    4.00	1	1	  548.22	-6	7	NULL
real	EL	52	4	-15	   -8.00	0	    2.00	1	2	  505.88	-3	7	NULL
real	BR	53	4	-15	   -4.00	0	    4.00	1	1	  490.05	-6	5	NULL
real	FR	54	4	-15	   -4.00	1	   -8.00	0	0	  874.08	-3	5	NULL
real	HL	55	4	15	    4.00	1	   -4.00	1	1	  623.47	-3	5	NULL
real	ER	56	4	-15	   -4.00	0	    4.00	1	1	  842.64	-3	7	NULL
real	DR	57	4	15	   -4.00	0	    4.00	1	1	  522.68	-6	5	NULL
real	GL	58	4	15	    4.00	0	    8.00	0	0	 1895.25	-3	7	NULL
real	AL	59	4	-15	    4.00	1	   -4.00	1	1	  461.13	-6	7	NULL
real	FL	60	4	-15	    4.00	1	   -4.00	1	1	  506.29	-3	5	NULL
real	CL	61	4	15	    4.00	1	   -4.00	1	1	  619.19	-6	7	NULL
real	HR	62	4	15	    8.00	1	   -2.00	1	2	  634.34	-3	5	NULL
real	GR	63	4	15	    8.00	1	   -2.00	1	2	  440.96	-3	7	NULL
real	AR	64	4	-15	   -4.00	0	    4.00	1	1	  609.15	-6	7	NULL
real	FR	65	5	-15	  -12.00	0	    4.00	1	1	  495.09	-3	5	NULL
real	ER	66	5	-15	    0.00	1	   -2.00	1	2	  703.20	-3	7	NULL
real	CL	67	5	15	    0.00	0	    2.00	1	2	  597.39	-6	7	NULL
real	CR	68	5	15	    0.00	0	    4.00	0	1	  549.96	-6	7	NULL
real	FL	69	5	-15	    0.00	0	    2.00	1	2	  469.08	-3	5	NULL
real	DR	70	5	15	    0.00	0	    4.00	0	1	 1211.22	-6	5	NULL
real	EL	71	5	-15	   -6.00	0	    2.00	0	2	  638.60	-3	7	NULL
real	GL	72	5	15	   12.00	1	   -4.00	1	1	  450.10	-3	7	NULL
real	BR	73	5	-15	    0.00	0	    4.00	0	1	  694.38	-6	5	NULL
real	AR	74	5	-15	    0.00	1	   -2.00	1	2	  763.86	-6	7	NULL
real	GR	75	5	15	    6.00	1	   -2.00	0	2	  773.80	-3	7	NULL
real	BL	76	5	-15	    0.00	0	    2.00	1	2	  544.84	-6	5	NULL
real	HR	77	5	15	    6.00	1	   -2.00	0	2	  454.12	-3	5	NULL
real	AL	78	5	-15	    0.00	0	    2.00	1	2	  529.03	-6	7	NULL
real	HL	79	5	15	    0.00	0	    2.00	1	2	  574.26	-3	5	NULL
real	DL	80	5	15	    0.00	0	    2.00	1	2	  558.90	-6	5	NULL
real	DL	81	6	15	    2.00	0	    2.00	0	2	  727.61	-6	5	NULL
real	HL	82	6	15	    2.00	0	    2.00	0	2	  566.30	-3	5	NULL
real	EL	83	6	-15	   -4.00	0	    2.00	0	2	  493.06	-3	7	NULL
real	FL	84	6	-15	    2.00	1	   -1.00	1	3	  540.95	-3	5	NULL
real	BR	85	6	-15	    4.00	1	   -2.00	1	2	  469.67	-6	5	NULL
real	HR	86	6	15	    4.00	0	    1.00	1	3	  556.47	-3	5	NULL
real	FR	87	6	-15	   -8.00	0	    4.00	0	1	  414.57	-3	5	NULL
real	DR	88	6	15	    4.00	1	   -2.00	1	2	  548.54	-6	5	NULL
real	AL	89	6	-15	    2.00	1	   -1.00	1	3	  504.72	-6	7	NULL
real	CL	90	6	15	    2.00	0	    2.00	0	2	  632.57	-6	7	NULL
real	AR	91	6	-15	   -2.00	0	    1.00	1	3	  494.98	-6	7	NULL
real	GL	92	6	15	    8.00	1	   -4.00	0	1	  508.28	-3	7	NULL
real	GR	93	6	15	    4.00	0	    1.00	1	3	  820.19	-3	7	NULL
real	ER	94	6	-15	   -2.00	1	   -2.00	0	2	 1402.17	-3	7	NULL
real	CR	95	6	15	    4.00	1	   -2.00	1	2	  776.98	-6	7	NULL
real	BL	96	6	-15	    2.00	1	   -1.00	1	3	  781.55	-6	5	NULL
real	GL	97	7	15	    4.00	0	    2.00	1	2	  711.62	-3	7	NULL
real	DL	98	7	15	    4.00	1	   -1.00	1	3	  956.67	-6	5	NULL
real	ER	99	7	-15	   -4.00	0	    1.00	1	3	  518.97	-3	7	NULL
real	DR	100	7	15	    2.00	0	    1.00	1	3	  727.49	-6	5	NULL
real	CR	101	7	15	    2.00	0	    1.00	1	3	  627.80	-6	7	NULL
real	HR	102	7	15	    5.00	1	   -1.00	1	4	  694.27	-3	5	NULL
real	AL	103	7	-15	    1.00	1	   -1.00	0	3	  816.59	-6	7	NULL
real	HL	104	7	15	    4.00	0	    2.00	0	2	  910.04	-3	5	NULL
real	GR	105	7	15	    5.00	1	   -1.00	1	4	  484.03	-3	7	NULL
real	BR	106	7	-15	    2.00	1	   -2.00	0	2	  639.55	-6	5	NULL
real	EL	107	7	-15	   -2.00	1	   -1.00	1	3	  828.81	-3	7	NULL
real	CL	108	7	15	    4.00	0	    2.00	0	2	  949.72	-6	7	NULL
real	BL	109	7	-15	    1.00	1	   -1.00	0	3	  724.20	-6	5	NULL
real	FL	110	7	-15	    1.00	1	   -1.00	0	3	  714.26	-3	5	NULL
real	AR	111	7	-15	   -1.00	0	    1.00	0	3	  546.44	-6	7	NULL
real	FR	112	7	-15	   -4.00	0	    4.00	0	1	  495.13	-3	5	NULL
real	HL	113	8	15	    6.00	1	   -1.00	1	3	  450.24	-3	5	NULL
real	DL	114	8	15	    3.00	0	    1.00	1	4	  529.08	-6	5	NULL
real	CR	115	8	15	    3.00	0	    1.00	0	3	  862.29	-6	7	NULL
real	DR	116	8	15	    3.00	0	    1.00	0	3	  918.64	-6	5	NULL
real	BR	117	8	-15	    0.00	1	   -2.00	0	2	 3301.96	-6	5	NULL
real	HR	118	8	15	    4.00	1	   -1.00	0	4	  761.56	-3	5	NULL
real	ER	119	8	-15	   -3.00	0	    1.00	0	3	  619.06	-3	7	NULL
real	FL	120	8	-15	    0.00	1	   -1.00	0	3	  478.76	-3	5	NULL
real	GL	121	8	15	    6.00	1	   -1.00	1	3	  528.08	-3	7	NULL
real	BL	122	8	-15	    0.00	1	   -1.00	0	3	  725.15	-6	5	NULL
real	FR	123	8	-15	    0.00	1	   -2.00	1	2	  537.53	-3	5	NULL
real	CL	124	8	15	    6.00	1	   -1.00	1	3	  422.74	-6	7	NULL
real	AL	125	8	-15	    0.00	0	    1.00	1	4	  492.00	-6	7	NULL
real	EL	126	8	-15	   -3.00	0	    1.00	1	4	  528.62	-3	7	NULL
real	GR	127	8	15	    4.00	1	   -1.00	0	4	  461.08	-3	7	NULL
real	AR	128	8	-15	    0.00	1	   -1.00	1	4	  683.60	-6	7	NULL
real	FR	129	9	-15	   -2.00	0	    1.00	1	3	  609.60	-3	5	NULL
real	GR	130	9	15	    3.00	0	    1.00	1	5	  625.14	-3	7	NULL
real	BL	131	9	-15	   -1.00	1	   -1.00	0	3	 1265.44	-6	5	NULL
real	HR	132	9	15	    3.00	0	    1.00	1	5	  695.56	-3	5	NULL
real	CR	133	9	15	    4.00	1	   -1.00	1	4	  542.55	-6	7	NULL
real	EL	134	9	-15	   -2.00	0	    1.00	0	4	  818.91	-3	7	NULL
real	DR	135	9	15	    4.00	1	   -1.00	1	4	  578.42	-6	5	NULL
real	DL	136	9	15	    4.00	1	   -1.00	1	5	  557.76	-6	5	NULL
real	AL	137	9	-15	    1.00	1	   -1.00	1	5	  657.72	-6	7	NULL
real	CL	138	9	15	    5.00	1	   -1.00	0	3	  467.83	-6	7	NULL
real	FL	139	9	-15	   -1.00	1	   -1.00	0	3	  676.58	-3	5	NULL
real	BR	140	9	-15	   -2.00	0	    1.00	1	3	  428.89	-6	5	NULL
real	HL	141	9	15	    5.00	1	   -1.00	0	3	  466.76	-3	5	NULL
real	GL	142	9	15	    5.00	1	   -1.00	0	3	  500.25	-3	7	NULL
real	AR	143	9	-15	   -1.00	0	    1.00	1	5	  428.74	-6	7	NULL
real	ER	144	9	-15	   -2.00	0	    1.00	0	3	  993.54	-3	7	NULL
real	AL	145	10	-15	    0.00	1	   -1.00	0	5	  637.98	-6	7	NULL
real	GL	146	10	15	    4.00	1	   -1.00	0	3	  789.69	-3	7	NULL
real	AR	147	10	-15	    0.00	1	   -1.00	1	6	  744.50	-6	7	NULL
real	GR	148	10	15	    4.00	1	   -1.00	1	6	  469.00	-3	7	NULL
real	CL	149	10	15	    4.00	1	   -1.00	0	3	  458.34	-6	7	NULL
real	FL	150	10	-15	   -2.00	1	   -1.00	0	3	 1090.57	-3	5	NULL
real	ER	151	10	-15	   -1.00	1	   -1.00	1	4	  545.16	-3	7	NULL
real	CR	152	10	15	    3.00	1	   -1.00	0	4	  483.89	-6	7	NULL
real	FR	153	10	-15	   -1.00	1	   -1.00	1	4	  728.13	-3	5	NULL
real	BR	154	10	-15	   -1.00	0	    1.00	0	3	  507.85	-6	5	NULL
real	HR	155	10	15	    4.00	0	    1.00	0	5	 1359.16	-3	5	NULL
real	DL	156	10	15	    3.00	1	   -1.00	0	5	  525.17	-6	5	NULL
real	HL	157	10	15	    4.00	0	    1.00	1	4	  786.45	-3	5	NULL
real	EL	158	10	-15	   -1.00	1	   -1.00	1	5	  638.30	-3	7	NULL
real	DR	159	10	15	    3.00	1	   -1.00	0	4	  471.39	-6	5	NULL
real	BL	160	10	-15	   -2.00	0	    1.00	1	4	  524.03	-6	5	NULL
real	CR	161	11	15	    2.00	0	    1.00	1	5	  712.32	-6	7	NULL
real	DR	162	11	15	    2.00	0	    1.00	1	5	  912.75	-6	5	NULL
real	BR	163	11	-15	    0.00	0	    1.00	0	3	  901.73	-6	5	NULL
real	AL	164	11	-15	   -1.00	0	    1.00	1	6	  513.64	-6	7	NULL
real	AR	165	11	-15	   -1.00	0	    1.00	1	7	  562.31	-6	7	NULL
real	HL	166	11	15	    5.00	0	    1.00	0	4	 1883.12	-3	5	NULL
real	GL	167	11	15	    3.00	0	    1.00	1	4	  580.86	-3	7	NULL
real	GR	168	11	15	    3.00	0	    1.00	1	7	  555.26	-3	7	NULL
real	FL	169	11	-15	   -3.00	0	    1.00	1	4	  564.65	-3	5	NULL
real	BL	170	11	-15	   -1.00	0	    1.00	0	4	  529.52	-6	5	NULL
real	ER	171	11	-15	   -2.00	1	   -1.00	0	4	  541.13	-3	7	NULL
real	EL	172	11	-15	   -2.00	0	    1.00	1	6	  472.45	-3	7	NULL
real	DL	173	11	15	    2.00	0	    1.00	1	6	  784.60	-6	5	NULL
real	CL	174	11	15	    3.00	1	   -1.00	0	3	  611.64	-6	7	NULL
real	HR	175	11	15	    5.00	1	   -1.00	1	6	  481.46	-3	5	NULL
real	FR	176	11	-15	   -2.00	0	    1.00	1	5	  750.15	-3	5	NULL
real	CL	177	12	15	    2.00	0	    1.00	1	4	  707.04	-6	7	NULL
real	DR	178	12	15	    3.00	1	   -1.00	1	6	  457.99	-6	5	NULL
real	FR	179	12	-15	   -1.00	1	   -1.00	1	6	  698.55	-3	5	NULL
real	ER	180	12	-15	   -3.00	1	   -1.00	0	4	  674.39	-3	7	NULL
real	BL	181	12	-15	    0.00	1	   -1.00	1	5	  635.73	-6	5	NULL
real	FL	182	12	-15	   -2.00	0	    1.00	0	4	  465.43	-3	5	NULL
real	CR	183	12	15	    3.00	1	   -1.00	1	6	  483.31	-6	7	NULL
real	EL	184	12	-15	   -1.00	1	   -1.00	1	7	  657.91	-3	7	NULL
real	GR	185	12	15	    4.00	1	   -1.00	1	8	  507.99	-3	7	NULL
real	BR	186	12	-15	    1.00	1	   -1.00	1	4	  598.30	-6	5	NULL
real	HR	187	12	15	    4.00	1	   -1.00	0	6	  986.87	-3	5	NULL
real	HL	188	12	15	    6.00	1	   -1.00	1	5	  445.02	-3	5	NULL
real	GL	189	12	15	    4.00	0	    1.00	0	4	  574.75	-3	7	NULL
real	AL	190	12	-15	    0.00	1	   -1.00	1	7	  623.23	-6	7	NULL
real	DL	191	12	15	    3.00	1	   -1.00	1	7	  788.84	-6	5	NULL
real	AR	192	12	-15	    0.00	1	   -1.00	1	8	  649.16	-6	7	NULL
real	BL	193	13	-15	   -1.00	0	    1.00	1	6	  544.18	-6	5	NULL
real	ER	194	13	-15	   -4.00	0	    1.00	1	5	  458.77	-3	7	NULL
real	HL	195	13	15	    5.00	1	   -1.00	0	5	  417.62	-3	5	NULL
real	GL	196	13	15	    5.00	1	   -1.00	1	5	  417.30	-3	7	NULL
real	EL	197	13	-15	   -2.00	1	   -1.00	0	7	  722.71	-3	7	NULL
real	CR	198	13	15	    2.00	0	    1.00	1	7	  909.27	-6	7	NULL
real	HR	199	13	15	    3.00	1	   -1.00	0	6	  431.21	-3	5	NULL
real	GR	200	13	15	    3.00	0	    1.00	1	9	  550.66	-3	7	NULL
real	BR	201	13	-15	    0.00	1	   -1.00	0	4	  609.30	-6	5	NULL
real	FL	202	13	-15	   -1.00	1	   -1.00	1	5	  858.13	-3	5	NULL
real	AL	203	13	-15	   -1.00	1	   -1.00	0	7	  579.03	-6	7	NULL
real	FR	204	13	-15	   -2.00	1	   -1.00	0	6	 1227.86	-3	5	NULL
real	DL	205	13	15	    2.00	1	   -1.00	0	7	  482.12	-6	5	NULL
real	CL	206	13	15	    3.00	1	   -1.00	1	5	  422.40	-6	7	NULL
real	AR	207	13	-15	   -1.00	0	    1.00	1	9	 1164.22	-6	7	NULL
real	DR	208	13	15	    2.00	1	   -1.00	0	6	  404.38	-6	5	NULL
real	CR	209	14	15	    3.00	1	   -1.00	1	8	  441.76	-6	7	NULL
real	FL	210	14	-15	   -2.00	0	    1.00	1	6	  503.53	-3	5	NULL
real	AR	211	14	-15	    0.00	1	   -1.00	1	10	  608.87	-6	7	NULL
real	HR	212	14	15	    2.00	0	    1.00	1	7	  620.50	-3	5	NULL
real	DR	213	14	15	    1.00	0	    1.00	1	7	  753.33	-6	5	NULL
real	BR	214	14	-15	   -1.00	0	    1.00	1	5	  505.86	-6	5	NULL
real	GR	215	14	15	    4.00	1	   -1.00	1	10	  555.52	-3	7	NULL
real	HL	216	14	15	    4.00	1	   -1.00	0	5	  473.55	-3	5	NULL
real	CL	217	14	15	    2.00	1	   -1.00	0	5	 1030.83	-6	7	NULL
real	AL	218	14	-15	   -2.00	0	    1.00	1	8	  573.75	-6	7	NULL
real	DL	219	14	15	    1.00	0	    1.00	1	8	  697.65	-6	5	NULL
real	BL	220	14	-15	    0.00	1	   -1.00	1	7	  788.38	-6	5	NULL
real	EL	221	14	-15	   -3.00	0	    1.00	1	8	  420.78	-3	7	NULL
real	FR	222	14	-15	   -3.00	0	    1.00	1	7	  598.54	-3	5	NULL
real	GL	223	14	15	    4.00	1	   -1.00	0	5	  770.09	-3	7	NULL
real	ER	224	14	-15	   -3.00	0	    1.00	0	5	  589.37	-3	7	NULL
real	CL	225	15	15	    1.00	0	    1.00	1	6	  716.96	-6	7	NULL
real	HR	226	15	15	    3.00	1	   -1.00	1	8	  457.06	-3	5	NULL
real	BR	227	15	-15	    0.00	1	   -1.00	1	6	  999.47	-6	5	NULL
real	GL	228	15	15	    3.00	1	   -1.00	0	5	  717.97	-3	7	NULL
real	ER	229	15	-15	   -2.00	1	   -1.00	1	6	 1404.68	-3	7	NULL
real	DL	230	15	15	    2.00	1	   -1.00	1	9	  505.63	-6	5	NULL
real	EL	231	15	-15	   -2.00	0	    1.00	0	8	  494.27	-3	7	NULL
real	GR	232	15	15	    3.00	1	   -1.00	0	10	  492.83	-3	7	NULL
real	CR	233	15	15	    2.00	1	   -1.00	0	8	  526.35	-6	7	NULL
real	AR	234	15	-15	   -1.00	0	    1.00	1	11	  534.64	-6	7	NULL
real	FL	235	15	-15	   -1.00	1	   -1.00	1	7	  824.54	-3	5	NULL
real	HL	236	15	15	    3.00	0	    1.00	1	6	  785.95	-3	5	NULL
real	BL	237	15	-15	   -1.00	0	    1.00	1	8	  581.89	-6	5	NULL
real	AL	238	15	-15	   -1.00	1	   -1.00	1	9	  681.97	-6	7	NULL
real	DR	239	15	15	    2.00	1	   -1.00	1	8	  586.50	-6	5	NULL
real	FR	240	15	-15	   -2.00	0	    1.00	0	7	  548.59	-3	5	NULL
real	FR	241	16	-15	   -1.00	1	   -1.00	1	8	  586.57	-3	5	NULL
real	BR	242	16	-15	   -1.00	0	    1.00	1	7	  882.86	-6	5	NULL
real	BL	243	16	-15	    0.00	1	   -1.00	1	9	  574.70	-6	5	NULL
real	DR	244	16	15	    1.00	1	   -1.00	0	8	  478.99	-6	5	NULL
real	GR	245	16	15	    2.00	0	    1.00	1	11	  530.40	-3	7	NULL
real	GL	246	16	15	    2.00	0	    1.00	1	6	  773.53	-3	7	NULL
real	ER	247	16	-15	   -3.00	0	    1.00	1	7	  561.55	-3	7	NULL
real	AL	248	16	-15	   -2.00	1	   -1.00	0	9	  943.12	-6	7	NULL
real	DL	249	16	15	    1.00	0	    1.00	1	10	  945.44	-6	5	NULL
real	CR	250	16	15	    1.00	1	   -1.00	0	8	  535.87	-6	7	NULL
real	AR	251	16	-15	    0.00	0	    1.00	0	11	  571.71	-6	7	NULL
real	CL	252	16	15	    2.00	1	   -1.00	1	7	  517.97	-6	7	NULL
real	HR	253	16	15	    2.00	0	    1.00	1	9	  632.26	-3	5	NULL
real	FL	254	16	-15	   -2.00	0	    1.00	1	8	  450.21	-3	5	NULL
real	HL	255	16	15	    4.00	1	   -1.00	1	7	  488.80	-3	5	NULL
real	EL	256	16	-15	   -1.00	1	   -1.00	1	9	  775.25	-3	7	NULL
real	HL	257	17	15	    3.00	1	   -1.00	0	7	  544.82	-3	5	NULL
real	ER	258	17	-15	   -2.00	1	   -1.00	1	8	  792.91	-3	7	NULL
real	HR	259	17	15	    3.00	0	    1.00	0	9	  884.77	-3	5	NULL
real	FR	260	17	-15	   -2.00	1	   -1.00	0	8	  627.97	-3	5	NULL
real	BL	261	17	-15	   -1.00	1	   -1.00	0	9	  871.70	-6	5	NULL
real	DL	262	17	15	    2.00	0	    1.00	0	10	  796.40	-6	5	NULL
real	FL	263	17	-15	   -1.00	1	   -1.00	1	9	  666.30	-3	5	NULL
real	GL	264	17	15	    3.00	0	    1.00	0	6	  603.83	-3	7	NULL
real	CR	265	17	15	    0.00	0	    1.00	1	9	  483.02	-6	7	NULL
real	AR	266	17	-15	    1.00	1	   -1.00	1	12	  532.17	-6	7	NULL
real	GR	267	17	15	    3.00	0	    1.00	0	11	  754.42	-3	7	NULL
real	DR	268	17	15	    0.00	0	    1.00	1	9	  581.02	-6	5	NULL
real	EL	269	17	-15	   -2.00	0	    1.00	1	10	  581.27	-3	7	NULL
real	AL	270	17	-15	   -3.00	0	    1.00	1	10	  442.25	-6	7	NULL
real	BR	271	17	-15	    0.00	1	   -1.00	1	8	  691.47	-6	5	NULL
real	CL	272	17	15	    1.00	0	    1.00	1	8	  581.56	-6	7	NULL
real	GL	273	18	15	    4.00	1	   -1.00	1	7	  578.70	-3	7	NULL
real	DR	274	18	15	    1.00	0	    1.00	0	9	  610.08	-6	5	NULL
real	DL	275	18	15	    3.00	1	   -1.00	1	11	  451.14	-6	5	NULL
real	FR	276	18	-15	   -3.00	0	    1.00	1	9	  411.39	-3	5	NULL
real	HR	277	18	15	    4.00	1	   -1.00	1	10	  380.44	-3	5	NULL
real	AL	278	18	-15	   -2.00	0	    1.00	0	10	  454.14	-6	7	NULL
real	EL	279	18	-15	   -1.00	1	   -1.00	1	11	  533.35	-3	7	NULL
real	ER	280	18	-15	   -3.00	0	    1.00	1	9	  480.28	-3	7	NULL
real	CR	281	18	15	    1.00	0	    1.00	0	9	  621.85	-6	7	NULL
real	GR	282	18	15	    4.00	1	   -1.00	1	12	  530.70	-3	7	NULL
real	HL	283	18	15	    2.00	0	    1.00	1	8	  493.21	-3	5	NULL
real	CL	284	18	15	    2.00	1	   -1.00	1	9	  551.22	-6	7	NULL
real	BR	285	18	-15	   -1.00	0	    1.00	1	9	  443.30	-6	5	NULL
real	BL	286	18	-15	   -2.00	0	    1.00	1	10	  928.56	-6	5	NULL
real	FL	287	18	-15	   -2.00	0	    1.00	1	10	  532.26	-3	5	NULL
real	DL	288	19	15	    2.00	1	   -1.00	0	11	  443.99	-6	5	NULL
real	FL	289	19	-15	   -1.00	0	    1.00	0	10	  439.69	-3	5	NULL
real	ER	290	19	-15	   -2.00	0	    1.00	0	9	  472.75	-3	7	NULL
real	FR	291	19	-15	   -2.00	0	    1.00	0	9	  796.90	-3	5	NULL
real	CL	292	19	15	    1.00	0	    1.00	1	10	  728.45	-6	7	NULL
real	DR	293	19	15	    2.00	1	   -1.00	1	10	  457.78	-6	5	NULL
real	GL	294	19	15	    3.00	1	   -1.00	0	7	  523.76	-3	7	NULL
real	HR	295	19	15	    3.00	1	   -1.00	0	10	  411.56	-3	5	NULL
real	HL	296	19	15	    3.00	0	    1.00	0	8	  891.22	-3	5	NULL
real	BR	297	19	-15	    0.00	1	   -1.00	1	10	  615.23	-6	5	NULL
real	CR	298	19	15	    2.00	0	    1.00	0	9	 1349.70	-6	7	NULL
real	AL	299	19	-15	   -1.00	1	   -1.00	1	11	  926.29	-6	7	NULL
real	EL	300	19	-15	   -2.00	1	   -1.00	0	11	  715.74	-3	7	NULL
real	BL	301	19	-15	   -1.00	0	    1.00	0	10	  526.58	-6	5	NULL
real	CR	302	20	15	    3.00	1	   -1.00	1	10	  486.39	-6	7	NULL
real	ER	303	20	-15	   -1.00	1	   -1.00	1	10	  629.79	-3	7	NULL
real	GL	304	20	15	    2.00	0	    1.00	1	8	  640.29	-3	7	NULL
real	CL	305	20	15	    2.00	1	   -1.00	1	11	  616.66	-6	7	NULL
real	HR	306	20	15	    2.00	0	    1.00	1	11	  673.80	-3	5	NULL
real	HL	307	20	15	    4.00	1	   -1.00	1	9	  419.06	-3	5	NULL
real	BL	308	20	-15	    0.00	1	   -1.00	1	11	  752.11	-6	5	NULL
real	FL	309	20	-15	    0.00	1	   -1.00	1	11	  440.14	-3	5	NULL
real	DR	310	20	15	    1.00	0	    1.00	1	11	  567.09	-6	5	NULL
real	BR	311	20	-15	   -1.00	1	   -1.00	0	10	  655.71	-6	5	NULL
real	EL	312	20	-15	   -3.00	0	    1.00	1	12	  717.63	-3	7	NULL
real	FR	313	20	-15	   -1.00	1	   -1.00	1	10	  464.36	-3	5	NULL
real	DL	314	20	15	    1.00	1	   -1.00	0	11	  660.19	-6	5	NULL
real	AL	315	20	-15	   -2.00	0	    1.00	1	12	  457.37	-6	7	NULL
real	BR	316	21	-15	   -2.00	0	    1.00	1	11	  479.15	-6	5	NULL
real	GL	317	21	15	    3.00	1	   -1.00	1	9	  521.12	-3	7	NULL
real	DL	318	21	15	    0.00	0	    1.00	1	12	  549.38	-6	5	NULL
real	ER	319	21	-15	   -2.00	1	   -1.00	0	10	  628.09	-3	7	NULL
real	CL	320	21	15	    1.00	0	    1.00	1	12	  579.25	-6	7	NULL
real	FL	321	21	-15	   -1.00	0	    1.00	1	12	  455.33	-3	5	NULL
real	HR	322	21	15	    3.00	0	    1.00	0	11	 1610.29	-3	5	NULL
real	CR	323	21	15	    2.00	0	    1.00	1	11	  933.23	-6	7	NULL
real	HL	324	21	15	    3.00	1	   -1.00	0	9	  460.23	-3	5	NULL
real	DR	325	21	15	    2.00	0	    1.00	0	11	  768.52	-6	5	NULL
real	FR	326	21	-15	   -2.00	0	    1.00	1	11	  594.15	-3	5	NULL
real	BL	327	21	-15	   -1.00	0	    1.00	1	12	  779.70	-6	5	NULL
real	ER	328	22	-15	   -3.00	0	    1.00	1	11	  753.77	-3	7	NULL
real	HR	329	22	15	    4.00	1	   -1.00	1	12	  514.78	-3	5	NULL
real	FR	330	22	-15	   -1.00	1	   -1.00	1	12	  529.93	-3	5	NULL
real	HL	331	22	15	    2.00	0	    1.00	1	10	  581.18	-3	5	NULL
real	DR	332	22	15	    3.00	1	   -1.00	1	12	  455.82	-6	5	NULL
real	BR	333	22	-15	   -1.00	0	    1.00	0	11	  437.97	-6	5	NULL
real	CR	334	22	15	    3.00	1	   -1.00	1	12	  450.06	-6	7	NULL
real	GL	335	22	15	    2.00	0	    1.00	1	10	  489.70	-3	7	NULL
real	GL	336	23	15	    3.00	1	   -1.00	1	11	  378.15	-3	7	NULL
real	BR	337	23	-15	    0.00	0	    1.00	0	11	  408.64	-6	5	NULL
real	ER	338	23	-15	   -2.00	0	    1.00	0	11	  390.76	-3	7	NULL
real	HL	339	23	15	    3.00	1	   -1.00	1	11	  932.44	-3	5	NULL
real	ER	340	24	-15	   -1.00	1	   -1.00	1	12	  539.72	-3	7	NULL
real	BR	341	24	-15	    1.00	1	   -1.00	1	12	  614.18	-6	5	NULL
real	GL	342	24	15	    2.00	1	   -1.00	0	11	  886.02	-3	7	NULL
real	HL	343	24	15	    2.00	1	   -1.00	0	11	  782.89	-3	5	NULL
real	HL	344	25	15	    1.00	0	    1.00	1	12	  584.87	-3	5	NULL
real	GL	345	25	15	    1.00	0	    1.00	1	12	  582.73	-3	7	NULL
