TRIAL_TYPE	trial_variant	TRIAL_NUMBER	TRIAL_ITERATION_VAL	frame_tilt	rod_tilt	response	step_size	reversal	reversal_num	RT	probe_del	alpha_entrain_refreshes	rod_tilt_val
real	ER	1	1	-15	   20.00	1	   -8.00	0	0	  450.53	-3	7	NULL
real	AL	2	1	-15	  -20.00	0	    8.00	0	0	  507.96	-6	7	NULL
real	DL	3	1	15	  -20.00	0	    8.00	0	0	  421.95	-6	5	NULL
real	BR	4	1	-15	   20.00	1	   -8.00	0	0	  412.72	-6	5	NULL
real	FL	5	1	-15	  -20.00	0	    8.00	0	0	  411.50	-3	5	NULL
real	HR	6	1	15	   20.00	1	   -8.00	0	0	  326.96	-3	5	NULL
real	GR	7	1	15	   20.00	1	   -8.00	0	0	  391.74	-3	7	NULL
real	HL	8	1	15	  -20.00	0	    8.00	0	0	  407.16	-3	5	NULL
real	FR	9	1	-15	   20.00	1	   -8.00	0	0	  425.32	-3	5	NULL
real	CR	10	1	15	   20.00	1	   -8.00	0	0	  310.61	-6	7	NULL
real	CL	11	1	15	  -20.00	0	    8.00	0	0	 1907.75	-6	7	NULL
real	DR	12	1	15	   20.00	1	   -8.00	0	0	  356.50	-6	5	NULL
real	BL	13	1	-15	  -20.00	0	    8.00	0	0	  385.38	-6	5	NULL
real	EL	14	1	-15	  -20.00	1	   -8.00	0	0	  386.03	-3	7	NULL
real	GL	15	1	15	  -20.00	0	    8.00	0	0	  386.60	-3	7	NULL
real	AR	16	1	-15	   20.00	1	   -8.00	0	0	  450.92	-6	7	NULL
real	BL	17	2	-15	  -12.00	0	    8.00	0	0	  370.70	-6	5	NULL
real	BR	18	2	-15	   12.00	1	   -8.00	0	0	  400.88	-6	5	NULL
real	DR	19	2	15	   12.00	1	   -8.00	0	0	  394.00	-6	5	NULL
real	FR	20	2	-15	   12.00	1	   -8.00	0	0	  454.13	-3	5	NULL
real	HR	21	2	15	   12.00	1	   -8.00	0	0	  403.41	-3	5	NULL
real	HL	22	2	15	  -12.00	0	    8.00	0	0	  475.97	-3	5	NULL
real	GR	23	2	15	   12.00	1	   -8.00	0	0	  376.73	-3	7	NULL
real	EL	24	2	-15	-20	0	    4.00	1	1	  374.93	-3	7	NULL
real	AR	25	2	-15	   12.00	1	   -8.00	0	0	  422.44	-6	7	NULL
real	AL	26	2	-15	  -12.00	0	    8.00	0	0	  488.79	-6	7	NULL
real	ER	27	2	-15	   12.00	1	   -8.00	0	0	  428.42	-3	7	NULL
real	GL	28	2	15	  -12.00	0	    8.00	0	0	  486.74	-3	7	NULL
real	CL	29	2	15	  -12.00	0	    8.00	0	0	  457.92	-6	7	NULL
real	FL	30	2	-15	  -12.00	0	    8.00	0	0	  446.15	-3	5	NULL
real	DL	31	2	15	  -12.00	0	    8.00	0	0	  409.60	-6	5	NULL
real	CR	32	2	15	   12.00	1	   -8.00	0	0	  355.77	-6	7	NULL
real	CR	33	3	15	    4.00	1	   -8.00	0	0	  432.32	-6	7	NULL
real	EL	34	3	-15	  -16.00	0	    4.00	0	1	  375.02	-3	7	NULL
real	GL	35	3	15	   -4.00	1	   -4.00	1	1	  404.49	-3	7	NULL
real	FR	36	3	-15	    4.00	1	   -8.00	0	0	  464.49	-3	5	NULL
real	HR	37	3	15	    4.00	1	   -8.00	0	0	  438.35	-3	5	NULL
real	BR	38	3	-15	    4.00	1	   -8.00	0	0	  379.89	-6	5	NULL
real	HL	39	3	15	   -4.00	0	    8.00	0	0	  487.98	-3	5	NULL
real	ER	40	3	-15	    4.00	1	   -8.00	0	0	  378.59	-3	7	NULL
real	AL	41	3	-15	   -4.00	0	    8.00	0	0	  424.64	-6	7	NULL
real	CL	42	3	15	   -4.00	1	   -4.00	1	1	  365.04	-6	7	NULL
real	BL	43	3	-15	   -4.00	0	    8.00	0	0	  474.20	-6	5	NULL
real	GR	44	3	15	    4.00	0	    4.00	1	1	  812.52	-3	7	NULL
real	DL	45	3	15	   -4.00	0	    8.00	0	0	  545.98	-6	5	NULL
real	FL	46	3	-15	   -4.00	0	    8.00	0	0	  366.23	-3	5	NULL
real	DR	47	3	15	    4.00	1	   -8.00	0	0	  450.80	-6	5	NULL
real	AR	48	3	-15	    4.00	1	   -8.00	0	0	  369.59	-6	7	NULL
real	FL	49	4	-15	    4.00	1	   -4.00	1	1	  425.20	-3	5	NULL
real	HR	50	4	15	   -4.00	0	    4.00	1	1	  690.65	-3	5	NULL
real	GR	51	4	15	    8.00	1	   -2.00	1	2	  489.59	-3	7	NULL
real	CL	52	4	15	   -8.00	0	    2.00	1	2	  446.84	-6	7	NULL
real	HL	53	4	15	    4.00	1	   -4.00	1	1	  664.40	-3	5	NULL
real	EL	54	4	-15	  -12.00	0	    4.00	0	1	  321.39	-3	7	NULL
real	DL	55	4	15	    4.00	1	   -4.00	1	1	  362.19	-6	5	NULL
real	FR	56	4	-15	   -4.00	0	    4.00	1	1	  413.54	-3	5	NULL
real	BR	57	4	-15	   -4.00	1	   -8.00	0	0	  561.15	-6	5	NULL
real	BL	58	4	-15	    4.00	1	   -4.00	1	1	  358.08	-6	5	NULL
real	AR	59	4	-15	   -4.00	1	   -8.00	0	0	  499.13	-6	7	NULL
real	GL	60	4	15	   -8.00	0	    2.00	1	2	  449.07	-3	7	NULL
real	ER	61	4	-15	   -4.00	1	   -8.00	0	0	  447.79	-3	7	NULL
real	CR	62	4	15	   -4.00	0	    4.00	1	1	  491.77	-6	7	NULL
real	AL	63	4	-15	    4.00	1	   -4.00	1	1	  384.42	-6	7	NULL
real	DR	64	4	15	   -4.00	0	    4.00	1	1	  463.57	-6	5	NULL
real	DR	65	5	15	    0.00	1	   -2.00	1	2	  515.43	-6	5	NULL
real	AL	66	5	-15	    0.00	0	    2.00	1	2	 1324.25	-6	7	NULL
real	EL	67	5	-15	   -8.00	0	    4.00	0	1	  431.49	-3	7	NULL
real	AR	68	5	-15	  -12.00	0	    4.00	1	1	  417.13	-6	7	NULL
real	HR	69	5	15	    0.00	0	    4.00	0	1	  379.75	-3	5	NULL
real	FL	70	5	-15	    0.00	1	   -4.00	0	1	  466.87	-3	5	NULL
real	BR	71	5	-15	  -12.00	0	    4.00	1	1	  509.37	-6	5	NULL
real	BL	72	5	-15	    0.00	1	   -4.00	0	1	  442.44	-6	5	NULL
real	ER	73	5	-15	  -12.00	0	    4.00	1	1	  441.88	-3	7	NULL
real	DL	74	5	15	    0.00	1	   -4.00	0	1	  766.42	-6	5	NULL
real	CR	75	5	15	    0.00	1	   -2.00	1	2	  412.66	-6	7	NULL
real	GL	76	5	15	   -6.00	0	    2.00	0	2	  352.40	-3	7	NULL
real	CL	77	5	15	   -6.00	0	    2.00	0	2	  426.49	-6	7	NULL
real	FR	78	5	-15	    0.00	1	   -2.00	1	2	  544.83	-3	5	NULL
real	HL	79	5	15	    0.00	0	    2.00	1	2	  527.25	-3	5	NULL
real	GR	80	5	15	    6.00	1	   -2.00	0	2	  325.53	-3	7	NULL
real	AR	81	6	-15	   -8.00	1	   -2.00	1	2	  315.86	-6	7	NULL
real	DR	82	6	15	   -2.00	0	    1.00	1	3	  679.79	-6	5	NULL
real	HR	83	6	15	    4.00	1	   -2.00	1	2	  658.81	-3	5	NULL
real	FR	84	6	-15	   -2.00	1	   -2.00	0	2	  575.17	-3	5	NULL
real	DL	85	6	15	   -4.00	0	    2.00	1	2	  464.75	-6	5	NULL
real	GR	86	6	15	    4.00	1	   -2.00	0	2	  386.58	-3	7	NULL
real	AL	87	6	-15	    2.00	1	   -1.00	1	3	  528.60	-6	7	NULL
real	CR	88	6	15	   -2.00	0	    1.00	1	3	  603.57	-6	7	NULL
real	CL	89	6	15	   -4.00	0	    2.00	0	2	  519.58	-6	7	NULL
real	BR	90	6	-15	   -8.00	0	    4.00	0	1	  382.76	-6	5	NULL
real	FL	91	6	-15	   -4.00	0	    2.00	1	2	  429.72	-3	5	NULL
real	ER	92	6	-15	   -8.00	0	    4.00	0	1	  400.20	-3	7	NULL
real	HL	93	6	15	    2.00	1	   -1.00	1	3	  427.79	-3	5	NULL
real	BL	94	6	-15	   -4.00	0	    2.00	1	2	  363.05	-6	5	NULL
real	EL	95	6	-15	   -4.00	0	    4.00	0	1	  550.35	-3	7	NULL
real	GL	96	6	15	   -4.00	0	    2.00	0	2	  445.38	-3	7	NULL
real	FR	97	7	-15	   -4.00	0	    1.00	1	3	  374.49	-3	5	NULL
real	EL	98	7	-15	    0.00	1	   -2.00	1	2	  370.65	-3	7	NULL
real	BL	99	7	-15	   -2.00	1	   -1.00	1	3	  606.55	-6	5	NULL
real	DR	100	7	15	   -1.00	0	    1.00	0	3	  478.47	-6	5	NULL
real	HL	101	7	15	    1.00	0	    1.00	1	4	  548.30	-3	5	NULL
real	GR	102	7	15	    2.00	1	   -2.00	0	2	  570.54	-3	7	NULL
real	CR	103	7	15	   -1.00	0	    1.00	0	3	  491.16	-6	7	NULL
real	BR	104	7	-15	   -4.00	1	   -2.00	1	2	  643.62	-6	5	NULL
real	GL	105	7	15	   -2.00	0	    2.00	0	2	  506.66	-3	7	NULL
real	DL	106	7	15	   -2.00	0	    2.00	0	2	  477.58	-6	5	NULL
real	AL	107	7	-15	    1.00	1	   -1.00	0	3	  401.07	-6	7	NULL
real	ER	108	7	-15	   -4.00	0	    4.00	0	1	  449.70	-3	7	NULL
real	AR	109	7	-15	  -10.00	0	    1.00	1	3	  444.58	-6	7	NULL
real	CL	110	7	15	   -2.00	0	    2.00	0	2	  541.55	-6	7	NULL
real	FL	111	7	-15	   -2.00	1	   -1.00	1	3	  513.75	-3	5	NULL
real	HR	112	7	15	    2.00	1	   -2.00	0	2	  448.15	-3	5	NULL
real	ER	113	8	-15	    0.00	1	   -2.00	1	2	  542.64	-3	7	NULL
real	GL	114	8	15	    0.00	1	   -1.00	1	3	 1133.72	-3	7	NULL
real	DL	115	8	15	    0.00	1	   -1.00	1	3	  649.66	-6	5	NULL
real	DR	116	8	15	    0.00	1	   -1.00	1	4	  915.88	-6	5	NULL
real	HL	117	8	15	    2.00	1	   -1.00	1	5	  471.71	-3	5	NULL
real	CL	118	8	15	    0.00	1	   -1.00	1	3	  639.85	-6	7	NULL
real	FR	119	8	-15	   -3.00	0	    1.00	0	3	  572.62	-3	5	NULL
real	HR	120	8	15	    0.00	1	   -2.00	0	2	  887.81	-3	5	NULL
real	FL	121	8	-15	   -3.00	0	    1.00	1	4	  555.76	-3	5	NULL
real	AL	122	8	-15	    0.00	1	   -1.00	0	3	  470.94	-6	7	NULL
real	BL	123	8	-15	   -3.00	0	    1.00	1	4	  441.05	-6	5	NULL
real	BR	124	8	-15	   -6.00	0	    1.00	1	3	  605.17	-6	5	NULL
real	EL	125	8	-15	   -2.00	1	   -2.00	0	2	  677.15	-3	7	NULL
real	AR	126	8	-15	   -9.00	0	    1.00	0	3	  335.84	-6	7	NULL
real	CR	127	8	15	    0.00	1	   -1.00	1	4	  619.31	-6	7	NULL
real	GR	128	8	15	    0.00	1	   -2.00	0	2	  425.33	-3	7	NULL
real	CL	129	9	15	   -1.00	1	   -1.00	0	3	  642.81	-6	7	NULL
real	DL	130	9	15	   -1.00	0	    1.00	1	4	  564.89	-6	5	NULL
real	ER	131	9	-15	   -2.00	1	   -2.00	0	2	  550.88	-3	7	NULL
real	HL	132	9	15	    1.00	1	   -1.00	0	5	  690.20	-3	5	NULL
real	FL	133	9	-15	   -2.00	0	    1.00	0	4	  338.51	-3	5	NULL
real	AL	134	9	-15	   -1.00	0	    1.00	1	4	 1341.24	-6	7	NULL
real	GL	135	9	15	   -1.00	1	   -1.00	0	3	  351.50	-3	7	NULL
real	BL	136	9	-15	   -2.00	0	    1.00	0	4	  400.22	-6	5	NULL
real	GR	137	9	15	   -2.00	1	   -2.00	0	2	  199.18	-3	7	NULL
real	DR	138	9	15	   -1.00	0	    1.00	1	5	  640.52	-6	5	NULL
real	CR	139	9	15	   -1.00	1	   -1.00	0	4	 1211.55	-6	7	NULL
real	BR	140	9	-15	   -5.00	0	    1.00	0	3	  502.80	-6	5	NULL
real	EL	141	9	-15	   -4.00	0	    1.00	1	3	  700.79	-3	7	NULL
real	HR	142	9	15	   -2.00	1	   -2.00	0	2	  477.43	-3	5	NULL
real	AR	143	9	-15	   -8.00	0	    1.00	0	3	  363.95	-6	7	NULL
real	FR	144	9	-15	   -2.00	1	   -1.00	1	4	  460.84	-3	5	NULL
real	GR	145	10	15	   -4.00	0	    1.00	1	3	  299.20	-3	7	NULL
real	HR	146	10	15	   -4.00	0	    1.00	1	3	  446.59	-3	5	NULL
real	HL	147	10	15	    0.00	1	   -1.00	0	5	  645.41	-3	5	NULL
real	FL	148	10	-15	   -1.00	1	   -1.00	1	5	  465.11	-3	5	NULL
real	AL	149	10	-15	    0.00	1	   -1.00	1	5	  300.62	-6	7	NULL
real	BR	150	10	-15	   -4.00	0	    1.00	0	3	  368.96	-6	5	NULL
real	GL	151	10	15	   -2.00	0	    1.00	1	4	  465.82	-3	7	NULL
real	CL	152	10	15	   -2.00	0	    1.00	1	4	  407.28	-6	7	NULL
real	EL	153	10	-15	   -3.00	1	   -1.00	1	4	  504.23	-3	7	NULL
real	BL	154	10	-15	   -1.00	0	    1.00	0	4	  581.90	-6	5	NULL
real	DR	155	10	15	    0.00	0	    1.00	0	5	  591.31	-6	5	NULL
real	ER	156	10	-15	   -4.00	1	   -2.00	0	2	  306.08	-3	7	NULL
real	AR	157	10	-15	   -7.00	0	    1.00	0	3	  410.97	-6	7	NULL
real	FR	158	10	-15	   -3.00	1	   -1.00	0	4	  632.32	-3	5	NULL
real	CR	159	10	15	   -2.00	0	    1.00	1	5	  472.03	-6	7	NULL
real	DL	160	10	15	    0.00	1	   -1.00	1	5	  406.17	-6	5	NULL
real	GL	161	11	15	   -1.00	1	   -1.00	1	5	  325.77	-3	7	NULL
real	BR	162	11	-15	   -3.00	1	   -1.00	1	4	  459.17	-6	5	NULL
real	FR	163	11	-15	   -4.00	0	    1.00	1	5	  394.26	-3	5	NULL
real	CL	164	11	15	   -1.00	1	   -1.00	1	5	  354.72	-6	7	NULL
real	GR	165	11	15	   -3.00	1	   -1.00	1	4	  402.38	-3	7	NULL
real	AR	166	11	-15	   -6.00	0	    1.00	0	3	  435.07	-6	7	NULL
real	DL	167	11	15	   -1.00	0	    1.00	1	6	  496.41	-6	5	NULL
real	AL	168	11	-15	   -1.00	1	   -1.00	0	5	  539.77	-6	7	NULL
real	CR	169	11	15	   -1.00	0	    1.00	0	5	  463.56	-6	7	NULL
real	EL	170	11	-15	   -4.00	0	    1.00	1	5	  514.87	-3	7	NULL
real	HL	171	11	15	   -1.00	1	   -1.00	0	5	  723.47	-3	5	NULL
real	ER	172	11	-15	   -6.00	0	    1.00	1	3	  446.74	-3	7	NULL
real	FL	173	11	-15	   -2.00	0	    1.00	1	6	  497.21	-3	5	NULL
real	BL	174	11	-15	    0.00	1	   -1.00	1	5	  492.99	-6	5	NULL
real	DR	175	11	15	    1.00	1	   -1.00	1	6	  479.85	-6	5	NULL
real	HR	176	11	15	   -3.00	0	    1.00	0	3	  447.20	-3	5	NULL
real	BL	177	12	-15	   -1.00	0	    1.00	1	6	  718.93	-6	5	NULL
real	BR	178	12	-15	   -4.00	0	    1.00	1	5	  515.76	-6	5	NULL
real	ER	179	12	-15	   -5.00	0	    1.00	0	3	  427.11	-3	7	NULL
real	EL	180	12	-15	   -3.00	0	    1.00	0	5	  455.73	-3	7	NULL
real	GL	181	12	15	   -2.00	0	    1.00	1	6	  493.45	-3	7	NULL
real	HR	182	12	15	   -2.00	0	    1.00	0	3	  516.75	-3	5	NULL
real	HL	183	12	15	   -2.00	0	    1.00	1	6	  718.64	-3	5	NULL
real	DR	184	12	15	    0.00	0	    1.00	1	7	  668.44	-6	5	NULL
real	FR	185	12	-15	   -3.00	0	    1.00	0	5	  985.11	-3	5	NULL
real	AR	186	12	-15	   -5.00	0	    1.00	0	3	  330.30	-6	7	NULL
real	FL	187	12	-15	   -1.00	1	   -1.00	1	7	  491.54	-3	5	NULL
real	AL	188	12	-15	   -2.00	0	    1.00	1	6	  518.49	-6	7	NULL
real	CL	189	12	15	   -2.00	0	    1.00	1	6	  494.04	-6	7	NULL
real	DL	190	12	15	    0.00	1	   -1.00	1	7	  607.79	-6	5	NULL
real	GR	191	12	15	   -4.00	0	    1.00	1	5	  537.09	-3	7	NULL
real	CR	192	12	15	    0.00	1	   -1.00	1	6	  522.40	-6	7	NULL
real	FR	193	13	-15	   -2.00	0	    1.00	0	5	  692.13	-3	5	NULL
real	AR	194	13	-15	   -4.00	1	   -1.00	1	4	  330.14	-6	7	NULL
real	ER	195	13	-15	   -4.00	0	    1.00	0	3	  540.25	-3	7	NULL
real	DL	196	13	15	   -1.00	0	    1.00	1	8	  508.19	-6	5	NULL
real	AL	197	13	-15	   -1.00	1	   -1.00	1	7	  507.98	-6	7	NULL
real	GL	198	13	15	   -1.00	1	   -1.00	1	7	  376.37	-3	7	NULL
real	DR	199	13	15	    1.00	1	   -1.00	1	8	  395.34	-6	5	NULL
real	FL	200	13	-15	   -2.00	0	    1.00	1	8	  587.08	-3	5	NULL
real	GR	201	13	15	   -3.00	0	    1.00	0	5	  464.65	-3	7	NULL
real	CR	202	13	15	   -1.00	1	   -1.00	0	6	  599.44	-6	7	NULL
real	HR	203	13	15	   -1.00	1	   -1.00	1	4	  565.11	-3	5	NULL
real	BR	204	13	-15	   -3.00	1	   -1.00	1	6	  430.87	-6	5	NULL
real	EL	205	13	-15	   -2.00	1	   -1.00	1	6	  507.83	-3	7	NULL
real	CL	206	13	15	   -1.00	0	    1.00	0	6	  467.57	-6	7	NULL
real	BL	207	13	-15	    0.00	1	   -1.00	1	7	  445.36	-6	5	NULL
real	HL	208	13	15	   -1.00	1	   -1.00	1	7	  646.75	-3	5	NULL
real	FR	209	14	-15	   -1.00	1	   -1.00	1	6	  418.54	-3	5	NULL
real	AL	210	14	-15	   -2.00	0	    1.00	1	8	  401.41	-6	7	NULL
real	CL	211	14	15	    0.00	1	   -1.00	1	7	  595.92	-6	7	NULL
real	GR	212	14	15	   -2.00	1	   -1.00	1	6	  376.98	-3	7	NULL
real	EL	213	14	-15	   -3.00	0	    1.00	1	7	  289.65	-3	7	NULL
real	HR	214	14	15	   -2.00	0	    1.00	1	5	  418.74	-3	5	NULL
real	GL	215	14	15	   -2.00	1	   -1.00	0	7	  715.53	-3	7	NULL
real	CR	216	14	15	   -2.00	0	    1.00	1	7	  477.41	-6	7	NULL
real	DR	217	14	15	    0.00	1	   -1.00	0	8	  464.47	-6	5	NULL
real	BL	218	14	-15	   -1.00	1	   -1.00	0	7	  490.96	-6	5	NULL
real	DL	219	14	15	    0.00	1	   -1.00	1	9	  619.30	-6	5	NULL
real	AR	220	14	-15	   -5.00	0	    1.00	1	5	  341.66	-6	7	NULL
real	FL	221	14	-15	   -1.00	1	   -1.00	1	9	  570.62	-3	5	NULL
real	BR	222	14	-15	   -4.00	0	    1.00	1	7	  371.55	-6	5	NULL
real	HL	223	14	15	   -2.00	0	    1.00	1	8	  390.67	-3	5	NULL
real	ER	224	14	-15	   -3.00	1	   -1.00	1	4	  321.26	-3	7	NULL
real	CL	225	15	15	   -1.00	0	    1.00	1	8	  871.10	-6	7	NULL
real	DL	226	15	15	   -1.00	0	    1.00	1	10	  491.42	-6	5	NULL
real	GL	227	15	15	   -3.00	0	    1.00	1	8	  562.05	-3	7	NULL
real	FL	228	15	-15	   -2.00	1	   -1.00	0	9	  390.41	-3	5	NULL
real	BL	229	15	-15	   -2.00	1	   -1.00	0	7	  572.27	-6	5	NULL
real	GR	230	15	15	   -3.00	0	    1.00	1	7	  478.65	-3	7	NULL
real	AR	231	15	-15	   -4.00	0	    1.00	0	5	  315.27	-6	7	NULL
real	AL	232	15	-15	   -1.00	1	   -1.00	1	9	  357.25	-6	7	NULL
real	BR	233	15	-15	   -3.00	0	    1.00	0	7	  453.69	-6	5	NULL
real	HL	234	15	15	   -1.00	0	    1.00	0	8	  394.16	-3	5	NULL
real	EL	235	15	-15	   -2.00	1	   -1.00	1	8	  340.38	-3	7	NULL
real	FR	236	15	-15	   -2.00	0	    1.00	1	7	  499.14	-3	5	NULL
real	CR	237	15	15	   -1.00	1	   -1.00	1	8	 1894.38	-6	7	NULL
real	HR	238	15	15	   -1.00	1	   -1.00	1	6	  656.05	-3	5	NULL
real	ER	239	15	-15	   -4.00	0	    1.00	1	5	  532.25	-3	7	NULL
real	DR	240	15	15	   -1.00	0	    1.00	1	9	  569.75	-6	5	NULL
real	FL	241	16	-15	   -3.00	1	   -1.00	0	9	  874.74	-3	5	NULL
real	HL	242	16	15	    0.00	1	   -1.00	1	9	  504.98	-3	5	NULL
real	GR	243	16	15	   -2.00	0	    1.00	0	7	  535.94	-3	7	NULL
real	CR	244	16	15	   -2.00	1	   -1.00	0	8	  375.14	-6	7	NULL
real	BL	245	16	-15	   -3.00	0	    1.00	1	8	  396.20	-6	5	NULL
real	AR	246	16	-15	   -3.00	0	    1.00	0	5	  537.42	-6	7	NULL
real	DL	247	16	15	    0.00	0	    1.00	0	10	  571.82	-6	5	NULL
real	FR	248	16	-15	   -1.00	1	   -1.00	1	8	  388.80	-3	5	NULL
real	HR	249	16	15	   -2.00	0	    1.00	1	7	  499.80	-3	5	NULL
real	CL	250	16	15	    0.00	1	   -1.00	1	9	  485.85	-6	7	NULL
real	GL	251	16	15	   -2.00	0	    1.00	0	8	  547.93	-3	7	NULL
real	EL	252	16	-15	   -3.00	1	   -1.00	0	8	  591.65	-3	7	NULL
real	BR	253	16	-15	   -2.00	0	    1.00	0	7	  638.07	-6	5	NULL
real	DR	254	16	15	    0.00	1	   -1.00	1	10	  803.57	-6	5	NULL
real	AL	255	16	-15	   -2.00	0	    1.00	1	10	  423.44	-6	7	NULL
real	ER	256	16	-15	   -3.00	0	    1.00	0	5	  386.17	-3	7	NULL
real	FL	257	17	-15	   -4.00	0	    1.00	1	10	  357.06	-3	5	NULL
real	AR	258	17	-15	   -2.00	0	    1.00	0	5	  586.36	-6	7	NULL
real	ER	259	17	-15	   -2.00	0	    1.00	0	5	  367.27	-3	7	NULL
real	DL	260	17	15	    1.00	1	   -1.00	1	11	  474.75	-6	5	NULL
real	GL	261	17	15	   -1.00	0	    1.00	0	8	  432.49	-3	7	NULL
real	AL	262	17	-15	   -1.00	1	   -1.00	1	11	  314.70	-6	7	NULL
real	BR	263	17	-15	   -1.00	0	    1.00	0	7	  585.48	-6	5	NULL
real	HR	264	17	15	   -1.00	0	    1.00	0	7	  326.19	-3	5	NULL
real	BL	265	17	-15	   -2.00	0	    1.00	0	8	  458.87	-6	5	NULL
real	CR	266	17	15	   -3.00	0	    1.00	1	9	  542.26	-6	7	NULL
real	HL	267	17	15	   -1.00	0	    1.00	1	10	  513.02	-3	5	NULL
real	EL	268	17	-15	   -4.00	0	    1.00	1	9	  563.28	-3	7	NULL
real	CL	269	17	15	   -1.00	1	   -1.00	0	9	  263.10	-6	7	NULL
real	GR	270	17	15	   -1.00	1	   -1.00	1	8	  442.39	-3	7	NULL
real	FR	271	17	-15	   -2.00	1	   -1.00	0	8	  417.66	-3	5	NULL
real	DR	272	17	15	   -1.00	0	    1.00	1	11	  312.21	-6	5	NULL
real	DR	273	18	15	    0.00	1	   -1.00	1	12	  319.38	-6	5	NULL
real	BR	274	18	-15	    0.00	1	   -1.00	1	8	  472.48	-6	5	NULL
real	GL	275	18	15	    0.00	1	   -1.00	1	9	  540.47	-3	7	NULL
real	FL	276	18	-15	   -3.00	0	    1.00	0	10	  374.91	-3	5	NULL
real	ER	277	18	-15	   -1.00	1	   -1.00	1	6	  329.73	-3	7	NULL
real	EL	278	18	-15	   -3.00	0	    1.00	0	9	  442.90	-3	7	NULL
real	AR	279	18	-15	   -1.00	1	   -1.00	1	6	  335.34	-6	7	NULL
real	HR	280	18	15	    0.00	1	   -1.00	1	8	  303.82	-3	5	NULL
real	GR	281	18	15	   -2.00	0	    1.00	1	9	  318.24	-3	7	NULL
real	FR	282	18	-15	   -3.00	0	    1.00	1	9	  501.06	-3	5	NULL
real	CL	283	18	15	   -2.00	1	   -1.00	0	9	  425.76	-6	7	NULL
real	BL	284	18	-15	   -1.00	0	    1.00	0	8	  359.03	-6	5	NULL
real	HL	285	18	15	    0.00	1	   -1.00	1	11	  183.98	-3	5	NULL
real	AL	286	18	-15	   -2.00	0	    1.00	1	12	  267.07	-6	7	NULL
real	CR	287	18	15	   -2.00	1	   -1.00	1	10	  288.06	-6	7	NULL
real	DL	288	18	15	    0.00	0	    1.00	1	12	  300.38	-6	5	NULL
real	ER	289	19	-15	   -2.00	0	    1.00	1	7	  523.71	-3	7	NULL
real	AR	290	19	-15	   -2.00	0	    1.00	1	7	  524.44	-6	7	NULL
real	HR	291	19	15	   -1.00	1	   -1.00	0	8	  567.35	-3	5	NULL
real	CR	292	19	15	   -3.00	0	    1.00	1	11	  399.30	-6	7	NULL
real	FR	293	19	-15	   -2.00	1	   -1.00	1	10	  420.29	-3	5	NULL
real	GR	294	19	15	   -1.00	0	    1.00	0	9	  333.34	-3	7	NULL
real	EL	295	19	-15	   -2.00	1	   -1.00	1	10	  362.32	-3	7	NULL
real	FL	296	19	-15	   -2.00	1	   -1.00	1	11	  529.90	-3	5	NULL
real	GL	297	19	15	   -1.00	0	    1.00	1	10	  365.49	-3	7	NULL
real	BL	298	19	-15	    0.00	1	   -1.00	1	9	  339.91	-6	5	NULL
real	HL	299	19	15	   -1.00	1	   -1.00	0	11	  533.46	-3	5	NULL
real	BR	300	19	-15	   -1.00	0	    1.00	1	9	  357.17	-6	5	NULL
real	CL	301	19	15	   -3.00	1	   -1.00	0	9	  378.58	-6	7	NULL
real	ER	302	20	-15	   -1.00	0	    1.00	0	7	  329.75	-3	7	NULL
real	HL	303	20	15	   -2.00	0	    1.00	1	12	  521.75	-3	5	NULL
real	BR	304	20	-15	    0.00	1	   -1.00	1	10	  501.50	-6	5	NULL
real	GL	305	20	15	    0.00	0	    1.00	0	10	  476.05	-3	7	NULL
real	EL	306	20	-15	   -3.00	0	    1.00	1	11	  692.55	-3	7	NULL
real	HR	307	20	15	   -2.00	0	    1.00	1	9	  559.65	-3	5	NULL
real	FL	308	20	-15	   -3.00	0	    1.00	1	12	  343.09	-3	5	NULL
real	CL	309	20	15	   -4.00	0	    1.00	1	10	  412.76	-6	7	NULL
real	AR	310	20	-15	   -1.00	1	   -1.00	1	8	  488.33	-6	7	NULL
real	CR	311	20	15	   -2.00	0	    1.00	0	11	  309.65	-6	7	NULL
real	BL	312	20	-15	   -1.00	1	   -1.00	0	9	  443.47	-6	5	NULL
real	GR	313	20	15	    0.00	0	    1.00	0	9	  327.21	-3	7	NULL
real	FR	314	20	-15	   -3.00	0	    1.00	1	11	  328.31	-3	5	NULL
real	GR	315	21	15	    1.00	1	   -1.00	1	10	  589.72	-3	7	NULL
real	AR	316	21	-15	   -2.00	0	    1.00	1	9	  693.74	-6	7	NULL
real	EL	317	21	-15	   -2.00	0	    1.00	0	11	  415.40	-3	7	NULL
real	CL	318	21	15	   -3.00	0	    1.00	0	10	  440.69	-6	7	NULL
real	BR	319	21	-15	   -1.00	1	   -1.00	0	10	  407.37	-6	5	NULL
real	HR	320	21	15	   -1.00	1	   -1.00	1	10	  560.07	-3	5	NULL
real	FR	321	21	-15	   -2.00	0	    1.00	0	11	  438.97	-3	5	NULL
real	CR	322	21	15	   -1.00	0	    1.00	0	11	  336.13	-6	7	NULL
real	BL	323	21	-15	   -2.00	1	   -1.00	0	9	  499.44	-6	5	NULL
real	GL	324	21	15	    1.00	0	    1.00	0	10	  354.67	-3	7	NULL
real	ER	325	21	-15	    0.00	1	   -1.00	1	8	  655.03	-3	7	NULL
real	AR	326	22	-15	   -1.00	1	   -1.00	1	10	  673.03	-6	7	NULL
real	GR	327	22	15	    0.00	1	   -1.00	0	10	  508.19	-3	7	NULL
real	BR	328	22	-15	   -2.00	0	    1.00	1	11	  385.01	-6	5	NULL
real	ER	329	22	-15	   -1.00	1	   -1.00	0	8	  309.92	-3	7	NULL
real	HR	330	22	15	   -2.00	0	    1.00	1	11	  359.81	-3	5	NULL
real	BL	331	22	-15	   -3.00	0	    1.00	1	10	  510.58	-6	5	NULL
real	CR	332	22	15	    0.00	1	   -1.00	1	12	  418.86	-6	7	NULL
real	CL	333	22	15	   -2.00	0	    1.00	0	10	  300.91	-6	7	NULL
real	FR	334	22	-15	   -1.00	1	   -1.00	1	12	  398.59	-3	5	NULL
real	EL	335	22	-15	   -1.00	0	    1.00	0	11	  355.00	-3	7	NULL
real	GL	336	22	15	    2.00	0	    1.00	0	10	  315.17	-3	7	NULL
real	BL	337	23	-15	   -2.00	0	    1.00	0	10	  433.20	-6	5	NULL
real	EL	338	23	-15	    0.00	1	   -1.00	1	12	  402.05	-3	7	NULL
real	GR	339	23	15	   -1.00	0	    1.00	1	11	  246.20	-3	7	NULL
real	HR	340	23	15	   -1.00	1	   -1.00	1	12	  735.46	-3	5	NULL
real	BR	341	23	-15	   -1.00	1	   -1.00	1	12	  534.78	-6	5	NULL
real	ER	342	23	-15	   -2.00	1	   -1.00	0	8	  610.25	-3	7	NULL
real	CL	343	23	15	   -1.00	0	    1.00	0	10	  276.67	-6	7	NULL
real	AR	344	23	-15	   -2.00	0	    1.00	1	11	  318.33	-6	7	NULL
real	GL	345	23	15	    3.00	1	   -1.00	1	11	  347.10	-3	7	NULL
real	BL	346	24	-15	   -1.00	0	    1.00	0	10	  356.70	-6	5	NULL
real	ER	347	24	-15	   -3.00	1	   -1.00	0	8	  280.90	-3	7	NULL
real	CL	348	24	15	    0.00	0	    1.00	0	10	  300.65	-6	7	NULL
real	GR	349	24	15	    0.00	1	   -1.00	1	12	  596.19	-3	7	NULL
real	GL	350	24	15	    2.00	1	   -1.00	0	11	  324.82	-3	7	NULL
real	AR	351	24	-15	   -1.00	1	   -1.00	1	12	  392.20	-6	7	NULL
real	ER	352	25	-15	   -4.00	0	    1.00	1	9	  450.30	-3	7	NULL
real	GL	353	25	15	    1.00	1	   -1.00	0	11	  602.25	-3	7	NULL
real	CL	354	25	15	    1.00	1	   -1.00	1	11	  742.06	-6	7	NULL
real	BL	355	25	-15	    0.00	1	   -1.00	1	11	  457.09	-6	5	NULL
real	GL	356	26	15	    0.00	0	    1.00	1	12	  443.13	-3	7	NULL
real	ER	357	26	-15	   -3.00	0	    1.00	0	9	  294.70	-3	7	NULL
real	CL	358	26	15	    0.00	0	    1.00	1	12	  307.69	-6	7	NULL
real	BL	359	26	-15	   -1.00	1	   -1.00	0	11	  467.49	-6	5	NULL
real	ER	360	27	-15	   -2.00	0	    1.00	0	9	  629.97	-3	7	NULL
real	BL	361	27	-15	   -2.00	0	    1.00	1	12	  493.04	-6	5	NULL
real	ER	362	28	-15	   -1.00	0	    1.00	0	9	 1398.47	-3	7	NULL
real	ER	363	29	-15	    0.00	1	   -1.00	1	10	  473.19	-3	7	NULL
real	ER	364	30	-15	   -1.00	0	    1.00	1	11	  357.66	-3	7	NULL
real	ER	365	31	-15	    0.00	1	   -1.00	1	12	  517.51	-3	7	NULL
