TRIAL_TYPE	trial_variant	TRIAL_NUMBER	TRIAL_ITERATION_VAL	frame_tilt	rod_tilt	response	step_size	reversal	reversal_num	RT	probe_del	alpha_entrain_refreshes	rod_tilt_val
real	CL	1	1	15	  -20.00	0	    8.00	0	0	 7318.45	-6	7	NULL
real	GR	2	1	15	   20.00	1	   -8.00	0	0	  906.04	-3	7	NULL
real	CR	3	1	15	   20.00	1	   -8.00	0	0	 1918.79	-6	7	NULL
real	BL	4	1	-15	  -20.00	0	    8.00	0	0	  793.18	-6	5	NULL
real	FL	5	1	-15	  -20.00	0	    8.00	0	0	  823.84	-3	5	NULL
real	ER	6	1	-15	   20.00	1	   -8.00	0	0	  860.05	-3	7	NULL
real	GL	7	1	15	  -20.00	0	    8.00	0	0	  894.83	-3	7	NULL
real	HL	8	1	15	  -20.00	0	    8.00	0	0	  859.75	-3	5	NULL
real	FR	9	1	-15	   20.00	1	   -8.00	0	0	  835.77	-3	5	NULL
real	BR	10	1	-15	   20.00	1	   -8.00	0	0	  845.75	-6	5	NULL
real	DR	11	1	15	   20.00	1	   -8.00	0	0	  819.12	-6	5	NULL
real	AR	12	1	-15	   20.00	1	   -8.00	0	0	 1868.71	-6	7	NULL
real	HR	13	1	15	   20.00	1	   -8.00	0	0	 1024.35	-3	5	NULL
real	DL	14	1	15	  -20.00	0	    8.00	0	0	 1095.43	-6	5	NULL
real	EL	15	1	-15	  -20.00	0	    8.00	0	0	 1539.16	-3	7	NULL
real	AL	16	1	-15	  -20.00	0	    8.00	0	0	 1241.26	-6	7	NULL
real	DR	17	2	15	   12.00	1	   -8.00	0	0	 1264.53	-6	5	NULL
real	BL	18	2	-15	  -12.00	0	    8.00	0	0	  925.96	-6	5	NULL
real	CL	19	2	15	  -12.00	0	    8.00	0	0	 1507.15	-6	7	NULL
real	ER	20	2	-15	   12.00	1	   -8.00	0	0	  963.80	-3	7	NULL
real	HR	21	2	15	   12.00	1	   -8.00	0	0	 1037.69	-3	5	NULL
real	HL	22	2	15	  -12.00	0	    8.00	0	0	  998.20	-3	5	NULL
real	CR	23	2	15	   12.00	1	   -8.00	0	0	 1451.91	-6	7	NULL
real	DL	24	2	15	  -12.00	0	    8.00	0	0	  972.40	-6	5	NULL
real	EL	25	2	-15	  -12.00	0	    8.00	0	0	  801.67	-3	7	NULL
real	AR	26	2	-15	   12.00	1	   -8.00	0	0	  883.93	-6	7	NULL
real	GR	27	2	15	   12.00	1	   -8.00	0	0	  845.16	-3	7	NULL
real	AL	28	2	-15	  -12.00	0	    8.00	0	0	  972.29	-6	7	NULL
real	FL	29	2	-15	  -12.00	0	    8.00	0	0	  824.25	-3	5	NULL
real	BR	30	2	-15	   12.00	1	   -8.00	0	0	  884.15	-6	5	NULL
real	GL	31	2	15	  -12.00	0	    8.00	0	0	  911.74	-3	7	NULL
real	FR	32	2	-15	   12.00	1	   -8.00	0	0	  724.63	-3	5	NULL
real	CR	33	3	15	    4.00	1	   -8.00	0	0	 1095.14	-6	7	NULL
real	HL	34	3	15	   -4.00	0	    8.00	0	0	  878.19	-3	5	NULL
real	AR	35	3	-15	    4.00	1	   -8.00	0	0	  734.94	-6	7	NULL
real	ER	36	3	-15	    4.00	1	   -8.00	0	0	 1264.87	-3	7	NULL
real	FR	37	3	-15	    4.00	1	   -8.00	0	0	  870.55	-3	5	NULL
real	BL	38	3	-15	   -4.00	1	   -4.00	1	1	  908.14	-6	5	NULL
real	BR	39	3	-15	    4.00	1	   -8.00	0	0	 1340.02	-6	5	NULL
real	DR	40	3	15	    4.00	1	   -8.00	0	0	  797.90	-6	5	NULL
real	GR	41	3	15	    4.00	1	   -8.00	0	0	 1027.12	-3	7	NULL
real	DL	42	3	15	   -4.00	0	    8.00	0	0	  772.42	-6	5	NULL
real	GL	43	3	15	   -4.00	0	    8.00	0	0	 1698.71	-3	7	NULL
real	EL	44	3	-15	   -4.00	1	   -4.00	1	1	  732.45	-3	7	NULL
real	FL	45	3	-15	   -4.00	1	   -4.00	1	1	 1175.56	-3	5	NULL
real	CL	46	3	15	   -4.00	0	    8.00	0	0	  892.49	-6	7	NULL
real	HR	47	3	15	    4.00	1	   -8.00	0	0	  720.26	-3	5	NULL
real	AL	48	3	-15	   -4.00	1	   -4.00	1	1	  897.83	-6	7	NULL
real	BR	49	4	-15	   -4.00	0	    4.00	1	1	 1157.40	-6	5	NULL
real	ER	50	4	-15	   -4.00	1	   -8.00	0	0	  890.82	-3	7	NULL
real	FR	51	4	-15	   -4.00	1	   -8.00	0	0	 1157.65	-3	5	NULL
real	CR	52	4	15	   -4.00	0	    4.00	1	1	  992.51	-6	7	NULL
real	CL	53	4	15	    4.00	1	   -4.00	1	1	 1086.08	-6	7	NULL
real	EL	54	4	-15	   -8.00	0	    2.00	1	2	  900.50	-3	7	NULL
real	HR	55	4	15	   -4.00	0	    4.00	1	1	  885.58	-3	5	NULL
real	FL	56	4	-15	   -8.00	0	    2.00	1	2	  868.84	-3	5	NULL
real	DR	57	4	15	   -4.00	0	    4.00	1	1	  801.94	-6	5	NULL
real	GR	58	4	15	   -4.00	0	    4.00	1	1	  742.77	-3	7	NULL
real	AR	59	4	-15	   -4.00	1	   -8.00	0	0	  847.39	-6	7	NULL
real	AL	60	4	-15	   -8.00	0	    2.00	1	2	  695.40	-6	7	NULL
real	HL	61	4	15	    4.00	1	   -4.00	1	1	  727.92	-3	5	NULL
real	BL	62	4	-15	   -8.00	0	    2.00	1	2	  791.37	-6	5	NULL
real	GL	63	4	15	    4.00	1	   -4.00	1	1	  576.01	-3	7	NULL
real	DL	64	4	15	    4.00	1	   -4.00	1	1	  776.98	-6	5	NULL
real	HR	65	5	15	    0.00	1	   -2.00	1	2	  918.99	-3	5	NULL
real	BR	66	5	-15	    0.00	1	   -2.00	1	2	  643.13	-6	5	NULL
real	AR	67	5	-15	  -12.00	0	    4.00	1	1	  794.58	-6	7	NULL
real	FR	68	5	-15	  -12.00	0	    4.00	1	1	  742.38	-3	5	NULL
real	AL	69	5	-15	   -6.00	0	    2.00	0	2	  898.10	-6	7	NULL
real	DL	70	5	15	    0.00	1	   -4.00	0	1	  972.12	-6	5	NULL
real	ER	71	5	-15	  -12.00	0	    4.00	1	1	  775.75	-3	7	NULL
real	CL	72	5	15	    0.00	1	   -4.00	0	1	 1105.60	-6	7	NULL
real	BL	73	5	-15	   -6.00	0	    2.00	0	2	  740.32	-6	5	NULL
real	FL	74	5	-15	   -6.00	0	    2.00	0	2	  993.65	-3	5	NULL
real	GL	75	5	15	    0.00	0	    2.00	1	2	  769.87	-3	7	NULL
real	CR	76	5	15	    0.00	1	   -2.00	1	2	 1002.74	-6	7	NULL
real	DR	77	5	15	    0.00	1	   -2.00	1	2	 1064.28	-6	5	NULL
real	GR	78	5	15	    0.00	1	   -2.00	1	2	  935.45	-3	7	NULL
real	HL	79	5	15	    0.00	1	   -4.00	0	1	 1053.49	-3	5	NULL
real	EL	80	5	-15	   -6.00	0	    2.00	0	2	  956.03	-3	7	NULL
real	FR	81	6	-15	   -8.00	1	   -2.00	1	2	 1326.82	-3	5	NULL
real	DR	82	6	15	   -2.00	0	    1.00	1	3	  917.15	-6	5	NULL
real	GR	83	6	15	   -2.00	0	    1.00	1	3	  967.12	-3	7	NULL
real	HL	84	6	15	   -4.00	0	    2.00	1	2	  921.26	-3	5	NULL
real	ER	85	6	-15	   -8.00	0	    4.00	0	1	  929.03	-3	7	NULL
real	EL	86	6	-15	   -4.00	1	   -1.00	1	3	  911.90	-3	7	NULL
real	FL	87	6	-15	   -4.00	1	   -1.00	1	3	  868.70	-3	5	NULL
real	BL	88	6	-15	   -4.00	1	   -1.00	1	3	 1039.01	-6	5	NULL
real	AL	89	6	-15	   -4.00	1	   -1.00	1	3	 1186.54	-6	7	NULL
real	HR	90	6	15	   -2.00	0	    1.00	1	3	  872.38	-3	5	NULL
real	BR	91	6	-15	   -2.00	1	   -2.00	0	2	  835.21	-6	5	NULL
real	GL	92	6	15	    2.00	1	   -1.00	1	3	  847.37	-3	7	NULL
real	CL	93	6	15	   -4.00	0	    2.00	1	2	  821.33	-6	7	NULL
real	DL	94	6	15	   -4.00	0	    2.00	1	2	 1104.98	-6	5	NULL
real	CR	95	6	15	   -2.00	0	    1.00	1	3	  769.05	-6	7	NULL
real	AR	96	6	-15	   -8.00	0	    4.00	0	1	  775.44	-6	7	NULL
real	GR	97	7	15	   -1.00	0	    1.00	0	3	  826.63	-3	7	NULL
real	AL	98	7	-15	   -5.00	0	    1.00	1	4	 1261.30	-6	7	NULL
real	DR	99	7	15	   -1.00	0	    1.00	0	3	  846.12	-6	5	NULL
real	HR	100	7	15	   -1.00	0	    1.00	0	3	  917.99	-3	5	NULL
real	ER	101	7	-15	   -4.00	1	   -2.00	1	2	  942.20	-3	7	NULL
real	GL	102	7	15	    1.00	1	   -1.00	0	3	 1223.12	-3	7	NULL
real	AR	103	7	-15	   -4.00	1	   -2.00	1	2	  901.19	-6	7	NULL
real	BR	104	7	-15	   -4.00	0	    1.00	1	3	  938.37	-6	5	NULL
real	DL	105	7	15	   -2.00	0	    2.00	0	2	 1070.24	-6	5	NULL
real	BL	106	7	-15	   -5.00	0	    1.00	1	4	  666.84	-6	5	NULL
real	CR	107	7	15	   -1.00	0	    1.00	0	3	  688.19	-6	7	NULL
real	EL	108	7	-15	   -5.00	1	   -1.00	0	3	  917.53	-3	7	NULL
real	FR	109	7	-15	  -10.00	0	    1.00	1	3	  679.30	-3	5	NULL
real	HL	110	7	15	   -2.00	0	    2.00	0	2	  845.64	-3	5	NULL
real	CL	111	7	15	   -2.00	0	    2.00	0	2	  659.33	-6	7	NULL
real	FL	112	7	-15	   -5.00	0	    1.00	1	4	  700.80	-3	5	NULL
real	HL	113	8	15	    0.00	1	   -1.00	1	3	 1454.16	-3	5	NULL
real	FL	114	8	-15	   -4.00	1	   -1.00	1	5	  851.99	-3	5	NULL
real	EL	115	8	-15	   -6.00	1	   -1.00	0	3	  964.14	-3	7	NULL
real	DR	116	8	15	    0.00	0	    1.00	0	3	  882.18	-6	5	NULL
real	FR	117	8	-15	   -9.00	0	    1.00	0	3	  668.83	-3	5	NULL
real	CR	118	8	15	    0.00	1	   -1.00	1	4	 1049.83	-6	7	NULL
real	HR	119	8	15	    0.00	1	   -1.00	1	4	  847.71	-3	5	NULL
real	GR	120	8	15	    0.00	0	    1.00	0	3	  901.59	-3	7	NULL
real	ER	121	8	-15	   -6.00	0	    1.00	1	3	  912.82	-3	7	NULL
real	CL	122	8	15	    0.00	1	   -1.00	1	3	 1085.60	-6	7	NULL
real	AR	123	8	-15	   -6.00	0	    1.00	1	3	 1161.01	-6	7	NULL
real	GL	124	8	15	    0.00	1	   -1.00	0	3	  679.88	-3	7	NULL
real	BR	125	8	-15	   -3.00	0	    1.00	0	3	  866.54	-6	5	NULL
real	BL	126	8	-15	   -4.00	0	    1.00	0	4	  753.07	-6	5	NULL
real	DL	127	8	15	    0.00	1	   -1.00	1	3	  640.18	-6	5	NULL
real	AL	128	8	-15	   -4.00	0	    1.00	0	4	  791.54	-6	7	NULL
real	CR	129	9	15	   -1.00	1	   -1.00	0	4	  617.33	-6	7	NULL
real	ER	130	9	-15	   -5.00	1	   -1.00	1	4	 1215.58	-3	7	NULL
real	HL	131	9	15	   -1.00	0	    1.00	1	4	 1660.93	-3	5	NULL
real	EL	132	9	-15	   -7.00	0	    1.00	1	4	  703.59	-3	7	NULL
real	FR	133	9	-15	   -8.00	0	    1.00	0	3	  718.85	-3	5	NULL
real	DR	134	9	15	    1.00	1	   -1.00	1	4	  767.72	-6	5	NULL
real	AL	135	9	-15	   -3.00	1	   -1.00	1	5	  891.91	-6	7	NULL
real	BR	136	9	-15	   -2.00	1	   -1.00	1	4	  918.70	-6	5	NULL
real	FL	137	9	-15	   -5.00	1	   -1.00	0	5	  838.80	-3	5	NULL
real	CL	138	9	15	   -1.00	0	    1.00	1	4	  973.08	-6	7	NULL
real	DL	139	9	15	   -1.00	0	    1.00	1	4	  705.23	-6	5	NULL
real	GR	140	9	15	    1.00	0	    1.00	0	3	  810.18	-3	7	NULL
real	HR	141	9	15	   -1.00	0	    1.00	1	5	  976.58	-3	5	NULL
real	AR	142	9	-15	   -5.00	1	   -1.00	1	4	 1064.05	-6	7	NULL
real	GL	143	9	15	   -1.00	0	    1.00	1	4	  683.99	-3	7	NULL
real	BL	144	9	-15	   -3.00	1	   -1.00	1	5	  817.75	-6	5	NULL
real	DL	145	10	15	    0.00	1	   -1.00	1	5	  758.84	-6	5	NULL
real	BR	146	10	-15	   -3.00	1	   -1.00	0	4	  996.69	-6	5	NULL
real	ER	147	10	-15	   -6.00	1	   -1.00	0	4	  801.38	-3	7	NULL
real	AR	148	10	-15	   -6.00	0	    1.00	1	5	 1278.94	-6	7	NULL
real	DR	149	10	15	    0.00	1	   -1.00	0	4	 1023.89	-6	5	NULL
real	GL	150	10	15	    0.00	0	    1.00	0	4	  678.95	-3	7	NULL
real	FL	151	10	-15	   -6.00	1	   -1.00	0	5	 1134.38	-3	5	NULL
real	CR	152	10	15	   -2.00	0	    1.00	1	5	 1056.40	-6	7	NULL
real	GR	153	10	15	    2.00	1	   -1.00	1	4	  808.35	-3	7	NULL
real	CL	154	10	15	    0.00	0	    1.00	0	4	  595.01	-6	7	NULL
real	EL	155	10	-15	   -6.00	1	   -1.00	1	5	 1155.85	-3	7	NULL
real	BL	156	10	-15	   -4.00	0	    1.00	1	6	  807.60	-6	5	NULL
real	AL	157	10	-15	   -4.00	1	   -1.00	0	5	  823.45	-6	7	NULL
real	HL	158	10	15	    0.00	1	   -1.00	1	5	  932.60	-3	5	NULL
real	HR	159	10	15	    0.00	0	    1.00	0	5	  883.80	-3	5	NULL
real	FR	160	10	-15	   -7.00	0	    1.00	0	3	  704.31	-3	5	NULL
real	EL	161	11	-15	   -7.00	0	    1.00	1	6	  631.42	-3	7	NULL
real	FL	162	11	-15	   -7.00	0	    1.00	1	6	  734.61	-3	5	NULL
real	GR	163	11	15	    1.00	1	   -1.00	0	4	  747.78	-3	7	NULL
real	DR	164	11	15	   -1.00	1	   -1.00	0	4	 1085.94	-6	5	NULL
real	DL	165	11	15	   -1.00	0	    1.00	1	6	  878.79	-6	5	NULL
real	CL	166	11	15	    1.00	1	   -1.00	1	5	  650.21	-6	7	NULL
real	AR	167	11	-15	   -5.00	0	    1.00	0	5	  774.60	-6	7	NULL
real	ER	168	11	-15	   -7.00	1	   -1.00	0	4	 1024.97	-3	7	NULL
real	BR	169	11	-15	   -4.00	1	   -1.00	0	4	 1013.51	-6	5	NULL
real	AL	170	11	-15	   -5.00	0	    1.00	1	6	  999.70	-6	7	NULL
real	GL	171	11	15	    1.00	1	   -1.00	1	5	  876.25	-3	7	NULL
real	HR	172	11	15	    1.00	0	    1.00	0	5	 1879.15	-3	5	NULL
real	BL	173	11	-15	   -3.00	1	   -1.00	1	7	  856.02	-6	5	NULL
real	CR	174	11	15	   -1.00	0	    1.00	0	5	  857.90	-6	7	NULL
real	HL	175	11	15	   -1.00	0	    1.00	1	6	  739.97	-3	5	NULL
real	FR	176	11	-15	   -6.00	1	   -1.00	1	4	 1534.84	-3	5	NULL
real	BR	177	12	-15	   -5.00	0	    1.00	1	5	  999.61	-6	5	NULL
real	GL	178	12	15	    0.00	1	   -1.00	0	5	  802.75	-3	7	NULL
real	HL	179	12	15	    0.00	0	    1.00	0	6	  959.59	-3	5	NULL
real	FR	180	12	-15	   -7.00	0	    1.00	1	5	  784.78	-3	5	NULL
real	CR	181	12	15	    0.00	0	    1.00	0	5	 1281.18	-6	7	NULL
real	EL	182	12	-15	   -6.00	1	   -1.00	1	7	  882.20	-3	7	NULL
real	HR	183	12	15	    2.00	1	   -1.00	1	6	  849.96	-3	5	NULL
real	FL	184	12	-15	   -6.00	0	    1.00	0	6	  936.61	-3	5	NULL
real	ER	185	12	-15	   -8.00	0	    1.00	1	5	  908.40	-3	7	NULL
real	DR	186	12	15	   -2.00	0	    1.00	1	5	  962.57	-6	5	NULL
real	BL	187	12	-15	   -4.00	0	    1.00	1	8	 1567.95	-6	5	NULL
real	GR	188	12	15	    0.00	0	    1.00	1	5	 1545.02	-3	7	NULL
real	CL	189	12	15	    0.00	1	   -1.00	0	5	  658.12	-6	7	NULL
real	DL	190	12	15	    0.00	1	   -1.00	1	7	  935.81	-6	5	NULL
real	AR	191	12	-15	   -4.00	0	    1.00	0	5	 1086.16	-6	7	NULL
real	AL	192	12	-15	   -4.00	1	   -1.00	1	7	  840.84	-6	7	NULL
real	FL	193	13	-15	   -5.00	0	    1.00	0	6	 1555.26	-3	5	NULL
real	GR	194	13	15	    1.00	0	    1.00	0	5	  961.80	-3	7	NULL
real	BR	195	13	-15	   -4.00	1	   -1.00	1	6	  980.11	-6	5	NULL
real	CR	196	13	15	    1.00	0	    1.00	0	5	 1035.31	-6	7	NULL
real	DR	197	13	15	   -1.00	1	   -1.00	1	6	  808.69	-6	5	NULL
real	HR	198	13	15	    1.00	0	    1.00	1	7	  650.14	-3	5	NULL
real	GL	199	13	15	   -1.00	0	    1.00	1	6	 1215.48	-3	7	NULL
real	AR	200	13	-15	   -3.00	1	   -1.00	1	6	  798.60	-6	7	NULL
real	CL	201	13	15	   -1.00	1	   -1.00	0	5	 1269.04	-6	7	NULL
real	HL	202	13	15	    1.00	1	   -1.00	1	7	  928.73	-3	5	NULL
real	AL	203	13	-15	   -5.00	0	    1.00	1	8	  802.16	-6	7	NULL
real	DL	204	13	15	   -1.00	1	   -1.00	0	7	  886.00	-6	5	NULL
real	BL	205	13	-15	   -3.00	1	   -1.00	1	9	  962.87	-6	5	NULL
real	ER	206	13	-15	   -7.00	0	    1.00	0	5	  732.51	-3	7	NULL
real	FR	207	13	-15	   -6.00	0	    1.00	0	5	  937.33	-3	5	NULL
real	EL	208	13	-15	   -7.00	0	    1.00	1	8	  429.67	-3	7	NULL
real	DR	209	14	15	   -2.00	0	    1.00	1	7	  723.21	-6	5	NULL
real	HL	210	14	15	    0.00	0	    1.00	1	8	  717.20	-3	5	NULL
real	BL	211	14	-15	   -4.00	1	   -1.00	0	9	 1508.20	-6	5	NULL
real	AL	212	14	-15	   -4.00	0	    1.00	0	8	  933.05	-6	7	NULL
real	CR	213	14	15	    2.00	1	   -1.00	1	6	  684.05	-6	7	NULL
real	GL	214	14	15	    0.00	0	    1.00	0	6	  835.81	-3	7	NULL
real	FL	215	14	-15	   -4.00	1	   -1.00	1	7	 1049.75	-3	5	NULL
real	GR	216	14	15	    2.00	1	   -1.00	1	6	  704.35	-3	7	NULL
real	FR	217	14	-15	   -5.00	0	    1.00	0	5	  970.46	-3	5	NULL
real	DL	218	14	15	   -2.00	1	   -1.00	0	7	  807.17	-6	5	NULL
real	HR	219	14	15	    2.00	1	   -1.00	1	8	  838.77	-3	5	NULL
real	EL	220	14	-15	   -6.00	0	    1.00	0	8	  593.46	-3	7	NULL
real	BR	221	14	-15	   -5.00	0	    1.00	1	7	  688.71	-6	5	NULL
real	CL	222	14	15	   -2.00	0	    1.00	1	6	 1349.35	-6	7	NULL
real	ER	223	14	-15	   -6.00	1	   -1.00	1	6	  863.30	-3	7	NULL
real	AR	224	14	-15	   -4.00	1	   -1.00	0	6	  952.04	-6	7	NULL
real	FL	225	15	-15	   -5.00	1	   -1.00	0	7	  867.41	-3	5	NULL
real	HL	226	15	15	    1.00	1	   -1.00	1	9	  973.47	-3	5	NULL
real	BR	227	15	-15	   -4.00	0	    1.00	0	7	  874.08	-6	5	NULL
real	DL	228	15	15	   -3.00	0	    1.00	1	8	  880.58	-6	5	NULL
real	AR	229	15	-15	   -5.00	0	    1.00	1	7	  575.01	-6	7	NULL
real	HR	230	15	15	    1.00	1	   -1.00	0	8	  698.67	-3	5	NULL
real	GR	231	15	15	    1.00	0	    1.00	1	7	 1023.77	-3	7	NULL
real	ER	232	15	-15	   -7.00	0	    1.00	1	7	  552.66	-3	7	NULL
real	DR	233	15	15	   -1.00	0	    1.00	0	7	  982.55	-6	5	NULL
real	CL	234	15	15	   -1.00	0	    1.00	0	6	  695.48	-6	7	NULL
real	EL	235	15	-15	   -5.00	1	   -1.00	1	9	  618.18	-3	7	NULL
real	GL	236	15	15	    1.00	1	   -1.00	1	7	  722.82	-3	7	NULL
real	CR	237	15	15	    1.00	1	   -1.00	0	6	  855.34	-6	7	NULL
real	AL	238	15	-15	   -3.00	0	    1.00	0	8	  709.93	-6	7	NULL
real	BL	239	15	-15	   -5.00	0	    1.00	1	10	  725.93	-6	5	NULL
real	FR	240	15	-15	   -4.00	1	   -1.00	1	6	  877.53	-3	5	NULL
real	AR	241	16	-15	   -4.00	0	    1.00	0	7	  592.47	-6	7	NULL
real	BR	242	16	-15	   -3.00	1	   -1.00	1	8	 1020.27	-6	5	NULL
real	DL	243	16	15	   -2.00	0	    1.00	0	8	  710.05	-6	5	NULL
real	DR	244	16	15	    0.00	0	    1.00	0	7	  751.33	-6	5	NULL
real	AL	245	16	-15	   -2.00	1	   -1.00	1	9	  683.26	-6	7	NULL
real	EL	246	16	-15	   -6.00	0	    1.00	1	10	  518.88	-3	7	NULL
real	BL	247	16	-15	   -4.00	0	    1.00	0	10	  654.89	-6	5	NULL
real	HL	248	16	15	    0.00	1	   -1.00	0	9	  784.21	-3	5	NULL
real	FL	249	16	-15	   -6.00	0	    1.00	1	8	  832.64	-3	5	NULL
real	GL	250	16	15	    0.00	0	    1.00	1	8	  774.50	-3	7	NULL
real	CR	251	16	15	    0.00	1	   -1.00	0	6	  757.78	-6	7	NULL
real	HR	252	16	15	    0.00	0	    1.00	1	9	  857.57	-3	5	NULL
real	CL	253	16	15	    0.00	0	    1.00	0	6	 1157.40	-6	7	NULL
real	ER	254	16	-15	   -6.00	1	   -1.00	1	8	  712.72	-3	7	NULL
real	FR	255	16	-15	   -5.00	0	    1.00	1	7	 2157.47	-3	5	NULL
real	GR	256	16	15	    2.00	1	   -1.00	1	8	 1248.39	-3	7	NULL
real	GR	257	17	15	    1.00	0	    1.00	1	9	  836.54	-3	7	NULL
real	DL	258	17	15	   -1.00	0	    1.00	0	8	  917.59	-6	5	NULL
real	CR	259	17	15	   -1.00	1	   -1.00	0	6	  772.77	-6	7	NULL
real	AR	260	17	-15	   -3.00	0	    1.00	0	7	  763.64	-6	7	NULL
real	BL	261	17	-15	   -3.00	0	    1.00	0	10	  802.85	-6	5	NULL
real	GL	262	17	15	    1.00	1	   -1.00	1	9	  983.10	-3	7	NULL
real	AL	263	17	-15	   -3.00	1	   -1.00	0	9	 1031.90	-6	7	NULL
real	CL	264	17	15	    1.00	0	    1.00	0	6	  755.13	-6	7	NULL
real	FR	265	17	-15	   -4.00	1	   -1.00	1	8	 1070.91	-3	5	NULL
real	EL	266	17	-15	   -5.00	1	   -1.00	1	11	 1062.40	-3	7	NULL
real	FL	267	17	-15	   -5.00	1	   -1.00	1	9	  869.74	-3	5	NULL
real	HL	268	17	15	   -1.00	0	    1.00	1	10	  764.21	-3	5	NULL
real	HR	269	17	15	    1.00	1	   -1.00	1	10	 1071.72	-3	5	NULL
real	ER	270	17	-15	   -7.00	0	    1.00	1	9	  563.18	-3	7	NULL
real	BR	271	17	-15	   -4.00	0	    1.00	1	9	  667.94	-6	5	NULL
real	DR	272	17	15	    1.00	1	   -1.00	1	8	  672.14	-6	5	NULL
real	CR	273	18	15	   -2.00	0	    1.00	1	7	  554.27	-6	7	NULL
real	DL	274	18	15	    0.00	0	    1.00	0	8	  614.79	-6	5	NULL
real	EL	275	18	-15	   -6.00	0	    1.00	1	12	  517.18	-3	7	NULL
real	GR	276	18	15	    2.00	1	   -1.00	1	10	  644.54	-3	7	NULL
real	BL	277	18	-15	   -2.00	1	   -1.00	1	11	  686.68	-6	5	NULL
real	CL	278	18	15	    2.00	1	   -1.00	1	7	  911.53	-6	7	NULL
real	FL	279	18	-15	   -6.00	0	    1.00	1	10	  638.28	-3	5	NULL
real	BR	280	18	-15	   -3.00	1	   -1.00	1	10	  525.74	-6	5	NULL
real	DR	281	18	15	    0.00	1	   -1.00	0	8	 1105.45	-6	5	NULL
real	AR	282	18	-15	   -2.00	1	   -1.00	1	8	  936.28	-6	7	NULL
real	FR	283	18	-15	   -5.00	1	   -1.00	0	8	  728.82	-3	5	NULL
real	HL	284	18	15	    0.00	0	    1.00	0	10	  797.63	-3	5	NULL
real	HR	285	18	15	    0.00	0	    1.00	1	11	  550.88	-3	5	NULL
real	ER	286	18	-15	   -6.00	1	   -1.00	1	10	  809.56	-3	7	NULL
real	AL	287	18	-15	   -4.00	1	   -1.00	0	9	  566.25	-6	7	NULL
real	GL	288	18	15	    0.00	1	   -1.00	0	9	  519.45	-3	7	NULL
real	DL	289	19	15	    1.00	1	   -1.00	1	9	  510.02	-6	5	NULL
real	BR	290	19	-15	   -4.00	0	    1.00	1	11	  853.46	-6	5	NULL
real	CL	291	19	15	    1.00	1	   -1.00	0	7	  970.66	-6	7	NULL
real	GL	292	19	15	   -1.00	0	    1.00	1	10	  748.05	-3	7	NULL
real	HL	293	19	15	    1.00	1	   -1.00	1	11	  722.08	-3	5	NULL
real	GR	294	19	15	    1.00	1	   -1.00	0	10	  634.86	-3	7	NULL
real	FL	295	19	-15	   -5.00	0	    1.00	0	10	  919.23	-3	5	NULL
real	BL	296	19	-15	   -3.00	0	    1.00	1	12	  938.54	-6	5	NULL
real	ER	297	19	-15	   -7.00	0	    1.00	1	11	  611.04	-3	7	NULL
real	FR	298	19	-15	   -6.00	1	   -1.00	0	8	  830.60	-3	5	NULL
real	CR	299	19	15	   -1.00	0	    1.00	0	7	  707.41	-6	7	NULL
real	DR	300	19	15	   -1.00	1	   -1.00	0	8	  560.97	-6	5	NULL
real	AL	301	19	-15	   -5.00	0	    1.00	1	10	  840.92	-6	7	NULL
real	HR	302	19	15	    1.00	0	    1.00	0	11	 1912.43	-3	5	NULL
real	AR	303	19	-15	   -3.00	1	   -1.00	0	8	  677.65	-6	7	NULL
real	CR	304	20	15	    0.00	1	   -1.00	1	8	  606.58	-6	7	NULL
real	FR	305	20	-15	   -7.00	0	    1.00	1	9	  846.53	-3	5	NULL
real	GL	306	20	15	    0.00	1	   -1.00	1	11	  685.13	-3	7	NULL
real	AR	307	20	-15	   -4.00	0	    1.00	1	9	  769.81	-6	7	NULL
real	BR	308	20	-15	   -3.00	0	    1.00	0	11	  719.39	-6	5	NULL
real	GR	309	20	15	    0.00	0	    1.00	1	11	  752.53	-3	7	NULL
real	CL	310	20	15	    0.00	0	    1.00	1	8	 1043.85	-6	7	NULL
real	HR	311	20	15	    2.00	1	   -1.00	1	12	  582.19	-3	5	NULL
real	HL	312	20	15	    0.00	1	   -1.00	0	11	  808.75	-3	5	NULL
real	FL	313	20	-15	   -4.00	0	    1.00	0	10	 1645.65	-3	5	NULL
real	DL	314	20	15	    0.00	0	    1.00	1	10	  626.14	-6	5	NULL
real	AL	315	20	-15	   -4.00	1	   -1.00	1	11	  854.11	-6	7	NULL
real	DR	316	20	15	   -2.00	0	    1.00	1	9	  758.34	-6	5	NULL
real	ER	317	20	-15	   -6.00	1	   -1.00	1	12	  609.41	-3	7	NULL
real	DR	318	21	15	   -1.00	0	    1.00	0	9	  796.48	-6	5	NULL
real	BR	319	21	-15	   -2.00	1	   -1.00	1	12	  520.36	-6	5	NULL
real	AL	320	21	-15	   -5.00	0	    1.00	1	12	  578.22	-6	7	NULL
real	DL	321	21	15	    1.00	1	   -1.00	1	11	  412.40	-6	5	NULL
real	CR	322	21	15	   -1.00	0	    1.00	1	9	  986.62	-6	7	NULL
real	FR	323	21	-15	   -6.00	0	    1.00	0	9	 1024.63	-3	5	NULL
real	FL	324	21	-15	   -3.00	1	   -1.00	1	11	  604.26	-3	5	NULL
real	GL	325	21	15	   -1.00	0	    1.00	1	12	  609.78	-3	7	NULL
real	HL	326	21	15	   -1.00	0	    1.00	1	12	  780.06	-3	5	NULL
real	AR	327	21	-15	   -3.00	1	   -1.00	1	10	  917.39	-6	7	NULL
real	CL	328	21	15	    1.00	1	   -1.00	1	9	  616.05	-6	7	NULL
real	GR	329	21	15	    1.00	0	    1.00	0	11	  585.71	-3	7	NULL
real	GR	330	22	15	    2.00	0	    1.00	0	11	  574.48	-3	7	NULL
real	FR	331	22	-15	   -5.00	0	    1.00	0	9	  785.43	-3	5	NULL
real	DR	332	22	15	    0.00	0	    1.00	0	9	 1160.46	-6	5	NULL
real	AR	333	22	-15	   -4.00	1	   -1.00	0	10	  537.41	-6	7	NULL
real	CL	334	22	15	    0.00	0	    1.00	1	10	  898.99	-6	7	NULL
real	DL	335	22	15	    0.00	0	    1.00	1	12	  810.23	-6	5	NULL
real	CR	336	22	15	    0.00	0	    1.00	0	9	  799.50	-6	7	NULL
real	FL	337	22	-15	   -4.00	1	   -1.00	0	11	  882.73	-3	5	NULL
real	AR	338	23	-15	   -5.00	1	   -1.00	0	10	  934.54	-6	7	NULL
real	CR	339	23	15	    1.00	1	   -1.00	1	10	  695.22	-6	7	NULL
real	GR	340	23	15	    3.00	1	   -1.00	1	12	  668.92	-3	7	NULL
real	FL	341	23	-15	   -5.00	0	    1.00	1	12	  602.89	-3	5	NULL
real	CL	342	23	15	    1.00	1	   -1.00	1	11	  647.40	-6	7	NULL
real	DR	343	23	15	    1.00	1	   -1.00	1	10	 1023.69	-6	5	NULL
real	FR	344	23	-15	   -4.00	1	   -1.00	1	10	  762.28	-3	5	NULL
real	DR	345	24	15	    0.00	0	    1.00	1	11	  953.74	-6	5	NULL
real	CR	346	24	15	    0.00	0	    1.00	1	11	  848.82	-6	7	NULL
real	AR	347	24	-15	   -6.00	0	    1.00	1	11	  742.03	-6	7	NULL
real	CL	348	24	15	    0.00	1	   -1.00	0	11	  752.47	-6	7	NULL
real	FR	349	24	-15	   -5.00	0	    1.00	1	11	  689.95	-3	5	NULL
real	DR	350	25	15	    1.00	1	   -1.00	1	12	  535.80	-6	5	NULL
real	CR	351	25	15	    1.00	1	   -1.00	1	12	  815.13	-6	7	NULL
real	FR	352	25	-15	   -4.00	1	   -1.00	1	12	  861.60	-3	5	NULL
real	CL	353	25	15	   -1.00	0	    1.00	1	12	  469.67	-6	7	NULL
real	AR	354	25	-15	   -5.00	1	   -1.00	1	12	  760.52	-6	7	NULL
