TRIAL_TYPE	trial_variant	TRIAL_NUMBER	TRIAL_ITERATION_VAL	frame_tilt	rod_tilt	response	step_size	reversal	reversal_num	RT	probe_del	alpha_entrain_refreshes	rod_tilt_val
real	GR	1	1	15	   20.00	1	   -8.00	0	0	 6567.01	-3	7	NULL
real	HR	2	1	15	   20.00	1	   -8.00	0	0	 1771.41	-3	5	NULL
real	FR	3	1	-15	   20.00	1	   -8.00	0	0	  898.79	-3	5	NULL
real	FL	4	1	-15	  -20.00	0	    8.00	0	0	 1278.67	-3	5	NULL
real	HL	5	1	15	  -20.00	0	    8.00	0	0	  913.24	-3	5	NULL
real	ER	6	1	-15	   20.00	1	   -8.00	0	0	  918.25	-3	7	NULL
real	BL	7	1	-15	  -20.00	0	    8.00	0	0	  959.26	-6	5	NULL
real	DR	8	1	15	   20.00	1	   -8.00	0	0	  852.32	-6	5	NULL
real	EL	9	1	-15	  -20.00	0	    8.00	0	0	  915.10	-3	7	NULL
real	DL	10	1	15	  -20.00	0	    8.00	0	0	 1124.94	-6	5	NULL
real	CL	11	1	15	  -20.00	0	    8.00	0	0	 1049.72	-6	7	NULL
real	AR	12	1	-15	   20.00	1	   -8.00	0	0	  951.21	-6	7	NULL
real	AL	13	1	-15	  -20.00	0	    8.00	0	0	  917.89	-6	7	NULL
real	CR	14	1	15	   20.00	1	   -8.00	0	0	  785.24	-6	7	NULL
real	BR	15	1	-15	   20.00	1	   -8.00	0	0	  769.73	-6	5	NULL
real	GL	16	1	15	  -20.00	0	    8.00	0	0	  741.61	-3	7	NULL
real	FR	17	2	-15	   12.00	1	   -8.00	0	0	  780.66	-3	5	NULL
real	EL	18	2	-15	  -12.00	0	    8.00	0	0	 1891.14	-3	7	NULL
real	DL	19	2	15	  -12.00	0	    8.00	0	0	 1246.75	-6	5	NULL
real	GR	20	2	15	   12.00	1	   -8.00	0	0	  828.02	-3	7	NULL
real	FL	21	2	-15	  -12.00	0	    8.00	0	0	 1454.13	-3	5	NULL
real	BL	22	2	-15	  -12.00	0	    8.00	0	0	  928.82	-6	5	NULL
real	DR	23	2	15	   12.00	1	   -8.00	0	0	  896.38	-6	5	NULL
real	BR	24	2	-15	   12.00	1	   -8.00	0	0	  619.53	-6	5	NULL
real	HR	25	2	15	   12.00	1	   -8.00	0	0	  596.77	-3	5	NULL
real	ER	26	2	-15	   12.00	1	   -8.00	0	0	  650.12	-3	7	NULL
real	CR	27	2	15	   12.00	1	   -8.00	0	0	  794.98	-6	7	NULL
real	GL	28	2	15	  -12.00	0	    8.00	0	0	  878.85	-3	7	NULL
real	AL	29	2	-15	  -12.00	0	    8.00	0	0	 1117.25	-6	7	NULL
real	CL	30	2	15	  -12.00	0	    8.00	0	0	  601.77	-6	7	NULL
real	AR	31	2	-15	   12.00	1	   -8.00	0	0	  611.56	-6	7	NULL
real	HL	32	2	15	  -12.00	0	    8.00	0	0	  691.42	-3	5	NULL
real	CR	33	3	15	    4.00	1	   -8.00	0	0	 1454.06	-6	7	NULL
real	ER	34	3	-15	    4.00	1	   -8.00	0	0	  606.92	-3	7	NULL
real	EL	35	3	-15	   -4.00	1	   -4.00	1	1	  737.87	-3	7	NULL
real	DL	36	3	15	   -4.00	0	    8.00	0	0	 1097.32	-6	5	NULL
real	GL	37	3	15	   -4.00	0	    8.00	0	0	 1430.00	-3	7	NULL
real	FR	38	3	-15	    4.00	1	   -8.00	0	0	  688.86	-3	5	NULL
real	BR	39	3	-15	    4.00	1	   -8.00	0	0	  455.50	-6	5	NULL
real	BL	40	3	-15	   -4.00	1	   -4.00	1	1	  694.33	-6	5	NULL
real	CL	41	3	15	   -4.00	0	    8.00	0	0	  730.66	-6	7	NULL
real	FL	42	3	-15	   -4.00	0	    8.00	0	0	 1095.51	-3	5	NULL
real	GR	43	3	15	    4.00	0	    4.00	1	1	 1178.08	-3	7	NULL
real	HR	44	3	15	    4.00	1	   -8.00	0	0	  774.43	-3	5	NULL
real	AL	45	3	-15	   -4.00	0	    8.00	0	0	 1541.10	-6	7	NULL
real	DR	46	3	15	    4.00	1	   -8.00	0	0	  756.07	-6	5	NULL
real	AR	47	3	-15	    4.00	1	   -8.00	0	0	  616.89	-6	7	NULL
real	HL	48	3	15	   -4.00	0	    8.00	0	0	  892.09	-3	5	NULL
real	DR	49	4	15	   -4.00	0	    4.00	1	1	  741.93	-6	5	NULL
real	CL	50	4	15	    4.00	1	   -4.00	1	1	 1367.46	-6	7	NULL
real	DL	51	4	15	    4.00	1	   -4.00	1	1	  649.37	-6	5	NULL
real	HR	52	4	15	   -4.00	0	    4.00	1	1	  825.30	-3	5	NULL
real	FR	53	4	-15	   -4.00	0	    4.00	1	1	  936.78	-3	5	NULL
real	CR	54	4	15	   -4.00	1	   -8.00	0	0	 1448.36	-6	7	NULL
real	EL	55	4	-15	   -8.00	1	   -4.00	0	1	 1089.49	-3	7	NULL
real	AR	56	4	-15	   -4.00	1	   -8.00	0	0	  707.18	-6	7	NULL
real	GL	57	4	15	    4.00	1	   -4.00	1	1	  662.07	-3	7	NULL
real	AL	58	4	-15	    4.00	1	   -4.00	1	1	 1007.85	-6	7	NULL
real	BR	59	4	-15	   -4.00	1	   -8.00	0	0	  727.31	-6	5	NULL
real	FL	60	4	-15	    4.00	1	   -4.00	1	1	  812.02	-3	5	NULL
real	BL	61	4	-15	   -8.00	0	    2.00	1	2	  734.32	-6	5	NULL
real	HL	62	4	15	    4.00	1	   -4.00	1	1	  948.92	-3	5	NULL
real	ER	63	4	-15	   -4.00	0	    4.00	1	1	  945.44	-3	7	NULL
real	GR	64	4	15	    8.00	1	   -2.00	1	2	  631.31	-3	7	NULL
real	AL	65	5	-15	    0.00	0	    2.00	1	2	  835.97	-6	7	NULL
real	DL	66	5	15	    0.00	1	   -4.00	0	1	  693.60	-6	5	NULL
real	CL	67	5	15	    0.00	1	   -4.00	0	1	  693.60	-6	7	NULL
real	EL	68	5	-15	  -12.00	1	   -4.00	0	1	  651.89	-3	7	NULL
real	FL	69	5	-15	    0.00	1	   -4.00	0	1	  748.66	-3	5	NULL
real	FR	70	5	-15	    0.00	1	   -2.00	1	2	  580.61	-3	5	NULL
real	ER	71	5	-15	    0.00	1	   -2.00	1	2	  770.69	-3	7	NULL
real	GR	72	5	15	    6.00	1	   -2.00	0	2	  535.53	-3	7	NULL
real	HR	73	5	15	    0.00	1	   -2.00	1	2	  572.40	-3	5	NULL
real	AR	74	5	-15	  -12.00	0	    4.00	1	1	  580.66	-6	7	NULL
real	BR	75	5	-15	  -12.00	0	    4.00	1	1	  864.19	-6	5	NULL
real	GL	76	5	15	    0.00	0	    2.00	1	2	  867.94	-3	7	NULL
real	HL	77	5	15	    0.00	1	   -4.00	0	1	 1065.18	-3	5	NULL
real	DR	78	5	15	    0.00	1	   -2.00	1	2	  556.58	-6	5	NULL
real	CR	79	5	15	  -12.00	0	    4.00	1	1	 1239.45	-6	7	NULL
real	BL	80	5	-15	   -6.00	1	   -1.00	1	3	  732.39	-6	5	NULL
real	HL	81	6	15	   -4.00	0	    2.00	1	2	 1258.90	-3	5	NULL
real	HR	82	6	15	   -2.00	1	   -2.00	0	2	  894.96	-3	5	NULL
real	FL	83	6	-15	   -4.00	1	   -4.00	0	1	  467.49	-3	5	NULL
real	GL	84	6	15	    2.00	1	   -1.00	1	3	  725.63	-3	7	NULL
real	CR	85	6	15	   -8.00	0	    4.00	0	1	  608.77	-6	7	NULL
real	BR	86	6	-15	   -8.00	0	    4.00	0	1	 1151.45	-6	5	NULL
real	ER	87	6	-15	   -2.00	1	   -2.00	0	2	  640.66	-3	7	NULL
real	EL	88	6	-15	  -16.00	0	    2.00	1	2	  797.19	-3	7	NULL
real	FR	89	6	-15	   -2.00	1	   -2.00	0	2	  897.34	-3	5	NULL
real	DR	90	6	15	   -2.00	1	   -2.00	0	2	  722.10	-6	5	NULL
real	DL	91	6	15	   -4.00	0	    2.00	1	2	 1102.16	-6	5	NULL
real	AR	92	6	-15	   -8.00	0	    4.00	0	1	  939.68	-6	7	NULL
real	AL	93	6	-15	    2.00	1	   -1.00	1	3	  625.19	-6	7	NULL
real	BL	94	6	-15	   -7.00	0	    1.00	1	4	  955.00	-6	5	NULL
real	GR	95	6	15	    4.00	1	   -2.00	0	2	  735.07	-3	7	NULL
real	CL	96	6	15	   -4.00	0	    2.00	1	2	  792.63	-6	7	NULL
real	DL	97	7	15	   -2.00	1	   -1.00	1	3	  977.61	-6	5	NULL
real	FR	98	7	-15	   -4.00	1	   -2.00	0	2	  769.48	-3	5	NULL
real	DR	99	7	15	   -4.00	0	    1.00	1	3	  648.71	-6	5	NULL
real	EL	100	7	-15	  -14.00	0	    2.00	0	2	  666.16	-3	7	NULL
real	FL	101	7	-15	   -8.00	1	   -4.00	0	1	  673.04	-3	5	NULL
real	BL	102	7	-15	   -6.00	1	   -1.00	1	5	 1034.48	-6	5	NULL
real	GL	103	7	15	    1.00	1	   -1.00	0	3	  796.92	-3	7	NULL
real	ER	104	7	-15	   -4.00	1	   -2.00	0	2	  839.14	-3	7	NULL
real	AR	105	7	-15	   -4.00	1	   -2.00	1	2	  733.59	-6	7	NULL
real	HR	106	7	15	   -4.00	1	   -2.00	0	2	  831.13	-3	5	NULL
real	HL	107	7	15	   -2.00	1	   -1.00	1	3	  561.02	-3	5	NULL
real	BR	108	7	-15	   -4.00	1	   -2.00	1	2	  916.22	-6	5	NULL
real	GR	109	7	15	    2.00	0	    1.00	1	3	  882.63	-3	7	NULL
real	CL	110	7	15	   -2.00	1	   -1.00	1	3	 1291.87	-6	7	NULL
real	AL	111	7	-15	    1.00	1	   -1.00	0	3	  702.63	-6	7	NULL
real	CR	112	7	15	   -4.00	0	    4.00	0	1	  800.44	-6	7	NULL
real	ER	113	8	-15	   -6.00	1	   -2.00	0	2	  690.05	-3	7	NULL
real	HR	114	8	15	   -6.00	1	   -2.00	0	2	  770.87	-3	5	NULL
real	GR	115	8	15	    3.00	1	   -1.00	1	4	  655.58	-3	7	NULL
real	EL	116	8	-15	  -12.00	0	    2.00	0	2	  845.32	-3	7	NULL
real	HL	117	8	15	   -3.00	0	    1.00	1	4	  805.95	-3	5	NULL
real	AL	118	8	-15	    0.00	1	   -1.00	0	3	  582.72	-6	7	NULL
real	BR	119	8	-15	   -6.00	1	   -2.00	0	2	  937.57	-6	5	NULL
real	DR	120	8	15	   -3.00	1	   -1.00	1	4	  544.12	-6	5	NULL
real	GL	121	8	15	    0.00	1	   -1.00	0	3	  521.52	-3	7	NULL
real	DL	122	8	15	   -3.00	1	   -1.00	0	3	  844.06	-6	5	NULL
real	BL	123	8	-15	   -7.00	1	   -1.00	0	5	  681.46	-6	5	NULL
real	CR	124	8	15	    0.00	1	   -2.00	1	2	  696.66	-6	7	NULL
real	FR	125	8	-15	   -6.00	1	   -2.00	0	2	  647.43	-3	5	NULL
real	FL	126	8	-15	  -12.00	0	    2.00	1	2	  654.39	-3	5	NULL
real	CL	127	8	15	   -3.00	1	   -1.00	0	3	 1427.31	-6	7	NULL
real	AR	128	8	-15	   -6.00	1	   -2.00	0	2	  799.00	-6	7	NULL
real	GL	129	9	15	   -1.00	1	   -1.00	0	3	  650.80	-3	7	NULL
real	ER	130	9	-15	   -8.00	1	   -2.00	0	2	  722.94	-3	7	NULL
real	BR	131	9	-15	   -8.00	0	    1.00	1	3	  881.69	-6	5	NULL
real	GR	132	9	15	    2.00	1	   -1.00	0	4	  766.15	-3	7	NULL
real	AL	133	9	-15	   -1.00	1	   -1.00	0	3	 1001.78	-6	7	NULL
real	EL	134	9	-15	  -10.00	0	    2.00	0	2	  933.29	-3	7	NULL
real	CL	135	9	15	   -4.00	1	   -1.00	0	3	  536.67	-6	7	NULL
real	DR	136	9	15	   -4.00	1	   -1.00	0	4	  441.68	-6	5	NULL
real	BL	137	9	-15	   -8.00	1	   -1.00	0	5	  548.57	-6	5	NULL
real	FL	138	9	-15	  -10.00	1	   -1.00	1	3	  480.03	-3	5	NULL
real	CR	139	9	15	   -2.00	0	    1.00	1	3	 1281.11	-6	7	NULL
real	FR	140	9	-15	   -8.00	0	    1.00	1	3	  786.41	-3	5	NULL
real	HR	141	9	15	   -8.00	0	    1.00	1	3	  823.45	-3	5	NULL
real	AR	142	9	-15	   -8.00	0	    1.00	1	3	  798.65	-6	7	NULL
real	HL	143	9	15	   -2.00	0	    1.00	0	4	 1210.51	-3	5	NULL
real	DL	144	9	15	   -4.00	0	    1.00	1	4	  956.39	-6	5	NULL
real	HR	145	10	15	   -7.00	0	    1.00	0	3	  845.41	-3	5	NULL
real	DL	146	10	15	   -3.00	0	    1.00	0	4	  914.40	-6	5	NULL
real	DR	147	10	15	   -5.00	0	    1.00	1	5	  822.41	-6	5	NULL
real	BL	148	10	-15	   -9.00	0	    1.00	1	6	  779.37	-6	5	NULL
real	GR	149	10	15	    1.00	1	   -1.00	0	4	  782.78	-3	7	NULL
real	CL	150	10	15	   -5.00	0	    1.00	1	4	 1030.89	-6	7	NULL
real	AL	151	10	-15	   -2.00	1	   -1.00	0	3	  766.13	-6	7	NULL
real	EL	152	10	-15	   -8.00	0	    2.00	0	2	 1338.68	-3	7	NULL
real	BR	153	10	-15	   -7.00	0	    1.00	0	3	 1138.01	-6	5	NULL
real	CR	154	10	15	   -1.00	1	   -1.00	1	4	  959.84	-6	7	NULL
real	FL	155	10	-15	  -11.00	0	    1.00	1	4	  760.64	-3	5	NULL
real	AR	156	10	-15	   -7.00	0	    1.00	0	3	  854.79	-6	7	NULL
real	HL	157	10	15	   -1.00	0	    1.00	0	4	  848.92	-3	5	NULL
real	FR	158	10	-15	   -7.00	0	    1.00	0	3	 1051.10	-3	5	NULL
real	GL	159	10	15	   -2.00	1	   -1.00	0	3	  779.40	-3	7	NULL
real	ER	160	10	-15	  -10.00	0	    1.00	1	3	  726.25	-3	7	NULL
real	HR	161	11	15	   -6.00	0	    1.00	0	3	  855.91	-3	5	NULL
real	BL	162	11	-15	   -8.00	0	    1.00	0	6	  724.57	-6	5	NULL
real	ER	163	11	-15	   -9.00	0	    1.00	0	3	  578.99	-3	7	NULL
real	AL	164	11	-15	   -3.00	0	    1.00	1	4	  612.79	-6	7	NULL
real	GL	165	11	15	   -3.00	0	    1.00	1	4	  731.18	-3	7	NULL
real	FL	166	11	-15	  -10.00	0	    1.00	0	4	  663.47	-3	5	NULL
real	HL	167	11	15	    0.00	0	    1.00	0	4	  550.89	-3	5	NULL
real	AR	168	11	-15	   -6.00	1	   -1.00	1	4	 1055.06	-6	7	NULL
real	CR	169	11	15	   -2.00	1	   -1.00	0	4	 1057.51	-6	7	NULL
real	DL	170	11	15	   -2.00	1	   -1.00	1	5	  660.73	-6	5	NULL
real	CL	171	11	15	   -4.00	0	    1.00	0	4	  596.14	-6	7	NULL
real	GR	172	11	15	    0.00	1	   -1.00	0	4	  728.70	-3	7	NULL
real	FR	173	11	-15	   -6.00	1	   -1.00	1	4	  501.65	-3	5	NULL
real	BR	174	11	-15	   -6.00	1	   -1.00	1	4	  748.29	-6	5	NULL
real	DR	175	11	15	   -4.00	1	   -1.00	1	6	  542.57	-6	5	NULL
real	EL	176	11	-15	   -6.00	1	   -1.00	1	3	  551.64	-3	7	NULL
real	EL	177	12	-15	   -7.00	1	   -1.00	0	3	  402.96	-3	7	NULL
real	CR	178	12	15	   -3.00	1	   -1.00	0	4	  522.70	-6	7	NULL
real	CL	179	12	15	   -3.00	1	   -1.00	1	5	  468.30	-6	7	NULL
real	FR	180	12	-15	   -7.00	0	    1.00	1	5	  597.23	-3	5	NULL
real	HR	181	12	15	   -5.00	0	    1.00	0	3	 1009.57	-3	5	NULL
real	BR	182	12	-15	   -7.00	0	    1.00	1	5	  678.18	-6	5	NULL
real	DR	183	12	15	   -5.00	0	    1.00	1	7	  711.26	-6	5	NULL
real	GR	184	12	15	   -1.00	0	    1.00	1	5	  827.37	-3	7	NULL
real	BL	185	12	-15	   -7.00	0	    1.00	0	6	  733.09	-6	5	NULL
real	HL	186	12	15	    1.00	1	   -1.00	1	5	  627.05	-3	5	NULL
real	GL	187	12	15	   -2.00	1	   -1.00	1	5	  626.89	-3	7	NULL
real	AL	188	12	-15	   -2.00	1	   -1.00	1	5	  778.97	-6	7	NULL
real	FL	189	12	-15	   -9.00	1	   -1.00	1	5	  964.34	-3	5	NULL
real	AR	190	12	-15	   -7.00	0	    1.00	1	5	  779.58	-6	7	NULL
real	DL	191	12	15	   -3.00	1	   -1.00	0	5	  565.87	-6	5	NULL
real	ER	192	12	-15	   -8.00	1	   -1.00	1	4	  451.14	-3	7	NULL
real	CL	193	13	15	   -4.00	1	   -1.00	0	5	  402.18	-6	7	NULL
real	BR	194	13	-15	   -6.00	1	   -1.00	1	6	  355.87	-6	5	NULL
real	ER	195	13	-15	   -9.00	0	    1.00	1	5	  706.91	-3	7	NULL
real	HR	196	13	15	   -4.00	1	   -1.00	1	4	  783.61	-3	5	NULL
real	GL	197	13	15	   -3.00	0	    1.00	1	6	  833.35	-3	7	NULL
real	AR	198	13	-15	   -6.00	0	    1.00	0	5	  591.12	-6	7	NULL
real	HL	199	13	15	    0.00	1	   -1.00	0	5	  819.98	-3	5	NULL
real	FL	200	13	-15	  -10.00	0	    1.00	1	6	  749.66	-3	5	NULL
real	BL	201	13	-15	   -6.00	0	    1.00	0	6	 1167.37	-6	5	NULL
real	GR	202	13	15	    0.00	1	   -1.00	1	6	 1307.80	-3	7	NULL
real	AL	203	13	-15	   -3.00	1	   -1.00	0	5	 1437.34	-6	7	NULL
real	CR	204	13	15	   -4.00	1	   -1.00	0	4	  791.24	-6	7	NULL
real	DL	205	13	15	   -4.00	1	   -1.00	0	5	  821.90	-6	5	NULL
real	DR	206	13	15	   -4.00	1	   -1.00	1	8	  510.43	-6	5	NULL
real	FR	207	13	-15	   -6.00	1	   -1.00	1	6	  484.82	-3	5	NULL
real	EL	208	13	-15	   -8.00	1	   -1.00	0	3	  504.88	-3	7	NULL
real	HL	209	14	15	   -1.00	0	    1.00	1	6	  621.83	-3	5	NULL
real	BL	210	14	-15	   -5.00	0	    1.00	0	6	  647.99	-6	5	NULL
real	FR	211	14	-15	   -7.00	0	    1.00	1	7	  581.33	-3	5	NULL
real	AR	212	14	-15	   -5.00	0	    1.00	0	5	  540.99	-6	7	NULL
real	DL	213	14	15	   -5.00	0	    1.00	1	6	  583.42	-6	5	NULL
real	DR	214	14	15	   -5.00	0	    1.00	1	9	  593.00	-6	5	NULL
real	HR	215	14	15	   -5.00	0	    1.00	1	5	  730.05	-3	5	NULL
real	ER	216	14	-15	   -8.00	0	    1.00	0	5	 1576.75	-3	7	NULL
real	CL	217	14	15	   -5.00	0	    1.00	1	6	  695.96	-6	7	NULL
real	EL	218	14	-15	   -9.00	0	    1.00	1	4	  392.32	-3	7	NULL
real	GR	219	14	15	   -1.00	0	    1.00	1	7	  414.76	-3	7	NULL
real	GL	220	14	15	   -2.00	0	    1.00	0	6	  322.92	-3	7	NULL
real	CR	221	14	15	   -5.00	1	   -1.00	0	4	 1035.11	-6	7	NULL
real	BR	222	14	-15	   -7.00	0	    1.00	1	7	  608.34	-6	5	NULL
real	FL	223	14	-15	   -9.00	0	    1.00	0	6	  868.76	-3	5	NULL
real	AL	224	14	-15	   -4.00	1	   -1.00	0	5	  860.61	-6	7	NULL
real	GR	225	15	15	    0.00	1	   -1.00	1	8	  947.48	-3	7	NULL
real	AL	226	15	-15	   -5.00	0	    1.00	1	6	  737.80	-6	7	NULL
real	AR	227	15	-15	   -4.00	1	   -1.00	1	6	  655.85	-6	7	NULL
real	FR	228	15	-15	   -6.00	0	    1.00	0	7	  576.64	-3	5	NULL
real	BL	229	15	-15	   -4.00	0	    1.00	0	6	  551.83	-6	5	NULL
real	CR	230	15	15	   -6.00	0	    1.00	1	5	  880.93	-6	7	NULL
real	DR	231	15	15	   -4.00	0	    1.00	0	9	  876.23	-6	5	NULL
real	HL	232	15	15	    0.00	1	   -1.00	1	7	  755.50	-3	5	NULL
real	EL	233	15	-15	   -8.00	0	    1.00	0	4	 1647.78	-3	7	NULL
real	HR	234	15	15	   -4.00	0	    1.00	0	5	 1775.65	-3	5	NULL
real	CL	235	15	15	   -4.00	1	   -1.00	1	7	 1912.40	-6	7	NULL
real	FL	236	15	-15	   -8.00	1	   -1.00	1	7	  992.11	-3	5	NULL
real	DL	237	15	15	   -4.00	1	   -1.00	1	7	  757.18	-6	5	NULL
real	GL	238	15	15	   -1.00	1	   -1.00	1	7	  650.49	-3	7	NULL
real	ER	239	15	-15	   -7.00	1	   -1.00	1	6	  840.60	-3	7	NULL
real	BR	240	15	-15	   -6.00	0	    1.00	0	7	 1008.25	-6	5	NULL
real	HR	241	16	15	   -3.00	0	    1.00	0	5	  841.94	-3	5	NULL
real	AL	242	16	-15	   -4.00	1	   -1.00	1	7	 1033.50	-6	7	NULL
real	GL	243	16	15	   -2.00	0	    1.00	1	8	  785.27	-3	7	NULL
real	DR	244	16	15	   -3.00	0	    1.00	0	9	  875.77	-6	5	NULL
real	AR	245	16	-15	   -5.00	0	    1.00	1	7	  913.16	-6	7	NULL
real	CR	246	16	15	   -5.00	0	    1.00	0	5	  840.38	-6	7	NULL
real	FL	247	16	-15	   -9.00	0	    1.00	1	8	  814.41	-3	5	NULL
real	BL	248	16	-15	   -3.00	1	   -1.00	1	7	 1002.32	-6	5	NULL
real	EL	249	16	-15	   -7.00	1	   -1.00	1	5	  825.91	-3	7	NULL
real	HL	250	16	15	   -1.00	1	   -1.00	0	7	  596.25	-3	5	NULL
real	BR	251	16	-15	   -5.00	1	   -1.00	1	8	  670.68	-6	5	NULL
real	FR	252	16	-15	   -5.00	1	   -1.00	1	8	  515.62	-3	5	NULL
real	GR	253	16	15	   -1.00	1	   -1.00	0	8	  652.48	-3	7	NULL
real	ER	254	16	-15	   -8.00	0	    1.00	1	7	  859.13	-3	7	NULL
real	CL	255	16	15	   -5.00	1	   -1.00	0	7	  616.27	-6	7	NULL
real	DL	256	16	15	   -5.00	0	    1.00	1	8	  601.26	-6	5	NULL
real	GL	257	17	15	   -1.00	1	   -1.00	1	9	  763.62	-3	7	NULL
real	CL	258	17	15	   -6.00	0	    1.00	1	8	  862.18	-6	7	NULL
real	HL	259	17	15	   -2.00	0	    1.00	1	8	  685.02	-3	5	NULL
real	HR	260	17	15	   -2.00	1	   -1.00	1	6	  458.43	-3	5	NULL
real	GR	261	17	15	   -2.00	1	   -1.00	0	8	  673.09	-3	7	NULL
real	BR	262	17	-15	   -6.00	1	   -1.00	0	8	  694.02	-6	5	NULL
real	FR	263	17	-15	   -6.00	1	   -1.00	0	8	  432.60	-3	5	NULL
real	FL	264	17	-15	   -8.00	1	   -1.00	1	9	  719.95	-3	5	NULL
real	ER	265	17	-15	   -7.00	0	    1.00	0	7	  662.19	-3	7	NULL
real	EL	266	17	-15	   -8.00	0	    1.00	1	6	  770.67	-3	7	NULL
real	AR	267	17	-15	   -4.00	0	    1.00	0	7	  657.69	-6	7	NULL
real	CR	268	17	15	   -4.00	0	    1.00	0	5	  465.12	-6	7	NULL
real	DR	269	17	15	   -2.00	1	   -1.00	1	10	  467.97	-6	5	NULL
real	BL	270	17	-15	   -4.00	1	   -1.00	0	7	  556.41	-6	5	NULL
real	AL	271	17	-15	   -5.00	1	   -1.00	0	7	  839.17	-6	7	NULL
real	DL	272	17	15	   -4.00	1	   -1.00	1	9	  515.84	-6	5	NULL
real	CL	273	18	15	   -5.00	0	    1.00	0	8	 1320.03	-6	7	NULL
real	HL	274	18	15	   -1.00	1	   -1.00	1	9	 1246.05	-3	5	NULL
real	GR	275	18	15	   -3.00	0	    1.00	1	9	 1470.48	-3	7	NULL
real	FR	276	18	-15	   -7.00	1	   -1.00	0	8	  546.05	-3	5	NULL
real	CR	277	18	15	   -3.00	1	   -1.00	1	6	  450.88	-6	7	NULL
real	EL	278	18	-15	   -7.00	1	   -1.00	1	7	  884.67	-3	7	NULL
real	BL	279	18	-15	   -5.00	1	   -1.00	0	7	  527.79	-6	5	NULL
real	DR	280	18	15	   -3.00	0	    1.00	1	11	  953.44	-6	5	NULL
real	AL	281	18	-15	   -6.00	0	    1.00	1	8	 1238.56	-6	7	NULL
real	FL	282	18	-15	   -9.00	0	    1.00	1	10	  817.67	-3	5	NULL
real	ER	283	18	-15	   -6.00	1	   -1.00	1	8	  631.01	-3	7	NULL
real	DL	284	18	15	   -5.00	0	    1.00	1	10	 1038.27	-6	5	NULL
real	HR	285	18	15	   -3.00	0	    1.00	1	7	  734.68	-3	5	NULL
real	BR	286	18	-15	   -7.00	0	    1.00	1	9	  551.53	-6	5	NULL
real	GL	287	18	15	   -2.00	0	    1.00	1	10	  391.67	-3	7	NULL
real	AR	288	18	-15	   -3.00	0	    1.00	0	7	  424.42	-6	7	NULL
real	CL	289	19	15	   -4.00	0	    1.00	0	8	  798.14	-6	7	NULL
real	ER	290	19	-15	   -7.00	1	   -1.00	0	8	  602.83	-3	7	NULL
real	GL	291	19	15	   -1.00	1	   -1.00	1	11	  695.15	-3	7	NULL
real	BR	292	19	-15	   -6.00	0	    1.00	0	9	  551.99	-6	5	NULL
real	FL	293	19	-15	   -8.00	1	   -1.00	1	11	  921.60	-3	5	NULL
real	EL	294	19	-15	   -8.00	0	    1.00	1	8	  808.93	-3	7	NULL
real	CR	295	19	15	   -4.00	0	    1.00	1	7	  709.34	-6	7	NULL
real	HL	296	19	15	   -2.00	0	    1.00	1	10	  550.04	-3	5	NULL
real	GR	297	19	15	   -2.00	0	    1.00	0	9	  557.91	-3	7	NULL
real	AR	298	19	-15	   -2.00	0	    1.00	0	7	  519.56	-6	7	NULL
real	HR	299	19	15	   -2.00	1	   -1.00	1	8	  615.09	-3	5	NULL
real	FR	300	19	-15	   -8.00	1	   -1.00	0	8	  587.10	-3	5	NULL
real	DL	301	19	15	   -4.00	0	    1.00	0	10	  807.91	-6	5	NULL
real	BL	302	19	-15	   -6.00	0	    1.00	1	8	  787.56	-6	5	NULL
real	DR	303	19	15	   -2.00	1	   -1.00	1	12	  966.86	-6	5	NULL
real	AL	304	19	-15	   -5.00	1	   -1.00	1	9	  651.42	-6	7	NULL
real	GR	305	20	15	   -1.00	1	   -1.00	1	10	  793.53	-3	7	NULL
real	BR	306	20	-15	   -5.00	1	   -1.00	1	10	  572.17	-6	5	NULL
real	HL	307	20	15	   -1.00	1	   -1.00	1	11	  460.44	-3	5	NULL
real	AL	308	20	-15	   -6.00	0	    1.00	1	10	  890.53	-6	7	NULL
real	CL	309	20	15	   -3.00	0	    1.00	0	8	  757.28	-6	7	NULL
real	HR	310	20	15	   -3.00	0	    1.00	1	9	  839.29	-3	5	NULL
real	CR	311	20	15	   -3.00	0	    1.00	0	7	  792.64	-6	7	NULL
real	EL	312	20	-15	   -7.00	0	    1.00	0	8	  430.93	-3	7	NULL
real	AR	313	20	-15	   -1.00	1	   -1.00	1	8	  639.10	-6	7	NULL
real	FL	314	20	-15	   -9.00	0	    1.00	1	12	  724.67	-3	5	NULL
real	GL	315	20	15	   -2.00	0	    1.00	1	12	  883.06	-3	7	NULL
real	BL	316	20	-15	   -5.00	0	    1.00	0	8	 1218.03	-6	5	NULL
real	ER	317	20	-15	   -8.00	0	    1.00	1	9	  659.11	-3	7	NULL
real	FR	318	20	-15	   -9.00	0	    1.00	1	9	  647.15	-3	5	NULL
real	DL	319	20	15	   -3.00	1	   -1.00	1	11	  940.14	-6	5	NULL
real	AL	320	21	-15	   -5.00	0	    1.00	0	10	  780.92	-6	7	NULL
real	HR	321	21	15	   -2.00	0	    1.00	0	9	  603.82	-3	5	NULL
real	AR	322	21	-15	   -2.00	1	   -1.00	0	8	  724.84	-6	7	NULL
real	EL	323	21	-15	   -6.00	1	   -1.00	1	9	  650.06	-3	7	NULL
real	DL	324	21	15	   -4.00	1	   -1.00	0	11	  744.78	-6	5	NULL
real	BR	325	21	-15	   -6.00	0	    1.00	1	11	  742.76	-6	5	NULL
real	CR	326	21	15	   -2.00	0	    1.00	0	7	  966.34	-6	7	NULL
real	BL	327	21	-15	   -4.00	0	    1.00	0	8	  882.01	-6	5	NULL
real	GR	328	21	15	   -2.00	0	    1.00	1	11	  842.31	-3	7	NULL
real	FR	329	21	-15	   -8.00	0	    1.00	0	9	  675.65	-3	5	NULL
real	CL	330	21	15	   -2.00	1	   -1.00	1	9	  868.79	-6	7	NULL
real	ER	331	21	-15	   -7.00	1	   -1.00	1	10	  716.16	-3	7	NULL
real	HL	332	21	15	   -2.00	1	   -1.00	0	11	  458.70	-3	5	NULL
real	DL	333	22	15	   -5.00	0	    1.00	1	12	 1150.72	-6	5	NULL
real	ER	334	22	-15	   -8.00	1	   -1.00	0	10	  874.57	-3	7	NULL
real	AR	335	22	-15	   -3.00	1	   -1.00	0	8	 1078.28	-6	7	NULL
real	FR	336	22	-15	   -7.00	1	   -1.00	1	10	 1110.81	-3	5	NULL
real	GR	337	22	15	   -1.00	0	    1.00	0	11	  764.03	-3	7	NULL
real	BR	338	22	-15	   -5.00	0	    1.00	0	11	  947.10	-6	5	NULL
real	AL	339	22	-15	   -4.00	1	   -1.00	1	11	  597.74	-6	7	NULL
real	EL	340	22	-15	   -7.00	0	    1.00	1	10	  646.48	-3	7	NULL
real	BL	341	22	-15	   -3.00	1	   -1.00	1	9	  813.25	-6	5	NULL
real	HL	342	22	15	   -3.00	0	    1.00	1	12	  720.73	-3	5	NULL
real	HR	343	22	15	   -1.00	1	   -1.00	1	10	  758.82	-3	5	NULL
real	CR	344	22	15	   -1.00	1	   -1.00	1	8	  627.41	-6	7	NULL
real	CL	345	22	15	   -3.00	0	    1.00	1	10	  530.53	-6	7	NULL
real	GR	346	23	15	    0.00	1	   -1.00	1	12	  423.64	-3	7	NULL
real	EL	347	23	-15	   -6.00	0	    1.00	0	10	  550.87	-3	7	NULL
real	HR	348	23	15	   -2.00	0	    1.00	1	11	  805.73	-3	5	NULL
real	FR	349	23	-15	   -8.00	0	    1.00	1	11	  811.28	-3	5	NULL
real	ER	350	23	-15	   -9.00	0	    1.00	1	11	  517.26	-3	7	NULL
real	CR	351	23	15	   -2.00	0	    1.00	1	9	  641.73	-6	7	NULL
real	CL	352	23	15	   -2.00	1	   -1.00	1	11	  736.02	-6	7	NULL
real	BR	353	23	-15	   -4.00	0	    1.00	0	11	  672.40	-6	5	NULL
real	AR	354	23	-15	   -4.00	0	    1.00	1	9	  578.02	-6	7	NULL
real	BL	355	23	-15	   -4.00	0	    1.00	1	10	  573.83	-6	5	NULL
real	AL	356	23	-15	   -5.00	0	    1.00	1	12	  508.98	-6	7	NULL
real	ER	357	24	-15	   -8.00	0	    1.00	0	11	  438.45	-3	7	NULL
real	EL	358	24	-15	   -5.00	1	   -1.00	1	11	  800.91	-3	7	NULL
real	BR	359	24	-15	   -3.00	1	   -1.00	1	12	  812.10	-6	5	NULL
real	HR	360	24	15	   -1.00	1	   -1.00	1	12	  673.31	-3	5	NULL
real	FR	361	24	-15	   -7.00	1	   -1.00	1	12	  505.95	-3	5	NULL
real	CL	362	24	15	   -3.00	1	   -1.00	0	11	  548.14	-6	7	NULL
real	AR	363	24	-15	   -3.00	1	   -1.00	1	10	 1050.51	-6	7	NULL
real	CR	364	24	15	   -1.00	1	   -1.00	1	10	  987.39	-6	7	NULL
real	BL	365	24	-15	   -3.00	1	   -1.00	1	11	  627.78	-6	5	NULL
real	ER	366	25	-15	   -7.00	0	    1.00	0	11	  746.70	-3	7	NULL
real	CR	367	25	15	   -2.00	1	   -1.00	0	10	  589.19	-6	7	NULL
real	BL	368	25	-15	   -4.00	1	   -1.00	0	11	  521.01	-6	5	NULL
real	AR	369	25	-15	   -4.00	1	   -1.00	0	10	  369.96	-6	7	NULL
real	CL	370	25	15	   -4.00	0	    1.00	1	12	  815.46	-6	7	NULL
real	EL	371	25	-15	   -6.00	1	   -1.00	0	11	  619.21	-3	7	NULL
real	BL	372	26	-15	   -5.00	1	   -1.00	0	11	  751.40	-6	5	NULL
real	AR	373	26	-15	   -5.00	0	    1.00	1	11	  577.50	-6	7	NULL
real	CR	374	26	15	   -3.00	0	    1.00	1	11	  724.11	-6	7	NULL
real	ER	375	26	-15	   -6.00	1	   -1.00	1	12	  657.81	-3	7	NULL
real	EL	376	26	-15	   -7.00	1	   -1.00	0	11	  466.69	-3	7	NULL
real	EL	377	27	-15	   -8.00	1	   -1.00	0	11	  514.16	-3	7	NULL
real	AR	378	27	-15	   -4.00	1	   -1.00	1	12	  357.09	-6	7	NULL
real	BL	379	27	-15	   -6.00	1	   -1.00	0	11	  491.29	-6	5	NULL
real	CR	380	27	15	   -2.00	1	   -1.00	1	12	  425.47	-6	7	NULL
real	EL	381	28	-15	   -9.00	0	    1.00	1	12	  647.10	-3	7	NULL
real	BL	382	28	-15	   -7.00	1	   -1.00	0	11	  475.37	-6	5	NULL
real	BL	383	29	-15	   -8.00	0	    1.00	1	12	  496.57	-6	5	NULL
