TRIAL_TYPE	trial_variant	TRIAL_NUMBER	TRIAL_ITERATION_VAL	frame_tilt	rod_tilt	response	step_size	reversal	reversal_num	RT	probe_del	alpha_entrain_refreshes	rod_tilt_val
real	FL	1	1	-15	  -20.00	0	    8.00	0	0	 4434.69	-3	5	NULL
real	DL	2	1	15	  -20.00	0	    8.00	0	0	 1080.72	-6	5	NULL
real	GR	3	1	15	   20.00	1	   -8.00	0	0	  646.55	-3	7	NULL
real	AR	4	1	-15	   20.00	1	   -8.00	0	0	  608.29	-6	7	NULL
real	DR	5	1	15	   20.00	1	   -8.00	0	0	  444.49	-6	5	NULL
real	BL	6	1	-15	  -20.00	0	    8.00	0	0	  489.69	-6	5	NULL
real	EL	7	1	-15	  -20.00	0	    8.00	0	0	  558.72	-3	7	NULL
real	CL	8	1	15	  -20.00	0	    8.00	0	0	  537.45	-6	7	NULL
real	ER	9	1	-15	   20.00	1	   -8.00	0	0	  481.28	-3	7	NULL
real	CR	10	1	15	   20.00	1	   -8.00	0	0	  445.95	-6	7	NULL
real	AL	11	1	-15	  -20.00	0	    8.00	0	0	  604.76	-6	7	NULL
real	HL	12	1	15	  -20.00	0	    8.00	0	0	  783.47	-3	5	NULL
real	GL	13	1	15	  -20.00	0	    8.00	0	0	  545.54	-3	7	NULL
real	HR	14	1	15	   20.00	1	   -8.00	0	0	  538.24	-3	5	NULL
real	BR	15	1	-15	   20.00	1	   -8.00	0	0	  535.59	-6	5	NULL
real	FR	16	1	-15	   20.00	1	   -8.00	0	0	  465.68	-3	5	NULL
real	FR	17	2	-15	   12.00	1	   -8.00	0	0	  388.08	-3	5	NULL
real	CL	18	2	15	  -12.00	0	    8.00	0	0	  542.38	-6	7	NULL
real	EL	19	2	-15	  -12.00	0	    8.00	0	0	  445.42	-3	7	NULL
real	AL	20	2	-15	  -12.00	0	    8.00	0	0	  504.89	-6	7	NULL
real	BL	21	2	-15	  -12.00	0	    8.00	0	0	  434.57	-6	5	NULL
real	FL	22	2	-15	  -12.00	0	    8.00	0	0	  420.51	-3	5	NULL
real	BR	23	2	-15	   12.00	1	   -8.00	0	0	  767.11	-6	5	NULL
real	ER	24	2	-15	   12.00	1	   -8.00	0	0	  426.96	-3	7	NULL
real	GR	25	2	15	   12.00	1	   -8.00	0	0	  440.48	-3	7	NULL
real	AR	26	2	-15	   12.00	1	   -8.00	0	0	  418.79	-6	7	NULL
real	HL	27	2	15	  -12.00	0	    8.00	0	0	  440.67	-3	5	NULL
real	DL	28	2	15	  -12.00	0	    8.00	0	0	  520.82	-6	5	NULL
real	DR	29	2	15	   12.00	1	   -8.00	0	0	  439.09	-6	5	NULL
real	GL	30	2	15	  -12.00	0	    8.00	0	0	  423.30	-3	7	NULL
real	CR	31	2	15	   12.00	1	   -8.00	0	0	  479.47	-6	7	NULL
real	HR	32	2	15	   12.00	1	   -8.00	0	0	  400.42	-3	5	NULL
real	AR	33	3	-15	    4.00	1	   -8.00	0	0	  519.39	-6	7	NULL
real	BR	34	3	-15	    4.00	1	   -8.00	0	0	  393.33	-6	5	NULL
real	FR	35	3	-15	    4.00	1	   -8.00	0	0	  343.72	-3	5	NULL
real	DL	36	3	15	   -4.00	0	    8.00	0	0	  549.40	-6	5	NULL
real	EL	37	3	-15	   -4.00	0	    8.00	0	0	 1089.53	-3	7	NULL
real	HL	38	3	15	   -4.00	0	    8.00	0	0	  482.27	-3	5	NULL
real	GL	39	3	15	   -4.00	0	    8.00	0	0	  554.12	-3	7	NULL
real	BL	40	3	-15	   -4.00	0	    8.00	0	0	  383.91	-6	5	NULL
real	CL	41	3	15	   -4.00	0	    8.00	0	0	  444.52	-6	7	NULL
real	GR	42	3	15	    4.00	1	   -8.00	0	0	  909.65	-3	7	NULL
real	FL	43	3	-15	   -4.00	1	   -4.00	1	1	  537.38	-3	5	NULL
real	ER	44	3	-15	    4.00	1	   -8.00	0	0	  447.33	-3	7	NULL
real	DR	45	3	15	    4.00	1	   -8.00	0	0	  404.68	-6	5	NULL
real	CR	46	3	15	    4.00	1	   -8.00	0	0	  392.63	-6	7	NULL
real	HR	47	3	15	    4.00	1	   -8.00	0	0	  351.56	-3	5	NULL
real	AL	48	3	-15	   -4.00	0	    8.00	0	0	  530.98	-6	7	NULL
real	GL	49	4	15	    4.00	1	   -4.00	1	1	  518.65	-3	7	NULL
real	ER	50	4	-15	   -4.00	1	   -8.00	0	0	  618.68	-3	7	NULL
real	BL	51	4	-15	    4.00	0	    8.00	0	0	  379.96	-6	5	NULL
real	DR	52	4	15	   -4.00	0	    4.00	1	1	  528.77	-6	5	NULL
real	AR	53	4	-15	   -4.00	0	    4.00	1	1	  894.41	-6	7	NULL
real	GR	54	4	15	   -4.00	0	    4.00	1	1	  641.82	-3	7	NULL
real	FR	55	4	-15	   -4.00	0	    4.00	1	1	  486.59	-3	5	NULL
real	BR	56	4	-15	   -4.00	0	    4.00	1	1	  467.75	-6	5	NULL
real	HR	57	4	15	   -4.00	0	    4.00	1	1	  570.00	-3	5	NULL
real	AL	58	4	-15	    4.00	1	   -4.00	1	1	  624.66	-6	7	NULL
real	HL	59	4	15	    4.00	1	   -4.00	1	1	  426.34	-3	5	NULL
real	EL	60	4	-15	    4.00	1	   -4.00	1	1	  507.46	-3	7	NULL
real	DL	61	4	15	    4.00	1	   -4.00	1	1	  629.20	-6	5	NULL
real	CR	62	4	15	   -4.00	0	    4.00	1	1	  455.30	-6	7	NULL
real	FL	63	4	-15	   -8.00	0	    2.00	1	2	  457.35	-3	5	NULL
real	CL	64	4	15	    4.00	1	   -4.00	1	1	  439.04	-6	7	NULL
real	BR	65	5	-15	    0.00	1	   -2.00	1	2	  506.29	-6	5	NULL
real	BL	66	5	-15	   12.00	1	   -4.00	1	1	  386.16	-6	5	NULL
real	DR	67	5	15	    0.00	1	   -2.00	1	2	  598.07	-6	5	NULL
real	GR	68	5	15	    0.00	1	   -2.00	1	2	  420.21	-3	7	NULL
real	FR	69	5	-15	    0.00	1	   -2.00	1	2	  437.37	-3	5	NULL
real	HR	70	5	15	    0.00	1	   -2.00	1	2	  374.07	-3	5	NULL
real	FL	71	5	-15	   -6.00	1	   -1.00	1	3	  503.22	-3	5	NULL
real	GL	72	5	15	    0.00	1	   -4.00	0	1	  912.12	-3	7	NULL
real	CL	73	5	15	    0.00	1	   -4.00	0	1	  609.64	-6	7	NULL
real	AL	74	5	-15	    0.00	1	   -4.00	0	1	  536.60	-6	7	NULL
real	CR	75	5	15	    0.00	0	    4.00	0	1	 1144.39	-6	7	NULL
real	AR	76	5	-15	    0.00	1	   -2.00	1	2	  922.44	-6	7	NULL
real	DL	77	5	15	    0.00	1	   -4.00	0	1	  654.90	-6	5	NULL
real	ER	78	5	-15	  -12.00	0	    4.00	1	1	  503.46	-3	7	NULL
real	EL	79	5	-15	    0.00	0	    2.00	1	2	 1107.84	-3	7	NULL
real	HL	80	5	15	    0.00	0	    2.00	1	2	  751.62	-3	5	NULL
real	DL	81	6	15	   -4.00	0	    2.00	1	2	  630.86	-6	5	NULL
real	EL	82	6	-15	    2.00	1	   -1.00	1	3	  702.92	-3	7	NULL
real	DR	83	6	15	   -2.00	0	    1.00	1	3	  498.32	-6	5	NULL
real	GR	84	6	15	   -2.00	0	    1.00	1	3	  641.68	-3	7	NULL
real	CL	85	6	15	   -4.00	0	    2.00	1	2	  567.33	-6	7	NULL
real	AL	86	6	-15	   -4.00	0	    2.00	1	2	  703.77	-6	7	NULL
real	HR	87	6	15	   -2.00	0	    1.00	1	3	  591.72	-3	5	NULL
real	FR	88	6	-15	   -2.00	0	    1.00	1	3	  612.48	-3	5	NULL
real	ER	89	6	-15	   -8.00	0	    4.00	0	1	  499.05	-3	7	NULL
real	GL	90	6	15	   -4.00	0	    2.00	1	2	  459.83	-3	7	NULL
real	FL	91	6	-15	   -7.00	0	    1.00	1	4	  491.53	-3	5	NULL
real	HL	92	6	15	    2.00	1	   -1.00	1	3	  526.94	-3	5	NULL
real	CR	93	6	15	    4.00	1	   -2.00	1	2	  410.89	-6	7	NULL
real	BR	94	6	-15	   -2.00	1	   -2.00	0	2	  745.43	-6	5	NULL
real	BL	95	6	-15	    8.00	1	   -4.00	0	1	  405.63	-6	5	NULL
real	AR	96	6	-15	   -2.00	1	   -2.00	0	2	  800.27	-6	7	NULL
real	DR	97	7	15	   -1.00	0	    1.00	0	3	  638.40	-6	5	NULL
real	BL	98	7	-15	    4.00	1	   -4.00	0	1	  539.73	-6	5	NULL
real	HL	99	7	15	    1.00	1	   -1.00	0	3	  543.77	-3	5	NULL
real	GL	100	7	15	   -2.00	1	   -1.00	1	3	  845.41	-3	7	NULL
real	FL	101	7	-15	   -6.00	0	    1.00	0	4	  581.67	-3	5	NULL
real	AR	102	7	-15	   -4.00	0	    1.00	1	3	  669.18	-6	7	NULL
real	GR	103	7	15	   -1.00	0	    1.00	0	3	  706.82	-3	7	NULL
real	CR	104	7	15	    2.00	1	   -2.00	0	2	  676.27	-6	7	NULL
real	BR	105	7	-15	   -4.00	0	    1.00	1	3	  686.43	-6	5	NULL
real	EL	106	7	-15	    1.00	1	   -1.00	0	3	  492.54	-3	7	NULL
real	HR	107	7	15	   -1.00	0	    1.00	0	3	  948.07	-3	5	NULL
real	CL	108	7	15	   -2.00	0	    2.00	0	2	  682.75	-6	7	NULL
real	FR	109	7	-15	   -1.00	1	   -1.00	1	4	  824.07	-3	5	NULL
real	DL	110	7	15	   -2.00	1	   -1.00	1	3	  679.62	-6	5	NULL
real	AL	111	7	-15	   -2.00	1	   -1.00	1	3	  541.34	-6	7	NULL
real	ER	112	7	-15	   -4.00	0	    4.00	0	1	  469.82	-3	7	NULL
real	GL	113	8	15	   -3.00	0	    1.00	1	4	  609.35	-3	7	NULL
real	HL	114	8	15	    0.00	0	    1.00	1	4	  629.29	-3	5	NULL
real	DR	115	8	15	    0.00	0	    1.00	0	3	  596.92	-6	5	NULL
real	HR	116	8	15	    0.00	0	    1.00	0	3	  621.29	-3	5	NULL
real	AR	117	8	-15	   -3.00	0	    1.00	0	3	  735.70	-6	7	NULL
real	GR	118	8	15	    0.00	0	    1.00	0	3	  643.34	-3	7	NULL
real	BR	119	8	-15	   -3.00	0	    1.00	0	3	  799.61	-6	5	NULL
real	CL	120	8	15	    0.00	0	    2.00	0	2	  699.69	-6	7	NULL
real	ER	121	8	-15	    0.00	0	    4.00	0	1	  765.58	-3	7	NULL
real	EL	122	8	-15	    0.00	1	   -1.00	0	3	  708.40	-3	7	NULL
real	CR	123	8	15	    0.00	1	   -2.00	0	2	  923.95	-6	7	NULL
real	AL	124	8	-15	   -3.00	0	    1.00	1	4	  731.16	-6	7	NULL
real	DL	125	8	15	   -3.00	0	    1.00	1	4	  597.50	-6	5	NULL
real	FL	126	8	-15	   -5.00	0	    1.00	0	4	  597.86	-3	5	NULL
real	FR	127	8	-15	   -2.00	0	    1.00	1	5	  784.04	-3	5	NULL
real	BL	128	8	-15	    0.00	0	    2.00	1	2	  938.95	-6	5	NULL
real	HL	129	9	15	    1.00	1	   -1.00	1	5	  626.58	-3	5	NULL
real	BR	130	9	-15	   -2.00	0	    1.00	0	3	  856.27	-6	5	NULL
real	DR	131	9	15	    1.00	1	   -1.00	1	4	 1062.70	-6	5	NULL
real	GR	132	9	15	    1.00	0	    1.00	0	3	  788.49	-3	7	NULL
real	EL	133	9	-15	   -1.00	1	   -1.00	0	3	  832.51	-3	7	NULL
real	BL	134	9	-15	    2.00	1	   -1.00	1	3	  725.58	-6	5	NULL
real	DL	135	9	15	   -2.00	0	    1.00	0	4	  562.30	-6	5	NULL
real	FL	136	9	-15	   -4.00	0	    1.00	0	4	  732.58	-3	5	NULL
real	CL	137	9	15	    2.00	0	    2.00	0	2	 1198.92	-6	7	NULL
real	CR	138	9	15	   -2.00	0	    1.00	1	3	  738.89	-6	7	NULL
real	ER	139	9	-15	    4.00	1	   -2.00	1	2	  517.26	-3	7	NULL
real	FR	140	9	-15	   -1.00	0	    1.00	0	5	  979.78	-3	5	NULL
real	AR	141	9	-15	   -2.00	0	    1.00	0	3	  804.87	-6	7	NULL
real	HR	142	9	15	    1.00	1	   -1.00	1	4	 1278.16	-3	5	NULL
real	GL	143	9	15	   -2.00	0	    1.00	0	4	  867.05	-3	7	NULL
real	AL	144	9	-15	   -2.00	0	    1.00	0	4	 1549.93	-6	7	NULL
real	CR	145	10	15	   -1.00	0	    1.00	0	3	  752.71	-6	7	NULL
real	HR	146	10	15	    0.00	0	    1.00	1	5	  813.55	-3	5	NULL
real	EL	147	10	-15	   -2.00	1	   -1.00	0	3	 1422.36	-3	7	NULL
real	FL	148	10	-15	   -3.00	0	    1.00	0	4	 2514.48	-3	5	NULL
real	DR	149	10	15	    0.00	0	    1.00	1	5	  919.40	-6	5	NULL
real	AL	150	10	-15	   -1.00	1	   -1.00	1	5	  700.36	-6	7	NULL
real	ER	151	10	-15	    2.00	1	   -2.00	0	2	  509.77	-3	7	NULL
real	BL	152	10	-15	    1.00	1	   -1.00	0	3	  550.59	-6	5	NULL
real	GR	153	10	15	    2.00	1	   -1.00	1	4	  433.71	-3	7	NULL
real	HL	154	10	15	    0.00	0	    1.00	1	6	  769.04	-3	5	NULL
real	DL	155	10	15	   -1.00	0	    1.00	0	4	  594.09	-6	5	NULL
real	BR	156	10	-15	   -1.00	1	   -1.00	1	4	  646.44	-6	5	NULL
real	CL	157	10	15	    4.00	0	    2.00	0	2	 1300.32	-6	7	NULL
real	FR	158	10	-15	    0.00	1	   -1.00	1	6	  665.74	-3	5	NULL
real	GL	159	10	15	   -1.00	0	    1.00	0	4	  542.12	-3	7	NULL
real	AR	160	10	-15	   -1.00	0	    1.00	0	3	 1223.12	-6	7	NULL
real	BR	161	11	-15	   -2.00	0	    1.00	1	5	 1303.55	-6	5	NULL
real	HR	162	11	15	    1.00	0	    1.00	0	5	  818.92	-3	5	NULL
real	DR	163	11	15	    1.00	0	    1.00	0	5	  805.09	-6	5	NULL
real	HL	164	11	15	    1.00	0	    1.00	0	6	  727.95	-3	5	NULL
real	EL	165	11	-15	   -3.00	0	    1.00	1	4	  596.43	-3	7	NULL
real	GR	166	11	15	    1.00	0	    1.00	1	5	  741.15	-3	7	NULL
real	ER	167	11	-15	    0.00	1	   -2.00	0	2	  949.03	-3	7	NULL
real	AL	168	11	-15	   -2.00	0	    1.00	1	6	  702.83	-6	7	NULL
real	CL	169	11	15	    6.00	1	   -1.00	1	3	  586.35	-6	7	NULL
real	AR	170	11	-15	    0.00	1	   -1.00	1	4	  889.53	-6	7	NULL
real	FL	171	11	-15	   -2.00	0	    1.00	0	4	  491.23	-3	5	NULL
real	CR	172	11	15	    0.00	0	    1.00	0	3	  608.52	-6	7	NULL
real	BL	173	11	-15	    0.00	1	   -1.00	0	3	  619.45	-6	5	NULL
real	FR	174	11	-15	   -1.00	1	   -1.00	0	6	  424.87	-3	5	NULL
real	DL	175	11	15	    0.00	0	    1.00	0	4	  621.08	-6	5	NULL
real	GL	176	11	15	    0.00	0	    1.00	0	4	  458.54	-3	7	NULL
real	GR	177	12	15	    2.00	0	    1.00	0	5	  980.15	-3	7	NULL
real	ER	178	12	-15	   -2.00	0	    1.00	1	3	  705.24	-3	7	NULL
real	EL	179	12	-15	   -2.00	1	   -1.00	1	5	  584.79	-3	7	NULL
real	HL	180	12	15	    2.00	0	    1.00	0	6	  881.41	-3	5	NULL
real	FL	181	12	-15	   -1.00	1	   -1.00	1	5	 1195.74	-3	5	NULL
real	DL	182	12	15	    1.00	0	    1.00	0	4	  871.06	-6	5	NULL
real	BR	183	12	-15	   -1.00	1	   -1.00	1	6	  790.00	-6	5	NULL
real	GL	184	12	15	    1.00	0	    1.00	0	4	  643.80	-3	7	NULL
real	AL	185	12	-15	   -1.00	1	   -1.00	1	7	  871.32	-6	7	NULL
real	CR	186	12	15	    1.00	0	    1.00	0	3	  666.32	-6	7	NULL
real	DR	187	12	15	    2.00	0	    1.00	0	5	  748.92	-6	5	NULL
real	FR	188	12	-15	   -2.00	1	   -1.00	0	6	  963.95	-3	5	NULL
real	BL	189	12	-15	   -1.00	1	   -1.00	0	3	  985.13	-6	5	NULL
real	HR	190	12	15	    2.00	0	    1.00	0	5	  697.42	-3	5	NULL
real	AR	191	12	-15	   -1.00	1	   -1.00	0	4	 1134.69	-6	7	NULL
real	CL	192	12	15	    5.00	1	   -1.00	0	3	 1387.03	-6	7	NULL
real	GR	193	13	15	    3.00	0	    1.00	0	5	  930.66	-3	7	NULL
real	BR	194	13	-15	   -2.00	1	   -1.00	0	6	 1429.27	-6	5	NULL
real	CR	195	13	15	    2.00	0	    1.00	0	3	  832.67	-6	7	NULL
real	AR	196	13	-15	   -2.00	1	   -1.00	0	4	 1319.16	-6	7	NULL
real	EL	197	13	-15	   -3.00	1	   -1.00	0	5	  821.92	-3	7	NULL
real	FL	198	13	-15	   -2.00	1	   -1.00	0	5	  738.03	-3	5	NULL
real	ER	199	13	-15	   -1.00	1	   -1.00	1	4	  900.81	-3	7	NULL
real	CL	200	13	15	    4.00	0	    1.00	1	4	  818.99	-6	7	NULL
real	AL	201	13	-15	   -2.00	1	   -1.00	0	7	  866.63	-6	7	NULL
real	DL	202	13	15	    2.00	0	    1.00	0	4	  697.96	-6	5	NULL
real	BL	203	13	-15	   -2.00	0	    1.00	1	4	  519.79	-6	5	NULL
real	HR	204	13	15	    3.00	0	    1.00	0	5	  729.59	-3	5	NULL
real	GL	205	13	15	    2.00	0	    1.00	0	4	  755.57	-3	7	NULL
real	DR	206	13	15	    3.00	1	   -1.00	1	6	  574.08	-6	5	NULL
real	FR	207	13	-15	   -3.00	1	   -1.00	0	6	 1202.90	-3	5	NULL
real	HL	208	13	15	    3.00	1	   -1.00	1	7	 1387.82	-3	5	NULL
real	FL	209	14	-15	   -3.00	0	    1.00	1	6	  792.35	-3	5	NULL
real	DR	210	14	15	    2.00	0	    1.00	1	7	  768.77	-6	5	NULL
real	HR	211	14	15	    4.00	0	    1.00	0	5	 1611.01	-3	5	NULL
real	CR	212	14	15	    3.00	1	   -1.00	1	4	  717.32	-6	7	NULL
real	BL	213	14	-15	   -1.00	1	   -1.00	1	5	  758.00	-6	5	NULL
real	FR	214	14	-15	   -4.00	0	    1.00	1	7	  904.90	-3	5	NULL
real	EL	215	14	-15	   -4.00	1	   -1.00	0	5	 1052.59	-3	7	NULL
real	GL	216	14	15	    3.00	0	    1.00	0	4	 1190.71	-3	7	NULL
real	CL	217	14	15	    5.00	1	   -1.00	1	5	  733.39	-6	7	NULL
real	BR	218	14	-15	   -3.00	0	    1.00	1	7	  712.44	-6	5	NULL
real	ER	219	14	-15	   -2.00	0	    1.00	1	5	  609.18	-3	7	NULL
real	HL	220	14	15	    2.00	1	   -1.00	0	7	  604.16	-3	5	NULL
real	AL	221	14	-15	   -3.00	0	    1.00	1	8	  865.07	-6	7	NULL
real	AR	222	14	-15	   -3.00	0	    1.00	1	5	  657.71	-6	7	NULL
real	DL	223	14	15	    3.00	1	   -1.00	1	5	  480.36	-6	5	NULL
real	GR	224	14	15	    4.00	1	   -1.00	1	6	  612.73	-3	7	NULL
real	CR	225	15	15	    2.00	1	   -1.00	0	4	  727.40	-6	7	NULL
real	AR	226	15	-15	   -2.00	0	    1.00	0	5	  589.10	-6	7	NULL
real	CL	227	15	15	    4.00	1	   -1.00	0	5	  648.85	-6	7	NULL
real	HL	228	15	15	    1.00	0	    1.00	1	8	  675.04	-3	5	NULL
real	GL	229	15	15	    4.00	1	   -1.00	1	5	  477.23	-3	7	NULL
real	FL	230	15	-15	   -2.00	1	   -1.00	1	7	 1281.87	-3	5	NULL
real	DR	231	15	15	    3.00	1	   -1.00	1	8	  512.84	-6	5	NULL
real	BR	232	15	-15	   -2.00	0	    1.00	0	7	  550.18	-6	5	NULL
real	FR	233	15	-15	   -3.00	0	    1.00	0	7	  762.04	-3	5	NULL
real	AL	234	15	-15	   -2.00	0	    1.00	0	8	  777.75	-6	7	NULL
real	GR	235	15	15	    3.00	1	   -1.00	0	6	  610.02	-3	7	NULL
real	EL	236	15	-15	   -5.00	0	    1.00	1	6	  534.98	-3	7	NULL
real	BL	237	15	-15	   -2.00	0	    1.00	1	6	  963.75	-6	5	NULL
real	ER	238	15	-15	   -1.00	1	   -1.00	1	6	  831.61	-3	7	NULL
real	DL	239	15	15	    2.00	1	   -1.00	0	5	  965.64	-6	5	NULL
real	HR	240	15	15	    5.00	1	   -1.00	1	6	  585.78	-3	5	NULL
real	HL	241	16	15	    2.00	0	    1.00	0	8	  806.56	-3	5	NULL
real	AR	242	16	-15	   -1.00	0	    1.00	0	5	 1113.66	-6	7	NULL
real	FR	243	16	-15	   -2.00	0	    1.00	0	7	  749.31	-3	5	NULL
real	GL	244	16	15	    3.00	1	   -1.00	0	5	  481.57	-3	7	NULL
real	BL	245	16	-15	   -1.00	1	   -1.00	1	7	 1177.93	-6	5	NULL
real	EL	246	16	-15	   -4.00	0	    1.00	0	6	  990.03	-3	7	NULL
real	CR	247	16	15	    1.00	1	   -1.00	0	4	  925.32	-6	7	NULL
real	ER	248	16	-15	   -2.00	1	   -1.00	0	6	  739.91	-3	7	NULL
real	CL	249	16	15	    3.00	1	   -1.00	0	5	  519.39	-6	7	NULL
real	AL	250	16	-15	   -1.00	1	   -1.00	1	9	  644.77	-6	7	NULL
real	FL	251	16	-15	   -3.00	0	    1.00	1	8	  521.16	-3	5	NULL
real	DR	252	16	15	    2.00	1	   -1.00	0	8	  630.34	-6	5	NULL
real	BR	253	16	-15	   -1.00	0	    1.00	0	7	  612.15	-6	5	NULL
real	GR	254	16	15	    2.00	1	   -1.00	0	6	  522.74	-3	7	NULL
real	DL	255	16	15	    1.00	1	   -1.00	0	5	 1264.19	-6	5	NULL
real	HR	256	16	15	    4.00	1	   -1.00	0	6	  701.52	-3	5	NULL
real	ER	257	17	-15	   -3.00	0	    1.00	1	7	  766.33	-3	7	NULL
real	FL	258	17	-15	   -2.00	0	    1.00	0	8	  771.27	-3	5	NULL
real	EL	259	17	-15	   -3.00	0	    1.00	0	6	  672.38	-3	7	NULL
real	DL	260	17	15	    0.00	0	    1.00	1	6	  714.17	-6	5	NULL
real	CR	261	17	15	    0.00	0	    1.00	1	5	 1020.77	-6	7	NULL
real	HL	262	17	15	    3.00	1	   -1.00	1	9	  498.80	-3	5	NULL
real	CL	263	17	15	    2.00	1	   -1.00	0	5	  532.55	-6	7	NULL
real	AR	264	17	-15	    0.00	1	   -1.00	1	6	  752.88	-6	7	NULL
real	DR	265	17	15	    1.00	1	   -1.00	0	8	  701.63	-6	5	NULL
real	HR	266	17	15	    3.00	1	   -1.00	0	6	  462.22	-3	5	NULL
real	GL	267	17	15	    2.00	1	   -1.00	0	5	  501.41	-3	7	NULL
real	AL	268	17	-15	   -2.00	0	    1.00	1	10	  658.14	-6	7	NULL
real	BR	269	17	-15	    0.00	1	   -1.00	1	8	  596.60	-6	5	NULL
real	BL	270	17	-15	   -2.00	0	    1.00	1	8	  528.08	-6	5	NULL
real	GR	271	17	15	    1.00	0	    1.00	1	7	  753.84	-3	7	NULL
real	FR	272	17	-15	   -1.00	0	    1.00	0	7	  875.85	-3	5	NULL
real	CL	273	18	15	    1.00	0	    1.00	1	6	  697.00	-6	7	NULL
real	FL	274	18	-15	   -1.00	0	    1.00	0	8	  936.42	-3	5	NULL
real	BL	275	18	-15	   -1.00	0	    1.00	0	8	  691.52	-6	5	NULL
real	DR	276	18	15	    0.00	0	    1.00	1	9	 1471.12	-6	5	NULL
real	ER	277	18	-15	   -2.00	1	   -1.00	1	8	  752.31	-3	7	NULL
real	CR	278	18	15	    1.00	0	    1.00	0	5	  865.48	-6	7	NULL
real	AL	279	18	-15	   -1.00	0	    1.00	0	10	  731.91	-6	7	NULL
real	HL	280	18	15	    2.00	1	   -1.00	0	9	  978.38	-3	5	NULL
real	DL	281	18	15	    1.00	1	   -1.00	1	7	  656.54	-6	5	NULL
real	HR	282	18	15	    2.00	1	   -1.00	0	6	  493.78	-3	5	NULL
real	AR	283	18	-15	   -1.00	0	    1.00	1	7	  632.37	-6	7	NULL
real	FR	284	18	-15	    0.00	0	    1.00	0	7	  714.16	-3	5	NULL
real	GL	285	18	15	    1.00	1	   -1.00	0	5	  450.88	-3	7	NULL
real	BR	286	18	-15	   -1.00	0	    1.00	1	9	 1240.66	-6	5	NULL
real	EL	287	18	-15	   -2.00	0	    1.00	0	6	  576.15	-3	7	NULL
real	GR	288	18	15	    2.00	1	   -1.00	1	8	  520.82	-3	7	NULL
real	DR	289	19	15	    1.00	1	   -1.00	1	10	  640.06	-6	5	NULL
real	HL	290	19	15	    1.00	1	   -1.00	0	9	  591.14	-3	5	NULL
real	GL	291	19	15	    0.00	0	    1.00	1	6	  677.46	-3	7	NULL
real	FL	292	19	-15	    0.00	1	   -1.00	1	9	  509.52	-3	5	NULL
real	EL	293	19	-15	   -1.00	1	   -1.00	1	7	  658.05	-3	7	NULL
real	BL	294	19	-15	    0.00	1	   -1.00	1	9	  607.19	-6	5	NULL
real	AL	295	19	-15	    0.00	1	   -1.00	1	11	  624.35	-6	7	NULL
real	CR	296	19	15	    2.00	1	   -1.00	1	6	  647.63	-6	7	NULL
real	CL	297	19	15	    2.00	1	   -1.00	1	7	  604.69	-6	7	NULL
real	ER	298	19	-15	   -3.00	0	    1.00	1	9	  531.61	-3	7	NULL
real	DL	299	19	15	    0.00	0	    1.00	1	8	 1095.76	-6	5	NULL
real	HR	300	19	15	    1.00	1	   -1.00	0	6	  772.54	-3	5	NULL
real	AR	301	19	-15	    0.00	1	   -1.00	1	8	 1310.75	-6	7	NULL
real	GR	302	19	15	    1.00	1	   -1.00	0	8	 1058.95	-3	7	NULL
real	FR	303	19	-15	    1.00	1	   -1.00	1	8	  544.01	-3	5	NULL
real	BR	304	19	-15	    0.00	1	   -1.00	1	10	  819.38	-6	5	NULL
real	CL	305	20	15	    1.00	1	   -1.00	0	7	  605.97	-6	7	NULL
real	AR	306	20	-15	   -1.00	1	   -1.00	0	8	 1136.83	-6	7	NULL
real	EL	307	20	-15	   -2.00	0	    1.00	1	8	 1221.24	-3	7	NULL
real	DL	308	20	15	    1.00	1	   -1.00	1	9	 1110.09	-6	5	NULL
real	FR	309	20	-15	    0.00	1	   -1.00	0	8	  783.44	-3	5	NULL
real	GL	310	20	15	    1.00	0	    1.00	0	6	  745.62	-3	7	NULL
real	DR	311	20	15	    0.00	0	    1.00	1	11	  845.24	-6	5	NULL
real	BL	312	20	-15	   -1.00	0	    1.00	1	10	  577.34	-6	5	NULL
real	CR	313	20	15	    1.00	1	   -1.00	0	6	 1234.79	-6	7	NULL
real	HR	314	20	15	    0.00	0	    1.00	1	7	  680.90	-3	5	NULL
real	AL	315	20	-15	   -1.00	0	    1.00	1	12	  795.78	-6	7	NULL
real	BR	316	20	-15	   -1.00	0	    1.00	1	11	  811.01	-6	5	NULL
real	FL	317	20	-15	   -1.00	0	    1.00	1	10	  738.55	-3	5	NULL
real	HL	318	20	15	    0.00	0	    1.00	1	10	  765.46	-3	5	NULL
real	ER	319	20	-15	   -2.00	0	    1.00	0	9	  634.17	-3	7	NULL
real	GR	320	20	15	    0.00	0	    1.00	1	9	  719.41	-3	7	NULL
real	FR	321	21	-15	   -1.00	1	   -1.00	0	8	  598.88	-3	5	NULL
real	HL	322	21	15	    1.00	0	    1.00	0	10	  618.58	-3	5	NULL
real	CL	323	21	15	    0.00	0	    1.00	1	8	  765.59	-6	7	NULL
real	DR	324	21	15	    1.00	0	    1.00	0	11	  789.86	-6	5	NULL
real	DL	325	21	15	    0.00	0	    1.00	1	10	  964.00	-6	5	NULL
real	GR	326	21	15	    1.00	0	    1.00	0	9	  769.78	-3	7	NULL
real	HR	327	21	15	    1.00	0	    1.00	0	7	  853.10	-3	5	NULL
real	ER	328	21	-15	   -1.00	1	   -1.00	1	10	 1069.72	-3	7	NULL
real	BR	329	21	-15	    0.00	1	   -1.00	1	12	  741.26	-6	5	NULL
real	AR	330	21	-15	   -2.00	1	   -1.00	0	8	  864.48	-6	7	NULL
real	GL	331	21	15	    2.00	0	    1.00	0	6	 1030.05	-3	7	NULL
real	EL	332	21	-15	   -1.00	1	   -1.00	1	9	  838.51	-3	7	NULL
real	FL	333	21	-15	    0.00	1	   -1.00	1	11	  539.06	-3	5	NULL
real	BL	334	21	-15	    0.00	1	   -1.00	1	11	  643.72	-6	5	NULL
real	CR	335	21	15	    0.00	0	    1.00	1	7	  724.80	-6	7	NULL
real	AR	336	22	-15	   -3.00	0	    1.00	1	9	  662.46	-6	7	NULL
real	FL	337	22	-15	   -1.00	1	   -1.00	0	11	  954.38	-3	5	NULL
real	ER	338	22	-15	   -2.00	1	   -1.00	0	10	 1087.81	-3	7	NULL
real	GR	339	22	15	    2.00	0	    1.00	0	9	  820.96	-3	7	NULL
real	HR	340	22	15	    2.00	0	    1.00	0	7	  903.12	-3	5	NULL
real	DR	341	22	15	    2.00	1	   -1.00	1	12	  558.06	-6	5	NULL
real	CR	342	22	15	    1.00	0	    1.00	0	7	  752.70	-6	7	NULL
real	FR	343	22	-15	   -2.00	1	   -1.00	0	8	 1104.44	-3	5	NULL
real	GL	344	22	15	    3.00	0	    1.00	0	6	  766.29	-3	7	NULL
real	DL	345	22	15	    1.00	0	    1.00	0	10	  866.13	-6	5	NULL
real	EL	346	22	-15	   -2.00	1	   -1.00	0	9	  694.19	-3	7	NULL
real	HL	347	22	15	    2.00	0	    1.00	0	10	  680.81	-3	5	NULL
real	BL	348	22	-15	   -1.00	1	   -1.00	0	11	 1029.03	-6	5	NULL
real	CL	349	22	15	    1.00	0	    1.00	0	8	  593.18	-6	7	NULL
real	CR	350	23	15	    2.00	0	    1.00	0	7	  817.70	-6	7	NULL
real	FR	351	23	-15	   -3.00	1	   -1.00	0	8	  993.61	-3	5	NULL
real	ER	352	23	-15	   -3.00	1	   -1.00	0	10	  857.54	-3	7	NULL
real	AR	353	23	-15	   -2.00	1	   -1.00	1	10	  836.69	-6	7	NULL
real	HL	354	23	15	    3.00	0	    1.00	0	10	 1129.60	-3	5	NULL
real	FL	355	23	-15	   -2.00	1	   -1.00	0	11	  615.59	-3	5	NULL
real	HR	356	23	15	    3.00	0	    1.00	0	7	  947.66	-3	5	NULL
real	GL	357	23	15	    4.00	1	   -1.00	1	7	 1557.16	-3	7	NULL
real	GR	358	23	15	    3.00	0	    1.00	0	9	  759.37	-3	7	NULL
real	DL	359	23	15	    2.00	0	    1.00	0	10	  667.18	-6	5	NULL
real	BL	360	23	-15	   -2.00	1	   -1.00	0	11	  910.37	-6	5	NULL
real	CL	361	23	15	    2.00	0	    1.00	0	8	  783.68	-6	7	NULL
real	EL	362	23	-15	   -3.00	1	   -1.00	0	9	  664.12	-3	7	NULL
real	FR	363	24	-15	   -4.00	0	    1.00	1	9	  656.20	-3	5	NULL
real	HL	364	24	15	    4.00	0	    1.00	0	10	  912.40	-3	5	NULL
real	GR	365	24	15	    4.00	0	    1.00	0	9	  885.79	-3	7	NULL
real	FL	366	24	-15	   -3.00	1	   -1.00	0	11	  998.01	-3	5	NULL
real	AR	367	24	-15	   -3.00	1	   -1.00	0	10	 2826.97	-6	7	NULL
real	DL	368	24	15	    3.00	1	   -1.00	1	11	  535.67	-6	5	NULL
real	BL	369	24	-15	   -3.00	0	    1.00	1	12	  476.14	-6	5	NULL
real	CR	370	24	15	    3.00	1	   -1.00	1	8	  493.91	-6	7	NULL
real	CL	371	24	15	    3.00	1	   -1.00	1	9	  527.65	-6	7	NULL
real	GL	372	24	15	    3.00	1	   -1.00	0	7	  804.13	-3	7	NULL
real	ER	373	24	-15	   -4.00	0	    1.00	1	11	  637.66	-3	7	NULL
real	EL	374	24	-15	   -4.00	0	    1.00	1	10	  640.64	-3	7	NULL
real	HR	375	24	15	    4.00	1	   -1.00	1	8	  743.53	-3	5	NULL
real	AR	376	25	-15	   -4.00	0	    1.00	1	11	  611.87	-6	7	NULL
real	FR	377	25	-15	   -3.00	0	    1.00	0	9	  820.35	-3	5	NULL
real	HL	378	25	15	    5.00	1	   -1.00	1	11	  405.35	-3	5	NULL
real	EL	379	25	-15	   -3.00	0	    1.00	0	10	  895.51	-3	7	NULL
real	CR	380	25	15	    2.00	0	    1.00	1	9	  823.52	-6	7	NULL
real	DL	381	25	15	    2.00	0	    1.00	1	12	  876.78	-6	5	NULL
real	GR	382	25	15	    5.00	1	   -1.00	1	10	  478.69	-3	7	NULL
real	FL	383	25	-15	   -4.00	0	    1.00	1	12	  722.12	-3	5	NULL
real	CL	384	25	15	    2.00	1	   -1.00	0	9	  830.93	-6	7	NULL
real	GL	385	25	15	    2.00	0	    1.00	1	8	  728.19	-3	7	NULL
real	ER	386	25	-15	   -3.00	0	    1.00	0	11	  738.78	-3	7	NULL
real	HR	387	25	15	    3.00	1	   -1.00	0	8	  420.01	-3	5	NULL
real	FR	388	26	-15	   -2.00	0	    1.00	0	9	  581.48	-3	5	NULL
real	HR	389	26	15	    2.00	1	   -1.00	0	8	  793.17	-3	5	NULL
real	ER	390	26	-15	   -2.00	0	    1.00	0	11	  913.31	-3	7	NULL
real	CR	391	26	15	    3.00	1	   -1.00	1	10	  784.12	-6	7	NULL
real	EL	392	26	-15	   -2.00	0	    1.00	0	10	 1500.97	-3	7	NULL
real	CL	393	26	15	    1.00	1	   -1.00	0	9	  772.81	-6	7	NULL
real	AR	394	26	-15	   -3.00	0	    1.00	0	11	 2626.92	-6	7	NULL
real	GR	395	26	15	    4.00	1	   -1.00	0	10	  759.97	-3	7	NULL
real	HL	396	26	15	    4.00	1	   -1.00	0	11	  496.01	-3	5	NULL
real	GL	397	26	15	    3.00	1	   -1.00	1	9	  657.53	-3	7	NULL
real	GR	398	27	15	    3.00	1	   -1.00	0	10	  516.40	-3	7	NULL
real	HL	399	27	15	    3.00	1	   -1.00	0	11	  419.47	-3	5	NULL
real	CL	400	27	15	    0.00	0	    1.00	1	10	 1156.78	-6	7	NULL
real	EL	401	27	-15	   -1.00	1	   -1.00	1	11	  556.50	-3	7	NULL
real	ER	402	27	-15	   -1.00	1	   -1.00	1	12	  644.47	-3	7	NULL
real	FR	403	27	-15	   -1.00	0	    1.00	0	9	  798.83	-3	5	NULL
real	AR	404	27	-15	   -2.00	0	    1.00	0	11	  578.21	-6	7	NULL
real	GL	405	27	15	    2.00	1	   -1.00	0	9	  709.78	-3	7	NULL
real	CR	406	27	15	    2.00	1	   -1.00	0	10	  492.78	-6	7	NULL
real	HR	407	27	15	    1.00	1	   -1.00	0	8	  455.13	-3	5	NULL
real	FR	408	28	-15	    0.00	1	   -1.00	1	10	  666.64	-3	5	NULL
real	HL	409	28	15	    2.00	1	   -1.00	0	11	  441.30	-3	5	NULL
real	EL	410	28	-15	   -2.00	0	    1.00	1	12	  717.80	-3	7	NULL
real	GR	411	28	15	    2.00	1	   -1.00	0	10	  543.37	-3	7	NULL
real	AR	412	28	-15	   -1.00	0	    1.00	0	11	  745.97	-6	7	NULL
real	CL	413	28	15	    1.00	1	   -1.00	1	11	  424.21	-6	7	NULL
real	HR	414	28	15	    0.00	0	    1.00	1	9	  534.21	-3	5	NULL
real	GL	415	28	15	    1.00	0	    1.00	1	10	  555.85	-3	7	NULL
real	CR	416	28	15	    1.00	0	    1.00	1	11	  713.38	-6	7	NULL
real	CL	417	29	15	    0.00	0	    1.00	1	12	  625.57	-6	7	NULL
real	HR	418	29	15	    1.00	1	   -1.00	1	10	  460.09	-3	5	NULL
real	AR	419	29	-15	    0.00	1	   -1.00	1	12	  564.43	-6	7	NULL
real	HL	420	29	15	    1.00	1	   -1.00	0	11	  844.93	-3	5	NULL
real	FR	421	29	-15	   -1.00	1	   -1.00	0	10	  706.02	-3	5	NULL
real	CR	422	29	15	    2.00	1	   -1.00	1	12	  730.65	-6	7	NULL
real	GR	423	29	15	    1.00	0	    1.00	1	11	  719.29	-3	7	NULL
real	GL	424	29	15	    2.00	1	   -1.00	1	11	  588.47	-3	7	NULL
real	GL	425	30	15	    1.00	1	   -1.00	0	11	 1094.42	-3	7	NULL
real	HL	426	30	15	    0.00	0	    1.00	1	12	  632.91	-3	5	NULL
real	HR	427	30	15	    0.00	0	    1.00	1	11	  798.82	-3	5	NULL
real	FR	428	30	-15	   -2.00	0	    1.00	1	11	  568.45	-3	5	NULL
real	GR	429	30	15	    2.00	1	   -1.00	1	12	 1151.06	-3	7	NULL
real	GL	430	31	15	    0.00	0	    1.00	1	12	  566.42	-3	7	NULL
real	HR	431	31	15	    1.00	0	    1.00	0	11	  673.17	-3	5	NULL
real	FR	432	31	-15	   -1.00	1	   -1.00	1	12	  633.90	-3	5	NULL
real	HR	433	32	15	    2.00	1	   -1.00	1	12	 1321.27	-3	5	NULL
