TRIAL_TYPE	trial_variant	TRIAL_NUMBER	TRIAL_ITERATION_VAL	frame_tilt	rod_tilt	response	step_size	reversal	reversal_num	RT	probe_del	alpha_entrain_refreshes	rod_tilt_val
real	HR	1	1	15	   20.00	1	   -8.00	0	0	  884.63	-3	5	NULL
real	ER	2	1	-15	   20.00	1	   -8.00	0	0	  676.76	-3	7	NULL
real	GL	3	1	15	  -20.00	0	    8.00	0	0	  489.09	-3	7	NULL
real	CL	4	1	15	  -20.00	0	    8.00	0	0	  478.13	-6	7	NULL
real	HL	5	1	15	  -20.00	0	    8.00	0	0	  420.28	-3	5	NULL
real	AR	6	1	-15	   20.00	1	   -8.00	0	0	  481.92	-6	7	NULL
real	BR	7	1	-15	   20.00	1	   -8.00	0	0	  380.94	-6	5	NULL
real	GR	8	1	15	   20.00	1	   -8.00	0	0	  415.29	-3	7	NULL
real	DR	9	1	15	   20.00	1	   -8.00	0	0	  375.25	-6	5	NULL
real	FL	10	1	-15	  -20.00	0	    8.00	0	0	  433.86	-3	5	NULL
real	FR	11	1	-15	   20.00	1	   -8.00	0	0	  487.29	-3	5	NULL
real	EL	12	1	-15	  -20.00	0	    8.00	0	0	  472.83	-3	7	NULL
real	AL	13	1	-15	  -20.00	0	    8.00	0	0	  578.37	-6	7	NULL
real	CR	14	1	15	   20.00	1	   -8.00	0	0	  468.17	-6	7	NULL
real	DL	15	1	15	  -20.00	0	    8.00	0	0	  484.21	-6	5	NULL
real	BL	16	1	-15	  -20.00	0	    8.00	0	0	  446.89	-6	5	NULL
real	GL	17	2	15	  -12.00	0	    8.00	0	0	  572.57	-3	7	NULL
real	CR	18	2	15	   12.00	1	   -8.00	0	0	  480.89	-6	7	NULL
real	FL	19	2	-15	  -12.00	0	    8.00	0	0	  595.32	-3	5	NULL
real	AL	20	2	-15	  -12.00	0	    8.00	0	0	  463.67	-6	7	NULL
real	FR	21	2	-15	   12.00	1	   -8.00	0	0	  439.17	-3	5	NULL
real	BL	22	2	-15	  -12.00	0	    8.00	0	0	  411.00	-6	5	NULL
real	BR	23	2	-15	   12.00	1	   -8.00	0	0	  421.99	-6	5	NULL
real	CL	24	2	15	  -12.00	0	    8.00	0	0	  385.50	-6	7	NULL
real	DR	25	2	15	   12.00	1	   -8.00	0	0	  435.23	-6	5	NULL
real	HL	26	2	15	  -12.00	0	    8.00	0	0	  398.22	-3	5	NULL
real	ER	27	2	-15	   12.00	1	   -8.00	0	0	  484.06	-3	7	NULL
real	HR	28	2	15	   12.00	1	   -8.00	0	0	  445.07	-3	5	NULL
real	GR	29	2	15	   12.00	1	   -8.00	0	0	  426.42	-3	7	NULL
real	DL	30	2	15	  -12.00	0	    8.00	0	0	  494.30	-6	5	NULL
real	EL	31	2	-15	  -12.00	0	    8.00	0	0	  444.33	-3	7	NULL
real	AR	32	2	-15	   12.00	1	   -8.00	0	0	  488.06	-6	7	NULL
real	CL	33	3	15	   -4.00	0	    8.00	0	0	  491.57	-6	7	NULL
real	HL	34	3	15	   -4.00	0	    8.00	0	0	  561.15	-3	5	NULL
real	GL	35	3	15	   -4.00	0	    8.00	0	0	  591.84	-3	7	NULL
real	BL	36	3	-15	   -4.00	0	    8.00	0	0	  433.99	-6	5	NULL
real	DL	37	3	15	   -4.00	0	    8.00	0	0	  498.49	-6	5	NULL
real	BR	38	3	-15	    4.00	1	   -8.00	0	0	  466.14	-6	5	NULL
real	CR	39	3	15	    4.00	1	   -8.00	0	0	  785.05	-6	7	NULL
real	HR	40	3	15	    4.00	1	   -8.00	0	0	  513.81	-3	5	NULL
real	DR	41	3	15	    4.00	1	   -8.00	0	0	  514.91	-6	5	NULL
real	FL	42	3	-15	   -4.00	1	   -4.00	1	1	  784.56	-3	5	NULL
real	GR	43	3	15	    4.00	1	   -8.00	0	0	  625.13	-3	7	NULL
real	ER	44	3	-15	    4.00	1	   -8.00	0	0	  441.70	-3	7	NULL
real	AL	45	3	-15	   -4.00	0	    8.00	0	0	  495.64	-6	7	NULL
real	FR	46	3	-15	    4.00	1	   -8.00	0	0	  480.27	-3	5	NULL
real	AR	47	3	-15	    4.00	1	   -8.00	0	0	  471.81	-6	7	NULL
real	EL	48	3	-15	   -4.00	1	   -4.00	1	1	  555.80	-3	7	NULL
real	ER	49	4	-15	   -4.00	0	    4.00	1	1	  430.03	-3	7	NULL
real	CR	50	4	15	   -4.00	0	    4.00	1	1	  514.15	-6	7	NULL
real	FR	51	4	-15	   -4.00	1	   -8.00	0	0	  612.46	-3	5	NULL
real	AL	52	4	-15	    4.00	1	   -4.00	1	1	  548.47	-6	7	NULL
real	FL	53	4	-15	   -8.00	0	    2.00	1	2	  578.51	-3	5	NULL
real	BR	54	4	-15	   -4.00	0	    4.00	1	1	  503.29	-6	5	NULL
real	GL	55	4	15	    4.00	1	   -4.00	1	1	  556.20	-3	7	NULL
real	GR	56	4	15	   -4.00	0	    4.00	1	1	  395.30	-3	7	NULL
real	DL	57	4	15	    4.00	1	   -4.00	1	1	  454.39	-6	5	NULL
real	CL	58	4	15	    4.00	1	   -4.00	1	1	  484.01	-6	7	NULL
real	DR	59	4	15	   -4.00	0	    4.00	1	1	  431.40	-6	5	NULL
real	EL	60	4	-15	   -8.00	0	    2.00	1	2	  467.44	-3	7	NULL
real	BL	61	4	-15	    4.00	1	   -4.00	1	1	  432.09	-6	5	NULL
real	AR	62	4	-15	   -4.00	0	    4.00	1	1	  428.87	-6	7	NULL
real	HR	63	4	15	   -4.00	1	   -8.00	0	0	  663.02	-3	5	NULL
real	HL	64	4	15	    4.00	1	   -4.00	1	1	  636.50	-3	5	NULL
real	AL	65	5	-15	    0.00	1	   -4.00	0	1	  498.78	-6	7	NULL
real	ER	66	5	-15	    0.00	1	   -2.00	1	2	  329.04	-3	7	NULL
real	GR	67	5	15	    0.00	0	    4.00	0	1	  602.55	-3	7	NULL
real	GL	68	5	15	    0.00	0	    2.00	1	2	  574.77	-3	7	NULL
real	FL	69	5	-15	   -6.00	0	    2.00	0	2	  517.39	-3	5	NULL
real	CL	70	5	15	    0.00	0	    2.00	1	2	  577.11	-6	7	NULL
real	CR	71	5	15	    0.00	0	    4.00	0	1	  513.94	-6	7	NULL
real	AR	72	5	-15	    0.00	1	   -2.00	1	2	  610.10	-6	7	NULL
real	HR	73	5	15	  -12.00	0	    4.00	1	1	  504.97	-3	5	NULL
real	BR	74	5	-15	    0.00	1	   -2.00	1	2	  521.94	-6	5	NULL
real	BL	75	5	-15	    0.00	1	   -4.00	0	1	  457.09	-6	5	NULL
real	DL	76	5	15	    0.00	0	    2.00	1	2	  584.65	-6	5	NULL
real	FR	77	5	-15	  -12.00	0	    4.00	1	1	  403.37	-3	5	NULL
real	DR	78	5	15	    0.00	1	   -2.00	1	2	  480.42	-6	5	NULL
real	EL	79	5	-15	   -6.00	0	    2.00	0	2	  396.75	-3	7	NULL
real	HL	80	5	15	    0.00	0	    2.00	1	2	  519.62	-3	5	NULL
real	FR	81	6	-15	   -8.00	0	    4.00	0	1	  393.13	-3	5	NULL
real	DR	82	6	15	   -2.00	0	    1.00	1	3	  576.07	-6	5	NULL
real	CL	83	6	15	    2.00	1	   -1.00	1	3	  521.15	-6	7	NULL
real	GR	84	6	15	    4.00	1	   -2.00	1	2	  463.34	-3	7	NULL
real	AL	85	6	-15	   -4.00	0	    2.00	1	2	  406.06	-6	7	NULL
real	DL	86	6	15	    2.00	1	   -1.00	1	3	  397.35	-6	5	NULL
real	FL	87	6	-15	   -4.00	0	    2.00	0	2	  404.31	-3	5	NULL
real	BL	88	6	-15	   -4.00	0	    2.00	1	2	  369.59	-6	5	NULL
real	EL	89	6	-15	   -4.00	0	    2.00	0	2	11297.52	-3	7	NULL
real	BR	90	6	-15	   -2.00	0	    1.00	1	3	  491.78	-6	5	NULL
real	HL	91	6	15	    2.00	1	   -1.00	1	3	  410.44	-3	5	NULL
real	GL	92	6	15	    2.00	1	   -1.00	1	3	  488.26	-3	7	NULL
real	ER	93	6	-15	   -2.00	1	   -2.00	0	2	  487.47	-3	7	NULL
real	AR	94	6	-15	   -2.00	1	   -2.00	0	2	  565.14	-6	7	NULL
real	HR	95	6	15	   -8.00	0	    4.00	0	1	  459.07	-3	5	NULL
real	CR	96	6	15	    4.00	1	   -2.00	1	2	  596.66	-6	7	NULL
real	DR	97	7	15	   -1.00	1	   -1.00	1	4	  425.25	-6	5	NULL
real	CR	98	7	15	    2.00	1	   -2.00	0	2	  354.27	-6	7	NULL
real	BL	99	7	-15	   -2.00	0	    2.00	0	2	  372.22	-6	5	NULL
real	GL	100	7	15	    1.00	1	   -1.00	0	3	  308.95	-3	7	NULL
real	AR	101	7	-15	   -4.00	0	    1.00	1	3	  503.58	-6	7	NULL
real	FR	102	7	-15	   -4.00	0	    4.00	0	1	  446.82	-3	5	NULL
real	HL	103	7	15	    1.00	1	   -1.00	0	3	  504.80	-3	5	NULL
real	DL	104	7	15	    1.00	1	   -1.00	0	3	  530.14	-6	5	NULL
real	FL	105	7	-15	   -2.00	1	   -1.00	1	3	  662.30	-3	5	NULL
real	EL	106	7	-15	   -2.00	1	   -1.00	1	3	  430.41	-3	7	NULL
real	CL	107	7	15	    1.00	1	   -1.00	0	3	  442.07	-6	7	NULL
real	BR	108	7	-15	   -1.00	1	   -1.00	1	4	  473.29	-6	5	NULL
real	ER	109	7	-15	   -4.00	0	    1.00	1	3	  425.37	-3	7	NULL
real	AL	110	7	-15	   -2.00	1	   -1.00	1	3	  497.71	-6	7	NULL
real	GR	111	7	15	    2.00	1	   -2.00	0	2	  563.56	-3	7	NULL
real	HR	112	7	15	   -4.00	0	    4.00	0	1	  437.50	-3	5	NULL
real	CR	113	8	15	    0.00	1	   -2.00	0	2	  467.40	-6	7	NULL
real	AL	114	8	-15	   -3.00	0	    1.00	1	4	  499.23	-6	7	NULL
real	EL	115	8	-15	   -3.00	1	   -1.00	0	3	  527.99	-3	7	NULL
real	DL	116	8	15	    0.00	1	   -1.00	0	3	  479.46	-6	5	NULL
real	HR	117	8	15	    0.00	1	   -2.00	1	2	  460.77	-3	5	NULL
real	FR	118	8	-15	    0.00	1	   -2.00	1	2	  484.57	-3	5	NULL
real	FL	119	8	-15	   -3.00	1	   -1.00	0	3	  536.81	-3	5	NULL
real	DR	120	8	15	   -2.00	0	    1.00	1	5	  487.89	-6	5	NULL
real	GL	121	8	15	    0.00	0	    1.00	1	4	  764.44	-3	7	NULL
real	CL	122	8	15	    0.00	1	   -1.00	0	3	  405.28	-6	7	NULL
real	BR	123	8	-15	   -2.00	1	   -1.00	0	4	  654.21	-6	5	NULL
real	GR	124	8	15	    0.00	0	    1.00	1	3	  558.72	-3	7	NULL
real	AR	125	8	-15	   -3.00	0	    1.00	0	3	  512.06	-6	7	NULL
real	BL	126	8	-15	    0.00	1	   -1.00	1	3	  406.40	-6	5	NULL
real	ER	127	8	-15	   -3.00	1	   -1.00	1	4	  551.64	-3	7	NULL
real	HL	128	8	15	    0.00	0	    1.00	1	4	  456.41	-3	5	NULL
real	DL	129	9	15	   -1.00	0	    1.00	1	4	  615.79	-6	5	NULL
real	BL	130	9	-15	   -1.00	0	    1.00	1	4	  665.74	-6	5	NULL
real	DR	131	9	15	   -1.00	0	    1.00	0	5	  449.63	-6	5	NULL
real	FR	132	9	-15	   -2.00	0	    1.00	1	3	  564.34	-3	5	NULL
real	HL	133	9	15	    1.00	1	   -1.00	1	5	  392.10	-3	5	NULL
real	CR	134	9	15	   -2.00	0	    1.00	1	3	  476.29	-6	7	NULL
real	CL	135	9	15	   -1.00	0	    1.00	1	4	  517.11	-6	7	NULL
real	AL	136	9	-15	   -2.00	0	    1.00	0	4	  360.78	-6	7	NULL
real	GR	137	9	15	    1.00	0	    1.00	0	3	  522.46	-3	7	NULL
real	AR	138	9	-15	   -2.00	0	    1.00	0	3	  549.34	-6	7	NULL
real	BR	139	9	-15	   -3.00	0	    1.00	1	5	  452.19	-6	5	NULL
real	HR	140	9	15	   -2.00	0	    1.00	1	3	  412.33	-3	5	NULL
real	FL	141	9	-15	   -4.00	1	   -1.00	0	3	  476.54	-3	5	NULL
real	GL	142	9	15	    1.00	1	   -1.00	1	5	  403.28	-3	7	NULL
real	ER	143	9	-15	   -4.00	1	   -1.00	0	4	  505.22	-3	7	NULL
real	EL	144	9	-15	   -4.00	1	   -1.00	0	3	  521.21	-3	7	NULL
real	ER	145	10	-15	   -5.00	0	    1.00	1	5	  419.32	-3	7	NULL
real	DR	146	10	15	    0.00	1	   -1.00	1	6	  428.22	-6	5	NULL
real	AR	147	10	-15	   -1.00	1	   -1.00	1	4	  548.44	-6	7	NULL
real	FL	148	10	-15	   -5.00	0	    1.00	1	4	  478.77	-3	5	NULL
real	DL	149	10	15	    0.00	1	   -1.00	1	5	  429.37	-6	5	NULL
real	HL	150	10	15	    0.00	1	   -1.00	0	5	  468.17	-3	5	NULL
real	FR	151	10	-15	   -1.00	1	   -1.00	1	4	  426.97	-3	5	NULL
real	GL	152	10	15	    0.00	0	    1.00	1	6	  591.77	-3	7	NULL
real	BL	153	10	-15	    0.00	1	   -1.00	1	5	  463.27	-6	5	NULL
real	GR	154	10	15	    2.00	0	    1.00	0	3	  527.65	-3	7	NULL
real	CR	155	10	15	   -1.00	0	    1.00	0	3	  487.22	-6	7	NULL
real	CL	156	10	15	    0.00	0	    1.00	0	4	  542.86	-6	7	NULL
real	EL	157	10	-15	   -5.00	1	   -1.00	0	3	  596.36	-3	7	NULL
real	BR	158	10	-15	   -2.00	0	    1.00	0	5	  914.70	-6	5	NULL
real	HR	159	10	15	   -1.00	0	    1.00	0	3	  462.89	-3	5	NULL
real	AL	160	10	-15	   -1.00	1	   -1.00	1	5	  488.19	-6	7	NULL
real	CR	161	11	15	    0.00	0	    1.00	0	3	  613.39	-6	7	NULL
real	DR	162	11	15	   -1.00	0	    1.00	1	7	  627.18	-6	5	NULL
real	AR	163	11	-15	   -2.00	1	   -1.00	0	4	  485.49	-6	7	NULL
real	HR	164	11	15	    0.00	0	    1.00	0	3	  390.47	-3	5	NULL
real	GR	165	11	15	    3.00	1	   -1.00	1	4	  438.99	-3	7	NULL
real	CL	166	11	15	    1.00	0	    1.00	0	4	  668.25	-6	7	NULL
real	DL	167	11	15	   -1.00	0	    1.00	1	6	  571.23	-6	5	NULL
real	ER	168	11	-15	   -4.00	1	   -1.00	1	6	  492.05	-3	7	NULL
real	GL	169	11	15	    1.00	1	   -1.00	1	7	  619.52	-3	7	NULL
real	FR	170	11	-15	   -2.00	1	   -1.00	0	4	  614.64	-3	5	NULL
real	HL	171	11	15	   -1.00	0	    1.00	1	6	  469.57	-3	5	NULL
real	FL	172	11	-15	   -4.00	0	    1.00	0	4	  409.21	-3	5	NULL
real	BR	173	11	-15	   -1.00	1	   -1.00	1	6	  445.97	-6	5	NULL
real	AL	174	11	-15	   -2.00	1	   -1.00	0	5	  434.20	-6	7	NULL
real	BL	175	11	-15	   -1.00	1	   -1.00	0	5	  472.13	-6	5	NULL
real	EL	176	11	-15	   -6.00	0	    1.00	1	4	  582.57	-3	7	NULL
real	AL	177	12	-15	   -3.00	1	   -1.00	0	5	  578.08	-6	7	NULL
real	GL	178	12	15	    0.00	1	   -1.00	0	7	  394.48	-3	7	NULL
real	EL	179	12	-15	   -5.00	0	    1.00	0	4	  402.44	-3	7	NULL
real	FR	180	12	-15	   -3.00	1	   -1.00	0	4	  540.28	-3	5	NULL
real	HL	181	12	15	    0.00	0	    1.00	0	6	  609.94	-3	5	NULL
real	GR	182	12	15	    2.00	1	   -1.00	0	4	  482.82	-3	7	NULL
real	CR	183	12	15	    1.00	1	   -1.00	1	4	  409.31	-6	7	NULL
real	BR	184	12	-15	   -2.00	1	   -1.00	0	6	  569.67	-6	5	NULL
real	HR	185	12	15	    1.00	0	    1.00	0	3	  627.79	-3	5	NULL
real	CL	186	12	15	    2.00	1	   -1.00	1	5	  333.90	-6	7	NULL
real	BL	187	12	-15	   -2.00	1	   -1.00	0	5	  517.23	-6	5	NULL
real	ER	188	12	-15	   -5.00	0	    1.00	1	7	  515.05	-3	7	NULL
real	DR	189	12	15	    0.00	1	   -1.00	1	8	  603.22	-6	5	NULL
real	AR	190	12	-15	   -3.00	0	    1.00	1	5	  400.70	-6	7	NULL
real	DL	191	12	15	    0.00	0	    1.00	0	6	  662.14	-6	5	NULL
real	FL	192	12	-15	   -3.00	1	   -1.00	1	5	  569.98	-3	5	NULL
real	ER	193	13	-15	   -4.00	0	    1.00	0	7	  557.27	-3	7	NULL
real	AR	194	13	-15	   -2.00	1	   -1.00	1	6	  455.73	-6	7	NULL
real	BL	195	13	-15	   -3.00	0	    1.00	1	6	  401.45	-6	5	NULL
real	EL	196	13	-15	   -4.00	1	   -1.00	1	5	  462.13	-3	7	NULL
real	DL	197	13	15	    1.00	1	   -1.00	1	7	  465.08	-6	5	NULL
real	HR	198	13	15	    2.00	0	    1.00	0	3	  556.21	-3	5	NULL
real	GR	199	13	15	    1.00	0	    1.00	1	5	  556.38	-3	7	NULL
real	BR	200	13	-15	   -3.00	0	    1.00	1	7	  505.34	-6	5	NULL
real	FL	201	13	-15	   -4.00	0	    1.00	1	6	  456.92	-3	5	NULL
real	AL	202	13	-15	   -4.00	0	    1.00	1	6	  379.02	-6	7	NULL
real	DR	203	13	15	   -1.00	0	    1.00	1	9	  574.04	-6	5	NULL
real	GL	204	13	15	   -1.00	0	    1.00	1	8	  454.96	-3	7	NULL
real	FR	205	13	-15	   -4.00	0	    1.00	1	5	  402.11	-3	5	NULL
real	CR	206	13	15	    0.00	1	   -1.00	0	4	  466.45	-6	7	NULL
real	CL	207	13	15	    1.00	1	   -1.00	0	5	  513.42	-6	7	NULL
real	HL	208	13	15	    1.00	1	   -1.00	1	7	  471.55	-3	5	NULL
real	HL	209	14	15	    0.00	0	    1.00	1	8	  626.38	-3	5	NULL
real	AL	210	14	-15	   -3.00	0	    1.00	0	6	  425.92	-6	7	NULL
real	BL	211	14	-15	   -2.00	0	    1.00	0	6	  468.75	-6	5	NULL
real	EL	212	14	-15	   -5.00	0	    1.00	1	6	  569.95	-3	7	NULL
real	DL	213	14	15	    0.00	1	   -1.00	0	7	  432.38	-6	5	NULL
real	AR	214	14	-15	   -3.00	0	    1.00	1	7	  643.31	-6	7	NULL
real	CL	215	14	15	    0.00	1	   -1.00	0	5	  571.47	-6	7	NULL
real	FL	216	14	-15	   -3.00	1	   -1.00	1	7	  596.45	-3	5	NULL
real	HR	217	14	15	    3.00	1	   -1.00	1	4	  426.57	-3	5	NULL
real	BR	218	14	-15	   -2.00	1	   -1.00	1	8	  465.67	-6	5	NULL
real	ER	219	14	-15	   -3.00	0	    1.00	0	7	  422.62	-3	7	NULL
real	GL	220	14	15	    0.00	0	    1.00	0	8	  678.94	-3	7	NULL
real	GR	221	14	15	    2.00	1	   -1.00	1	6	  508.84	-3	7	NULL
real	FR	222	14	-15	   -3.00	1	   -1.00	1	6	  446.46	-3	5	NULL
real	DR	223	14	15	    0.00	0	    1.00	0	9	  471.59	-6	5	NULL
real	CR	224	14	15	   -1.00	1	   -1.00	0	4	  559.65	-6	7	NULL
real	AL	225	15	-15	   -2.00	0	    1.00	0	6	  792.01	-6	7	NULL
real	BL	226	15	-15	   -1.00	1	   -1.00	1	7	  644.84	-6	5	NULL
real	DL	227	15	15	   -1.00	0	    1.00	1	8	  527.80	-6	5	NULL
real	CR	228	15	15	   -2.00	0	    1.00	1	5	  508.59	-6	7	NULL
real	GR	229	15	15	    1.00	1	   -1.00	0	6	  402.02	-3	7	NULL
real	CL	230	15	15	   -1.00	0	    1.00	1	6	  547.81	-6	7	NULL
real	AR	231	15	-15	   -2.00	1	   -1.00	1	8	  486.77	-6	7	NULL
real	DR	232	15	15	    1.00	1	   -1.00	1	10	  652.34	-6	5	NULL
real	FR	233	15	-15	   -4.00	1	   -1.00	0	6	  779.60	-3	5	NULL
real	HL	234	15	15	    1.00	1	   -1.00	1	9	  556.09	-3	5	NULL
real	EL	235	15	-15	   -4.00	0	    1.00	0	6	  590.70	-3	7	NULL
real	BR	236	15	-15	   -3.00	1	   -1.00	0	8	  555.66	-6	5	NULL
real	ER	237	15	-15	   -2.00	1	   -1.00	1	8	  517.75	-3	7	NULL
real	GL	238	15	15	    1.00	0	    1.00	0	8	  540.89	-3	7	NULL
real	HR	239	15	15	    2.00	1	   -1.00	0	4	  418.32	-3	5	NULL
real	FL	240	15	-15	   -4.00	0	    1.00	1	8	  379.88	-3	5	NULL
real	GR	241	16	15	    0.00	0	    1.00	1	7	  573.38	-3	7	NULL
real	CL	242	16	15	    0.00	0	    1.00	0	6	  546.64	-6	7	NULL
real	FL	243	16	-15	   -3.00	1	   -1.00	1	9	  560.57	-3	5	NULL
real	AL	244	16	-15	   -1.00	1	   -1.00	1	7	  455.33	-6	7	NULL
real	DR	245	16	15	    0.00	1	   -1.00	0	10	  466.38	-6	5	NULL
real	FR	246	16	-15	   -5.00	0	    1.00	1	7	  427.79	-3	5	NULL
real	GL	247	16	15	    2.00	1	   -1.00	1	9	  406.21	-3	7	NULL
real	ER	248	16	-15	   -3.00	0	    1.00	1	9	  521.47	-3	7	NULL
real	DL	249	16	15	    0.00	1	   -1.00	1	9	  461.13	-6	5	NULL
real	BR	250	16	-15	   -4.00	0	    1.00	1	9	  579.43	-6	5	NULL
real	AR	251	16	-15	   -3.00	0	    1.00	1	9	  843.95	-6	7	NULL
real	HL	252	16	15	    0.00	0	    1.00	1	10	  559.72	-3	5	NULL
real	EL	253	16	-15	   -3.00	1	   -1.00	1	7	  463.17	-3	7	NULL
real	HR	254	16	15	    1.00	0	    1.00	1	5	  628.11	-3	5	NULL
real	CR	255	16	15	   -1.00	0	    1.00	0	5	  534.78	-6	7	NULL
real	BL	256	16	-15	   -2.00	1	   -1.00	0	7	  605.87	-6	5	NULL
real	BR	257	17	-15	   -3.00	1	   -1.00	1	10	  662.68	-6	5	NULL
real	CR	258	17	15	    0.00	0	    1.00	0	5	  559.68	-6	7	NULL
real	EL	259	17	-15	   -4.00	1	   -1.00	0	7	  584.41	-3	7	NULL
real	FL	260	17	-15	   -4.00	0	    1.00	1	10	  555.65	-3	5	NULL
real	AL	261	17	-15	   -2.00	1	   -1.00	0	7	  472.69	-6	7	NULL
real	GR	262	17	15	    1.00	1	   -1.00	1	8	  431.55	-3	7	NULL
real	BL	263	17	-15	   -3.00	0	    1.00	1	8	  536.64	-6	5	NULL
real	AR	264	17	-15	   -2.00	1	   -1.00	1	10	  452.13	-6	7	NULL
real	DL	265	17	15	   -1.00	0	    1.00	1	10	  616.65	-6	5	NULL
real	ER	266	17	-15	   -2.00	1	   -1.00	1	10	  533.03	-3	7	NULL
real	FR	267	17	-15	   -4.00	0	    1.00	0	7	  474.17	-3	5	NULL
real	DR	268	17	15	   -1.00	1	   -1.00	0	10	  414.23	-6	5	NULL
real	GL	269	17	15	    1.00	1	   -1.00	0	9	  329.73	-3	7	NULL
real	HR	270	17	15	    2.00	1	   -1.00	1	6	  504.33	-3	5	NULL
real	CL	271	17	15	    1.00	1	   -1.00	1	7	  505.58	-6	7	NULL
real	HL	272	17	15	    1.00	0	    1.00	0	10	  534.32	-3	5	NULL
real	BL	273	18	-15	   -2.00	0	    1.00	0	8	  409.88	-6	5	NULL
real	GL	274	18	15	    0.00	0	    1.00	1	10	  555.58	-3	7	NULL
real	AR	275	18	-15	   -3.00	0	    1.00	1	11	  311.31	-6	7	NULL
real	CL	276	18	15	    0.00	0	    1.00	1	8	  456.99	-6	7	NULL
real	GR	277	18	15	    0.00	0	    1.00	1	9	  305.62	-3	7	NULL
real	BR	278	18	-15	   -4.00	0	    1.00	1	11	  456.25	-6	5	NULL
real	DL	279	18	15	    0.00	1	   -1.00	1	11	  525.53	-6	5	NULL
real	AL	280	18	-15	   -3.00	0	    1.00	1	8	  433.37	-6	7	NULL
real	HR	281	18	15	    1.00	1	   -1.00	0	6	  370.55	-3	5	NULL
real	EL	282	18	-15	   -5.00	0	    1.00	1	8	  654.72	-3	7	NULL
real	FL	283	18	-15	   -3.00	1	   -1.00	1	11	  620.88	-3	5	NULL
real	FR	284	18	-15	   -3.00	1	   -1.00	1	8	  419.69	-3	5	NULL
real	DR	285	18	15	   -2.00	0	    1.00	1	11	  541.14	-6	5	NULL
real	ER	286	18	-15	   -3.00	1	   -1.00	0	10	  487.72	-3	7	NULL
real	HL	287	18	15	    2.00	1	   -1.00	1	11	  508.30	-3	5	NULL
real	CR	288	18	15	    1.00	1	   -1.00	1	6	11106.46	-6	7	NULL
real	EL	289	19	-15	   -4.00	0	    1.00	0	8	  366.22	-3	7	NULL
real	CL	290	19	15	    1.00	0	    1.00	0	8	  692.48	-6	7	NULL
real	BR	291	19	-15	   -3.00	0	    1.00	0	11	  482.61	-6	5	NULL
real	HL	292	19	15	    1.00	0	    1.00	1	12	  731.20	-3	5	NULL
real	BL	293	19	-15	   -1.00	1	   -1.00	1	9	  458.53	-6	5	NULL
real	ER	294	19	-15	   -4.00	0	    1.00	1	11	  398.52	-3	7	NULL
real	GR	295	19	15	    1.00	0	    1.00	0	9	  571.53	-3	7	NULL
real	CR	296	19	15	    0.00	0	    1.00	1	7	  712.36	-6	7	NULL
real	DL	297	19	15	   -1.00	0	    1.00	1	12	  549.75	-6	5	NULL
real	AR	298	19	-15	   -2.00	1	   -1.00	1	12	  719.99	-6	7	NULL
real	FL	299	19	-15	   -4.00	1	   -1.00	0	11	  621.70	-3	5	NULL
real	AL	300	19	-15	   -2.00	1	   -1.00	1	9	  471.93	-6	7	NULL
real	HR	301	19	15	    0.00	0	    1.00	1	7	  432.98	-3	5	NULL
real	DR	302	19	15	   -1.00	0	    1.00	0	11	  745.35	-6	5	NULL
real	FR	303	19	-15	   -4.00	1	   -1.00	0	8	  502.08	-3	5	NULL
real	GL	304	19	15	    1.00	0	    1.00	0	10	  665.32	-3	7	NULL
real	DR	305	20	15	    0.00	0	    1.00	0	11	  577.58	-6	5	NULL
real	FR	306	20	-15	   -5.00	0	    1.00	1	9	  458.08	-3	5	NULL
real	EL	307	20	-15	   -3.00	0	    1.00	0	8	  508.98	-3	7	NULL
real	BR	308	20	-15	   -2.00	1	   -1.00	1	12	  623.36	-6	5	NULL
real	ER	309	20	-15	   -3.00	1	   -1.00	1	12	  691.48	-3	7	NULL
real	HR	310	20	15	    1.00	0	    1.00	0	7	  480.47	-3	5	NULL
real	FL	311	20	-15	   -5.00	0	    1.00	1	12	  413.60	-3	5	NULL
real	CL	312	20	15	    2.00	1	   -1.00	1	9	  459.83	-6	7	NULL
real	GL	313	20	15	    2.00	1	   -1.00	1	11	  381.63	-3	7	NULL
real	CR	314	20	15	    1.00	1	   -1.00	1	8	  761.24	-6	7	NULL
real	GR	315	20	15	    2.00	1	   -1.00	1	10	  616.25	-3	7	NULL
real	BL	316	20	-15	   -2.00	1	   -1.00	0	9	  595.83	-6	5	NULL
real	AL	317	20	-15	   -3.00	0	    1.00	1	10	  470.38	-6	7	NULL
real	BL	318	21	-15	   -3.00	0	    1.00	1	10	  624.53	-6	5	NULL
real	CL	319	21	15	    1.00	1	   -1.00	0	9	  601.97	-6	7	NULL
real	HR	320	21	15	    2.00	1	   -1.00	1	8	  509.22	-3	5	NULL
real	EL	321	21	-15	   -2.00	1	   -1.00	1	9	  610.83	-3	7	NULL
real	AL	322	21	-15	   -2.00	1	   -1.00	1	11	  585.97	-6	7	NULL
real	GR	323	21	15	    1.00	0	    1.00	1	11	  516.27	-3	7	NULL
real	DR	324	21	15	    1.00	1	   -1.00	1	12	  429.55	-6	5	NULL
real	FR	325	21	-15	   -4.00	0	    1.00	0	9	  373.01	-3	5	NULL
real	GL	326	21	15	    1.00	0	    1.00	1	12	  553.18	-3	7	NULL
real	CR	327	21	15	    0.00	1	   -1.00	0	8	  357.85	-6	7	NULL
real	CL	328	22	15	    0.00	1	   -1.00	0	9	  586.07	-6	7	NULL
real	FR	329	22	-15	   -3.00	0	    1.00	0	9	  411.95	-3	5	NULL
real	HR	330	22	15	    1.00	1	   -1.00	0	8	  618.17	-3	5	NULL
real	BL	331	22	-15	   -2.00	1	   -1.00	1	11	  639.16	-6	5	NULL
real	EL	332	22	-15	   -3.00	0	    1.00	1	10	  394.92	-3	7	NULL
real	AL	333	22	-15	   -3.00	1	   -1.00	0	11	  579.40	-6	7	NULL
real	GR	334	22	15	    2.00	1	   -1.00	1	12	  541.87	-3	7	NULL
real	CR	335	22	15	   -1.00	0	    1.00	1	9	  602.75	-6	7	NULL
real	CR	336	23	15	    0.00	1	   -1.00	1	10	  657.26	-6	7	NULL
real	CL	337	23	15	   -1.00	1	   -1.00	0	9	  651.48	-6	7	NULL
real	FR	338	23	-15	   -2.00	1	   -1.00	1	10	  675.50	-3	5	NULL
real	EL	339	23	-15	   -2.00	1	   -1.00	1	11	  473.92	-3	7	NULL
real	AL	340	23	-15	   -4.00	0	    1.00	1	12	  494.25	-6	7	NULL
real	BL	341	23	-15	   -3.00	0	    1.00	1	12	  486.25	-6	5	NULL
real	HR	342	23	15	    0.00	1	   -1.00	0	8	  502.84	-3	5	NULL
real	CL	343	24	15	   -2.00	0	    1.00	1	10	  425.54	-6	7	NULL
real	FR	344	24	-15	   -3.00	0	    1.00	1	11	  403.65	-3	5	NULL
real	CR	345	24	15	   -1.00	0	    1.00	1	11	  506.01	-6	7	NULL
real	HR	346	24	15	   -1.00	0	    1.00	1	9	  628.21	-3	5	NULL
real	EL	347	24	-15	   -3.00	1	   -1.00	0	11	  584.03	-3	7	NULL
real	CL	348	25	15	   -1.00	0	    1.00	0	10	  529.83	-6	7	NULL
real	CR	349	25	15	    0.00	1	   -1.00	1	12	  526.98	-6	7	NULL
real	HR	350	25	15	    0.00	0	    1.00	0	9	  500.96	-3	5	NULL
real	EL	351	25	-15	   -4.00	0	    1.00	1	12	  473.88	-3	7	NULL
real	FR	352	25	-15	   -2.00	1	   -1.00	1	12	  470.10	-3	5	NULL
real	CL	353	26	15	    0.00	0	    1.00	0	10	  501.23	-6	7	NULL
real	HR	354	26	15	    1.00	1	   -1.00	1	10	  446.86	-3	5	NULL
real	HR	355	27	15	    0.00	0	    1.00	1	11	  498.50	-3	5	NULL
real	CL	356	27	15	    1.00	0	    1.00	0	10	  590.67	-6	7	NULL
real	HR	357	28	15	    1.00	0	    1.00	0	11	  719.27	-3	5	NULL
real	CL	358	28	15	    2.00	1	   -1.00	1	11	  519.14	-6	7	NULL
real	HR	359	29	15	    2.00	0	    1.00	0	11	  587.41	-3	5	NULL
real	CL	360	29	15	    1.00	0	    1.00	1	12	  609.47	-6	7	NULL
real	HR	361	30	15	    3.00	1	   -1.00	1	12	  543.58	-3	5	NULL
