TRIAL_TYPE	trial_variant	TRIAL_NUMBER	TRIAL_ITERATION_VAL	frame_tilt	rod_tilt	response	step_size	reversal	reversal_num	RT	probe_del	alpha_entrain_refreshes	rod_tilt_val
real	GL	1	1	15	  -20.00	0	    8.00	0	0	  484.62	-3	7	NULL
real	ER	2	1	-15	   20.00	1	   -8.00	0	0	  396.91	-3	7	NULL
real	CL	3	1	15	  -20.00	0	    8.00	0	0	  469.84	-6	7	NULL
real	FR	4	1	-15	   20.00	1	   -8.00	0	0	  438.76	-3	5	NULL
real	CR	5	1	15	   20.00	1	   -8.00	0	0	  402.38	-6	7	NULL
real	EL	6	1	-15	  -20.00	0	    8.00	0	0	  544.20	-3	7	NULL
real	GR	7	1	15	   20.00	1	   -8.00	0	0	  469.60	-3	7	NULL
real	HR	8	1	15	   20.00	1	   -8.00	0	0	  451.53	-3	5	NULL
real	BL	9	1	-15	  -20.00	0	    8.00	0	0	  495.95	-6	5	NULL
real	DL	10	1	15	  -20.00	0	    8.00	0	0	  604.29	-6	5	NULL
real	AR	11	1	-15	   20.00	1	   -8.00	0	0	  407.94	-6	7	NULL
real	FL	12	1	-15	  -20.00	0	    8.00	0	0	  559.58	-3	5	NULL
real	BR	13	1	-15	   20.00	1	   -8.00	0	0	  445.14	-6	5	NULL
real	HL	14	1	15	  -20.00	0	    8.00	0	0	  609.59	-3	5	NULL
real	DR	15	1	15	   20.00	1	   -8.00	0	0	  489.77	-6	5	NULL
real	AL	16	1	-15	  -20.00	0	    8.00	0	0	  459.43	-6	7	NULL
real	ER	17	2	-15	   12.00	1	   -8.00	0	0	  422.69	-3	7	NULL
real	DL	18	2	15	  -12.00	0	    8.00	0	0	  555.06	-6	5	NULL
real	EL	19	2	-15	  -12.00	0	    8.00	0	0	  600.62	-3	7	NULL
real	FL	20	2	-15	  -12.00	0	    8.00	0	0	  513.13	-3	5	NULL
real	CL	21	2	15	  -12.00	0	    8.00	0	0	  693.50	-6	7	NULL
real	AR	22	2	-15	   12.00	1	   -8.00	0	0	  469.19	-6	7	NULL
real	BL	23	2	-15	  -12.00	0	    8.00	0	0	  513.52	-6	5	NULL
real	GL	24	2	15	  -12.00	0	    8.00	0	0	  521.50	-3	7	NULL
real	HL	25	2	15	  -12.00	0	    8.00	0	0	  564.57	-3	5	NULL
real	FR	26	2	-15	   12.00	1	   -8.00	0	0	  547.82	-3	5	NULL
real	GR	27	2	15	   12.00	1	   -8.00	0	0	  706.98	-3	7	NULL
real	AL	28	2	-15	  -12.00	0	    8.00	0	0	  559.85	-6	7	NULL
real	DR	29	2	15	   12.00	1	   -8.00	0	0	  510.00	-6	5	NULL
real	BR	30	2	-15	   12.00	1	   -8.00	0	0	  488.78	-6	5	NULL
real	CR	31	2	15	   12.00	1	   -8.00	0	0	  362.61	-6	7	NULL
real	HR	32	2	15	   12.00	1	   -8.00	0	0	  454.35	-3	5	NULL
real	HL	33	3	15	   -4.00	0	    8.00	0	0	  626.46	-3	5	NULL
real	DL	34	3	15	   -4.00	0	    8.00	0	0	  611.57	-6	5	NULL
real	HR	35	3	15	    4.00	1	   -8.00	0	0	  558.77	-3	5	NULL
real	GL	36	3	15	   -4.00	0	    8.00	0	0	  472.61	-3	7	NULL
real	GR	37	3	15	    4.00	1	   -8.00	0	0	  446.45	-3	7	NULL
real	ER	38	3	-15	    4.00	1	   -8.00	0	0	  440.83	-3	7	NULL
real	CL	39	3	15	   -4.00	0	    8.00	0	0	  586.34	-6	7	NULL
real	AL	40	3	-15	   -4.00	0	    8.00	0	0	  587.83	-6	7	NULL
real	EL	41	3	-15	   -4.00	0	    8.00	0	0	 1072.43	-3	7	NULL
real	CR	42	3	15	    4.00	1	   -8.00	0	0	  496.66	-6	7	NULL
real	DR	43	3	15	    4.00	1	   -8.00	0	0	  470.42	-6	5	NULL
real	FL	44	3	-15	   -4.00	0	    8.00	0	0	  892.85	-3	5	NULL
real	BR	45	3	-15	    4.00	1	   -8.00	0	0	  636.16	-6	5	NULL
real	BL	46	3	-15	   -4.00	0	    8.00	0	0	  746.12	-6	5	NULL
real	FR	47	3	-15	    4.00	1	   -8.00	0	0	  584.49	-3	5	NULL
real	AR	48	3	-15	    4.00	1	   -8.00	0	0	  453.59	-6	7	NULL
real	DL	49	4	15	    4.00	1	   -4.00	1	1	  578.08	-6	5	NULL
real	HR	50	4	15	   -4.00	0	    4.00	1	1	  530.31	-3	5	NULL
real	CL	51	4	15	    4.00	0	    8.00	0	0	 1467.65	-6	7	NULL
real	GL	52	4	15	    4.00	1	   -4.00	1	1	 1133.46	-3	7	NULL
real	BL	53	4	-15	    4.00	1	   -4.00	1	1	  614.30	-6	5	NULL
real	FL	54	4	-15	    4.00	1	   -4.00	1	1	  606.71	-3	5	NULL
real	EL	55	4	-15	    4.00	1	   -4.00	1	1	  361.62	-3	7	NULL
real	FR	56	4	-15	   -4.00	1	   -8.00	0	0	  791.82	-3	5	NULL
real	CR	57	4	15	   -4.00	0	    4.00	1	1	  556.30	-6	7	NULL
real	BR	58	4	-15	   -4.00	0	    4.00	1	1	  684.34	-6	5	NULL
real	ER	59	4	-15	   -4.00	0	    4.00	1	1	 1083.47	-3	7	NULL
real	AL	60	4	-15	    4.00	1	   -4.00	1	1	  700.97	-6	7	NULL
real	HL	61	4	15	    4.00	1	   -4.00	1	1	  618.32	-3	5	NULL
real	GR	62	4	15	   -4.00	0	    4.00	1	1	  641.80	-3	7	NULL
real	AR	63	4	-15	   -4.00	0	    4.00	1	1	  647.55	-6	7	NULL
real	DR	64	4	15	   -4.00	0	    4.00	1	1	  633.16	-6	5	NULL
real	BL	65	5	-15	    0.00	1	   -4.00	0	1	  617.47	-6	5	NULL
real	HR	66	5	15	    0.00	0	    4.00	0	1	  635.98	-3	5	NULL
real	FR	67	5	-15	  -12.00	0	    4.00	1	1	  526.73	-3	5	NULL
real	GL	68	5	15	    0.00	1	   -4.00	0	1	  465.19	-3	7	NULL
real	CR	69	5	15	    0.00	0	    4.00	0	1	  879.38	-6	7	NULL
real	ER	70	5	-15	    0.00	1	   -2.00	1	2	 1442.09	-3	7	NULL
real	DR	71	5	15	    0.00	0	    4.00	0	1	 1426.58	-6	5	NULL
real	GR	72	5	15	    0.00	0	    4.00	0	1	  778.97	-3	7	NULL
real	AR	73	5	-15	    0.00	1	   -2.00	1	2	  656.81	-6	7	NULL
real	CL	74	5	15	   12.00	1	   -4.00	1	1	  539.60	-6	7	NULL
real	DL	75	5	15	    0.00	1	   -4.00	0	1	 1083.95	-6	5	NULL
real	AL	76	5	-15	    0.00	1	   -4.00	0	1	 1338.88	-6	7	NULL
real	HL	77	5	15	    0.00	0	    2.00	1	2	  811.43	-3	5	NULL
real	FL	78	5	-15	    0.00	1	   -4.00	0	1	  593.64	-3	5	NULL
real	BR	79	5	-15	    0.00	1	   -2.00	1	2	  593.88	-6	5	NULL
real	EL	80	5	-15	    0.00	1	   -4.00	0	1	  764.09	-3	7	NULL
real	HR	81	6	15	    4.00	1	   -2.00	1	2	  691.71	-3	5	NULL
real	HL	82	6	15	    2.00	1	   -1.00	1	3	 2335.04	-3	5	NULL
real	BR	83	6	-15	   -2.00	1	   -2.00	0	2	 1026.88	-6	5	NULL
real	CR	84	6	15	    4.00	1	   -2.00	1	2	  479.98	-6	7	NULL
real	DR	85	6	15	    4.00	1	   -2.00	1	2	 1007.99	-6	5	NULL
real	FL	86	6	-15	   -4.00	0	    2.00	1	2	 1406.88	-3	5	NULL
real	EL	87	6	-15	   -4.00	0	    2.00	1	2	  557.61	-3	7	NULL
real	FR	88	6	-15	   -8.00	0	    4.00	0	1	  753.39	-3	5	NULL
real	AR	89	6	-15	   -2.00	0	    1.00	1	3	  977.43	-6	7	NULL
real	CL	90	6	15	    8.00	1	   -4.00	0	1	  492.96	-6	7	NULL
real	ER	91	6	-15	   -2.00	0	    1.00	1	3	 1507.89	-3	7	NULL
real	DL	92	6	15	   -4.00	0	    2.00	1	2	  692.25	-6	5	NULL
real	BL	93	6	-15	   -4.00	0	    2.00	1	2	  676.48	-6	5	NULL
real	AL	94	6	-15	   -4.00	0	    2.00	1	2	  497.39	-6	7	NULL
real	GR	95	6	15	    4.00	1	   -2.00	1	2	 1019.89	-3	7	NULL
real	GL	96	6	15	   -4.00	0	    2.00	1	2	  837.22	-3	7	NULL
real	HL	97	7	15	    1.00	0	    1.00	1	4	 1002.94	-3	5	NULL
real	FL	98	7	-15	   -2.00	0	    2.00	0	2	 1434.98	-3	5	NULL
real	GR	99	7	15	    2.00	0	    1.00	1	3	 1130.63	-3	7	NULL
real	DR	100	7	15	    2.00	0	    1.00	1	3	  663.63	-6	5	NULL
real	GL	101	7	15	   -2.00	0	    2.00	0	2	  514.26	-3	7	NULL
real	EL	102	7	-15	   -2.00	0	    2.00	0	2	  788.72	-3	7	NULL
real	HR	103	7	15	    2.00	0	    1.00	1	3	  588.74	-3	5	NULL
real	BR	104	7	-15	   -4.00	0	    1.00	1	3	  651.88	-6	5	NULL
real	DL	105	7	15	   -2.00	0	    2.00	0	2	  626.50	-6	5	NULL
real	ER	106	7	-15	   -1.00	1	   -1.00	1	4	  980.78	-3	7	NULL
real	CL	107	7	15	    4.00	1	   -4.00	0	1	  849.89	-6	7	NULL
real	CR	108	7	15	    2.00	1	   -2.00	0	2	  960.98	-6	7	NULL
real	AL	109	7	-15	   -2.00	0	    2.00	0	2	  682.40	-6	7	NULL
real	BL	110	7	-15	   -2.00	0	    2.00	0	2	  881.60	-6	5	NULL
real	FR	111	7	-15	   -4.00	0	    4.00	0	1	  485.26	-3	5	NULL
real	AR	112	7	-15	   -1.00	0	    1.00	0	3	  496.29	-6	7	NULL
real	BR	113	8	-15	   -3.00	0	    1.00	0	3	  501.95	-6	5	NULL
real	HR	114	8	15	    3.00	1	   -1.00	1	4	  628.25	-3	5	NULL
real	BL	115	8	-15	    0.00	1	   -1.00	1	3	 2532.09	-6	5	NULL
real	CL	116	8	15	    0.00	0	    2.00	1	2	  807.30	-6	7	NULL
real	GL	117	8	15	    0.00	0	    2.00	0	2	 1112.24	-3	7	NULL
real	DR	118	8	15	    3.00	1	   -1.00	1	4	  640.58	-6	5	NULL
real	EL	119	8	-15	    0.00	1	   -1.00	1	3	  682.90	-3	7	NULL
real	AR	120	8	-15	    0.00	1	   -1.00	1	4	 1170.74	-6	7	NULL
real	DL	121	8	15	    0.00	1	   -1.00	1	3	  771.06	-6	5	NULL
real	ER	122	8	-15	   -2.00	0	    1.00	1	5	  748.97	-3	7	NULL
real	AL	123	8	-15	    0.00	1	   -1.00	1	3	  628.43	-6	7	NULL
real	GR	124	8	15	    3.00	1	   -1.00	1	4	 1730.90	-3	7	NULL
real	FR	125	8	-15	    0.00	1	   -2.00	1	2	  587.85	-3	5	NULL
real	CR	126	8	15	    0.00	0	    1.00	1	3	 1081.02	-6	7	NULL
real	FL	127	8	-15	    0.00	1	   -1.00	1	3	 1122.07	-3	5	NULL
real	HL	128	8	15	    2.00	1	   -1.00	1	5	  531.05	-3	5	NULL
real	GR	129	9	15	    2.00	1	   -1.00	0	4	  647.73	-3	7	NULL
real	HR	130	9	15	    2.00	1	   -1.00	0	4	  648.71	-3	5	NULL
real	DL	131	9	15	   -1.00	0	    1.00	1	4	  795.04	-6	5	NULL
real	AR	132	9	-15	   -1.00	1	   -1.00	0	4	  642.43	-6	7	NULL
real	FR	133	9	-15	   -2.00	1	   -2.00	0	2	  940.25	-3	5	NULL
real	CR	134	9	15	    1.00	1	   -1.00	1	4	  533.85	-6	7	NULL
real	BR	135	9	-15	   -2.00	0	    1.00	0	3	  698.96	-6	5	NULL
real	BL	136	9	-15	   -1.00	0	    1.00	1	4	  814.59	-6	5	NULL
real	EL	137	9	-15	   -1.00	1	   -1.00	0	3	  792.53	-3	7	NULL
real	ER	138	9	-15	   -1.00	1	   -1.00	1	6	  503.20	-3	7	NULL
real	AL	139	9	-15	   -1.00	1	   -1.00	0	3	  621.62	-6	7	NULL
real	HL	140	9	15	    1.00	1	   -1.00	0	5	  614.58	-3	5	NULL
real	FL	141	9	-15	   -1.00	1	   -1.00	0	3	  481.48	-3	5	NULL
real	DR	142	9	15	    2.00	1	   -1.00	0	4	  496.19	-6	5	NULL
real	GL	143	9	15	    2.00	1	   -1.00	1	3	  498.10	-3	7	NULL
real	CL	144	9	15	    2.00	1	   -1.00	1	3	  577.04	-6	7	NULL
real	FL	145	10	-15	   -2.00	1	   -1.00	0	3	 1243.86	-3	5	NULL
real	EL	146	10	-15	   -2.00	1	   -1.00	0	3	  848.43	-3	7	NULL
real	GL	147	10	15	    1.00	1	   -1.00	0	3	  843.58	-3	7	NULL
real	BR	148	10	-15	   -1.00	1	   -1.00	1	4	  567.40	-6	5	NULL
real	CR	149	10	15	    0.00	0	    1.00	1	5	  641.20	-6	7	NULL
real	AR	150	10	-15	   -2.00	0	    1.00	1	5	  722.90	-6	7	NULL
real	DR	151	10	15	    1.00	1	   -1.00	0	4	 1006.65	-6	5	NULL
real	DL	152	10	15	    0.00	0	    1.00	0	4	  557.47	-6	5	NULL
real	ER	153	10	-15	   -2.00	1	   -1.00	0	6	  479.43	-3	7	NULL
real	BL	154	10	-15	    0.00	1	   -1.00	1	5	  572.60	-6	5	NULL
real	FR	155	10	-15	   -4.00	0	    1.00	1	3	  527.69	-3	5	NULL
real	AL	156	10	-15	   -2.00	1	   -1.00	0	3	 1139.40	-6	7	NULL
real	GR	157	10	15	    1.00	0	    1.00	1	5	  895.01	-3	7	NULL
real	CL	158	10	15	    1.00	0	    1.00	1	4	 1277.31	-6	7	NULL
real	HR	159	10	15	    1.00	0	    1.00	1	5	  811.09	-3	5	NULL
real	HL	160	10	15	    0.00	0	    1.00	1	6	  770.55	-3	5	NULL
real	BL	161	11	-15	   -1.00	0	    1.00	1	6	  708.90	-6	5	NULL
real	FL	162	11	-15	   -3.00	0	    1.00	1	4	  709.34	-3	5	NULL
real	AL	163	11	-15	   -3.00	0	    1.00	1	4	  682.88	-6	7	NULL
real	CL	164	11	15	    2.00	1	   -1.00	1	5	  474.50	-6	7	NULL
real	DL	165	11	15	    1.00	1	   -1.00	1	5	  467.89	-6	5	NULL
real	HR	166	11	15	    2.00	1	   -1.00	1	6	  585.13	-3	5	NULL
real	FR	167	11	-15	   -3.00	0	    1.00	0	3	 1324.22	-3	5	NULL
real	CR	168	11	15	    1.00	1	   -1.00	1	6	  694.21	-6	7	NULL
real	DR	169	11	15	    0.00	1	   -1.00	0	4	  769.51	-6	5	NULL
real	GL	170	11	15	    0.00	1	   -1.00	0	3	  557.58	-3	7	NULL
real	EL	171	11	-15	   -3.00	1	   -1.00	0	3	  848.23	-3	7	NULL
real	BR	172	11	-15	   -2.00	0	    1.00	1	5	  659.39	-6	5	NULL
real	GR	173	11	15	    2.00	1	   -1.00	1	6	  531.32	-3	7	NULL
real	HL	174	11	15	    1.00	1	   -1.00	1	7	  476.67	-3	5	NULL
real	ER	175	11	-15	   -3.00	0	    1.00	1	7	  739.07	-3	7	NULL
real	AR	176	11	-15	   -1.00	1	   -1.00	1	6	  536.33	-6	7	NULL
real	GR	177	12	15	    1.00	1	   -1.00	0	6	  482.59	-3	7	NULL
real	BL	178	12	-15	    0.00	1	   -1.00	1	7	  609.65	-6	5	NULL
real	AL	179	12	-15	   -2.00	0	    1.00	0	4	  658.45	-6	7	NULL
real	CR	180	12	15	    0.00	1	   -1.00	0	6	  646.89	-6	7	NULL
real	BR	181	12	-15	   -1.00	1	   -1.00	1	6	  512.71	-6	5	NULL
real	CL	182	12	15	    1.00	1	   -1.00	0	5	  400.07	-6	7	NULL
real	AR	183	12	-15	   -2.00	1	   -1.00	0	6	  379.07	-6	7	NULL
real	FL	184	12	-15	   -2.00	1	   -1.00	1	5	 1059.61	-3	5	NULL
real	HR	185	12	15	    1.00	1	   -1.00	0	6	  581.98	-3	5	NULL
real	EL	186	12	-15	   -4.00	0	    1.00	1	4	  594.70	-3	7	NULL
real	HL	187	12	15	    0.00	0	    1.00	1	8	 1241.84	-3	5	NULL
real	DL	188	12	15	    0.00	1	   -1.00	0	5	  752.45	-6	5	NULL
real	DR	189	12	15	   -1.00	0	    1.00	1	5	  749.66	-6	5	NULL
real	GL	190	12	15	   -1.00	0	    1.00	1	4	  676.12	-3	7	NULL
real	ER	191	12	-15	   -2.00	1	   -1.00	1	8	 1413.56	-3	7	NULL
real	FR	192	12	-15	   -2.00	0	    1.00	0	3	  854.28	-3	5	NULL
real	HR	193	13	15	    0.00	0	    1.00	1	7	  767.74	-3	5	NULL
real	BL	194	13	-15	   -1.00	0	    1.00	1	8	  588.96	-6	5	NULL
real	EL	195	13	-15	   -3.00	0	    1.00	0	4	  576.80	-3	7	NULL
real	DR	196	13	15	    0.00	1	   -1.00	1	6	 1084.05	-6	5	NULL
real	FL	197	13	-15	   -3.00	0	    1.00	1	6	  805.74	-3	5	NULL
real	DL	198	13	15	   -1.00	0	    1.00	1	6	 1133.23	-6	5	NULL
real	AR	199	13	-15	   -3.00	0	    1.00	1	7	  664.96	-6	7	NULL
real	AL	200	13	-15	   -1.00	1	   -1.00	1	5	  536.30	-6	7	NULL
real	ER	201	13	-15	   -3.00	0	    1.00	1	9	  476.58	-3	7	NULL
real	GL	202	13	15	    0.00	0	    1.00	0	4	  584.65	-3	7	NULL
real	FR	203	13	-15	   -1.00	1	   -1.00	1	4	  611.17	-3	5	NULL
real	BR	204	13	-15	   -2.00	0	    1.00	1	7	  647.22	-6	5	NULL
real	HL	205	13	15	    1.00	1	   -1.00	1	9	 1879.39	-3	5	NULL
real	CR	206	13	15	   -1.00	0	    1.00	1	7	 3810.04	-6	7	NULL
real	GR	207	13	15	    0.00	0	    1.00	1	7	 1278.18	-3	7	NULL
real	CL	208	13	15	    0.00	0	    1.00	1	6	 1068.26	-6	7	NULL
real	CL	209	14	15	    1.00	1	   -1.00	1	7	 1415.19	-6	7	NULL
real	CR	210	14	15	    0.00	0	    1.00	0	7	 1548.72	-6	7	NULL
real	ER	211	14	-15	   -2.00	1	   -1.00	1	10	 1116.17	-3	7	NULL
real	HL	212	14	15	    0.00	0	    1.00	1	10	 1092.78	-3	5	NULL
real	GR	213	14	15	    1.00	1	   -1.00	1	8	  951.75	-3	7	NULL
real	AL	214	14	-15	   -2.00	0	    1.00	1	6	 1860.76	-6	7	NULL
real	BL	215	14	-15	    0.00	1	   -1.00	1	9	  793.72	-6	5	NULL
real	FR	216	14	-15	   -2.00	0	    1.00	1	5	  604.31	-3	5	NULL
real	GL	217	14	15	    1.00	1	   -1.00	1	5	 1043.89	-3	7	NULL
real	DR	218	14	15	   -1.00	0	    1.00	1	7	  562.09	-6	5	NULL
real	EL	219	14	-15	   -2.00	0	    1.00	0	4	 2456.33	-3	7	NULL
real	BR	220	14	-15	   -1.00	1	   -1.00	1	8	  850.26	-6	5	NULL
real	DL	221	14	15	    0.00	1	   -1.00	1	7	  477.25	-6	5	NULL
real	FL	222	14	-15	   -2.00	1	   -1.00	1	7	  720.88	-3	5	NULL
real	AR	223	14	-15	   -2.00	0	    1.00	0	7	  833.18	-6	7	NULL
real	HR	224	14	15	    1.00	1	   -1.00	1	8	  628.85	-3	5	NULL
real	CL	225	15	15	    0.00	0	    1.00	1	8	  639.15	-6	7	NULL
real	FR	226	15	-15	   -1.00	1	   -1.00	1	6	  732.87	-3	5	NULL
real	CR	227	15	15	    1.00	1	   -1.00	1	8	  368.85	-6	7	NULL
real	FL	228	15	-15	   -3.00	0	    1.00	1	8	  655.50	-3	5	NULL
real	DR	229	15	15	    0.00	1	   -1.00	1	8	  402.57	-6	5	NULL
real	AL	230	15	-15	   -1.00	1	   -1.00	1	7	  452.02	-6	7	NULL
real	HR	231	15	15	    0.00	1	   -1.00	0	8	 1009.45	-3	5	NULL
real	HL	232	15	15	    1.00	1	   -1.00	1	11	  457.92	-3	5	NULL
real	GL	233	15	15	    0.00	1	   -1.00	0	5	  440.75	-3	7	NULL
real	GR	234	15	15	    0.00	1	   -1.00	0	8	  684.23	-3	7	NULL
real	EL	235	15	-15	   -1.00	1	   -1.00	1	5	  519.33	-3	7	NULL
real	BR	236	15	-15	   -2.00	0	    1.00	1	9	 2163.83	-6	5	NULL
real	BL	237	15	-15	   -1.00	1	   -1.00	0	9	  581.43	-6	5	NULL
real	AR	238	15	-15	   -1.00	1	   -1.00	1	8	  581.11	-6	7	NULL
real	DL	239	15	15	   -1.00	0	    1.00	1	8	  883.66	-6	5	NULL
real	ER	240	15	-15	   -3.00	1	   -1.00	0	10	  714.80	-3	7	NULL
real	HL	241	16	15	    0.00	1	   -1.00	0	11	 1294.42	-3	5	NULL
real	CR	242	16	15	    0.00	1	   -1.00	0	8	  490.06	-6	7	NULL
real	HR	243	16	15	   -1.00	0	    1.00	1	9	 1137.64	-3	5	NULL
real	AL	244	16	-15	   -2.00	1	   -1.00	0	7	  572.99	-6	7	NULL
real	CL	245	16	15	    1.00	1	   -1.00	1	9	  740.46	-6	7	NULL
real	GR	246	16	15	   -1.00	0	    1.00	1	9	  880.73	-3	7	NULL
real	ER	247	16	-15	   -4.00	0	    1.00	1	11	  584.22	-3	7	NULL
real	FL	248	16	-15	   -2.00	1	   -1.00	1	9	  583.42	-3	5	NULL
real	BL	249	16	-15	   -2.00	0	    1.00	1	10	  591.51	-6	5	NULL
real	EL	250	16	-15	   -2.00	1	   -1.00	0	5	  646.58	-3	7	NULL
real	AR	251	16	-15	   -2.00	0	    1.00	1	9	  616.27	-6	7	NULL
real	FR	252	16	-15	   -2.00	1	   -1.00	0	6	  876.97	-3	5	NULL
real	GL	253	16	15	   -1.00	0	    1.00	1	6	  610.28	-3	7	NULL
real	BR	254	16	-15	   -1.00	0	    1.00	0	9	  782.33	-6	5	NULL
real	DR	255	16	15	   -1.00	1	   -1.00	0	8	 1274.51	-6	5	NULL
real	DL	256	16	15	    0.00	1	   -1.00	1	9	 1474.66	-6	5	NULL
real	HR	257	17	15	    0.00	0	    1.00	0	9	 1261.55	-3	5	NULL
real	DR	258	17	15	   -2.00	0	    1.00	1	9	  678.10	-6	5	NULL
real	DL	259	17	15	   -1.00	0	    1.00	1	10	 1234.06	-6	5	NULL
real	BL	260	17	-15	   -1.00	1	   -1.00	1	11	  787.82	-6	5	NULL
real	CR	261	17	15	   -1.00	1	   -1.00	0	8	  399.33	-6	7	NULL
real	AR	262	17	-15	   -1.00	1	   -1.00	1	10	  493.43	-6	7	NULL
real	ER	263	17	-15	   -3.00	0	    1.00	0	11	 1152.48	-3	7	NULL
real	GR	264	17	15	    0.00	1	   -1.00	1	10	 1402.81	-3	7	NULL
real	BR	265	17	-15	    0.00	1	   -1.00	1	10	  671.04	-6	5	NULL
real	HL	266	17	15	   -1.00	0	    1.00	1	12	  606.51	-3	5	NULL
real	GL	267	17	15	    0.00	1	   -1.00	1	7	  782.46	-3	7	NULL
real	AL	268	17	-15	   -3.00	0	    1.00	1	8	  625.01	-6	7	NULL
real	FL	269	17	-15	   -3.00	0	    1.00	1	10	  706.53	-3	5	NULL
real	EL	270	17	-15	   -3.00	1	   -1.00	0	5	  875.41	-3	7	NULL
real	CL	271	17	15	    0.00	1	   -1.00	0	9	  704.92	-6	7	NULL
real	FR	272	17	-15	   -3.00	0	    1.00	1	7	  664.35	-3	5	NULL
real	DR	273	18	15	   -1.00	0	    1.00	0	9	  543.14	-6	5	NULL
real	HR	274	18	15	    1.00	1	   -1.00	1	10	  469.73	-3	5	NULL
real	DL	275	18	15	    0.00	0	    1.00	0	10	 3336.91	-6	5	NULL
real	EL	276	18	-15	   -4.00	0	    1.00	1	6	 1361.21	-3	7	NULL
real	CR	277	18	15	   -2.00	0	    1.00	1	9	  908.15	-6	7	NULL
real	GR	278	18	15	   -1.00	0	    1.00	1	11	  665.05	-3	7	NULL
real	CL	279	18	15	   -1.00	1	   -1.00	0	9	  566.78	-6	7	NULL
real	BL	280	18	-15	   -2.00	0	    1.00	1	12	  789.15	-6	5	NULL
real	BR	281	18	-15	   -1.00	1	   -1.00	0	10	  836.03	-6	5	NULL
real	FR	282	18	-15	   -2.00	0	    1.00	0	7	  731.67	-3	5	NULL
real	ER	283	18	-15	   -2.00	1	   -1.00	1	12	  709.86	-3	7	NULL
real	FL	284	18	-15	   -2.00	1	   -1.00	1	11	  736.15	-3	5	NULL
real	AL	285	18	-15	   -2.00	1	   -1.00	1	9	  413.85	-6	7	NULL
real	GL	286	18	15	   -1.00	0	    1.00	1	8	  709.18	-3	7	NULL
real	AR	287	18	-15	   -2.00	1	   -1.00	0	10	  454.19	-6	7	NULL
real	FL	288	19	-15	   -3.00	0	    1.00	1	12	 2141.65	-3	5	NULL
real	GR	289	19	15	    0.00	1	   -1.00	1	12	  965.94	-3	7	NULL
real	CR	290	19	15	   -1.00	1	   -1.00	1	10	 1194.81	-6	7	NULL
real	HR	291	19	15	    0.00	1	   -1.00	0	10	 1141.18	-3	5	NULL
real	AL	292	19	-15	   -3.00	1	   -1.00	0	9	  588.66	-6	7	NULL
real	CL	293	19	15	   -2.00	1	   -1.00	0	9	  481.96	-6	7	NULL
real	DR	294	19	15	    0.00	1	   -1.00	1	10	  460.17	-6	5	NULL
real	FR	295	19	-15	   -1.00	1	   -1.00	1	8	  542.70	-3	5	NULL
real	AR	296	19	-15	   -3.00	0	    1.00	1	11	  901.60	-6	7	NULL
real	GL	297	19	15	    0.00	1	   -1.00	1	9	  486.28	-3	7	NULL
real	DL	298	19	15	    1.00	1	   -1.00	1	11	  408.10	-6	5	NULL
real	EL	299	19	-15	   -3.00	1	   -1.00	1	7	  745.71	-3	7	NULL
real	BR	300	19	-15	   -2.00	0	    1.00	1	11	  830.86	-6	5	NULL
real	EL	301	20	-15	   -4.00	0	    1.00	1	8	 1006.39	-3	7	NULL
real	GL	302	20	15	   -1.00	1	   -1.00	0	9	  435.27	-3	7	NULL
real	DL	303	20	15	    0.00	1	   -1.00	0	11	  345.60	-6	5	NULL
real	CL	304	20	15	   -3.00	0	    1.00	1	10	  555.05	-6	7	NULL
real	AL	305	20	-15	   -4.00	1	   -1.00	0	9	  268.59	-6	7	NULL
real	CR	306	20	15	   -2.00	0	    1.00	1	11	  702.87	-6	7	NULL
real	HR	307	20	15	   -1.00	0	    1.00	1	11	  780.80	-3	5	NULL
real	FR	308	20	-15	   -2.00	1	   -1.00	0	8	  495.94	-3	5	NULL
real	DR	309	20	15	   -1.00	1	   -1.00	0	10	  625.74	-6	5	NULL
real	AR	310	20	-15	   -2.00	1	   -1.00	1	12	  809.09	-6	7	NULL
real	BR	311	20	-15	   -1.00	1	   -1.00	1	12	  446.26	-6	5	NULL
real	HR	312	21	15	    0.00	1	   -1.00	1	12	  425.52	-3	5	NULL
real	AL	313	21	-15	   -5.00	0	    1.00	1	10	  983.46	-6	7	NULL
real	EL	314	21	-15	   -3.00	0	    1.00	0	8	  558.25	-3	7	NULL
real	GL	315	21	15	   -2.00	0	    1.00	1	10	  616.05	-3	7	NULL
real	DL	316	21	15	   -1.00	1	   -1.00	0	11	 1029.38	-6	5	NULL
real	FR	317	21	-15	   -3.00	0	    1.00	1	9	  693.75	-3	5	NULL
real	CL	318	21	15	   -2.00	1	   -1.00	1	11	  509.29	-6	7	NULL
real	DR	319	21	15	   -2.00	0	    1.00	1	11	 1500.30	-6	5	NULL
real	CR	320	21	15	   -1.00	1	   -1.00	1	12	  469.71	-6	7	NULL
real	EL	321	22	-15	   -2.00	1	   -1.00	1	9	  701.84	-3	7	NULL
real	CL	322	22	15	   -3.00	0	    1.00	1	12	  935.04	-6	7	NULL
real	DR	323	22	15	   -1.00	1	   -1.00	1	12	  546.96	-6	5	NULL
real	FR	324	22	-15	   -2.00	1	   -1.00	1	10	  557.00	-3	5	NULL
real	GL	325	22	15	   -1.00	1	   -1.00	1	11	  479.12	-3	7	NULL
real	AL	326	22	-15	   -4.00	1	   -1.00	1	11	  450.28	-6	7	NULL
real	DL	327	22	15	   -2.00	1	   -1.00	0	11	  467.40	-6	5	NULL
real	GL	328	23	15	   -2.00	1	   -1.00	0	11	  338.43	-3	7	NULL
real	AL	329	23	-15	   -5.00	0	    1.00	1	12	 1717.02	-6	7	NULL
real	FR	330	23	-15	   -3.00	1	   -1.00	0	10	  625.14	-3	5	NULL
real	DL	331	23	15	   -3.00	0	    1.00	1	12	 1071.22	-6	5	NULL
real	EL	332	23	-15	   -3.00	0	    1.00	1	10	 7765.18	-3	7	NULL
real	FR	333	24	-15	   -4.00	0	    1.00	1	11	 6550.84	-3	5	NULL
real	EL	334	24	-15	   -2.00	1	   -1.00	1	11	 1048.75	-3	7	NULL
real	GL	335	24	15	   -3.00	0	    1.00	1	12	  824.48	-3	7	NULL
real	EL	336	25	-15	   -3.00	1	   -1.00	0	11	  532.67	-3	7	NULL
real	FR	337	25	-15	   -3.00	1	   -1.00	1	12	  761.54	-3	5	NULL
real	EL	338	26	-15	   -4.00	0	    1.00	1	12	  616.54	-3	7	NULL
