TRIAL_TYPE	trial_variant	TRIAL_NUMBER	TRIAL_ITERATION_VAL	frame_tilt	rod_tilt	response	step_size	reversal	reversal_num	RT	probe_del	alpha_entrain_refreshes	rod_tilt_val
real	HR	1	1	15	   20.00	NULL	    0.00	NULL	NULL	    0.00	-3	5	NULL
real	CL	2	1	15	  -20.00	0	    8.00	0	0	 2174.69	-6	7	NULL
real	FR	3	1	-15	   20.00	1	   -8.00	0	0	  630.76	-3	5	NULL
real	BR	4	1	-15	   20.00	NULL	    0.00	NULL	NULL	  630.76	-6	5	NULL
real	GL	5	1	15	  -20.00	0	    8.00	0	0	  660.73	-3	7	NULL
real	AR	6	1	-15	   20.00	1	   -8.00	0	0	  605.30	-6	7	NULL
real	BL	7	1	-15	  -20.00	0	    8.00	0	0	  574.09	-6	5	NULL
real	GR	8	1	15	   20.00	1	   -8.00	0	0	  512.04	-3	7	NULL
real	HL	9	1	15	  -20.00	0	    8.00	0	0	  580.45	-3	5	NULL
real	DL	10	1	15	  -20.00	0	    8.00	0	0	  544.62	-6	5	NULL
real	CR	11	1	15	   20.00	1	   -8.00	0	0	  527.12	-6	7	NULL
real	FL	12	1	-15	  -20.00	0	    8.00	0	0	  499.04	-3	5	NULL
real	EL	13	1	-15	  -20.00	0	    8.00	0	0	  413.64	-3	7	NULL
real	ER	14	1	-15	   20.00	1	   -8.00	0	0	  467.33	-3	7	NULL
real	DR	15	1	15	   20.00	1	   -8.00	0	0	  512.21	-6	5	NULL
real	AL	16	1	-15	  -20.00	0	    8.00	0	0	  514.67	-6	7	NULL
real	AL	17	2	-15	  -12.00	0	    8.00	0	0	  505.78	-6	7	NULL
real	AR	18	2	-15	   12.00	1	   -8.00	0	0	  548.33	-6	7	NULL
real	HR	19	2	15	   20.00	1	   -8.00	0	0	  711.35	-3	5	NULL
real	GR	20	2	15	   12.00	1	   -8.00	0	0	 1010.56	-3	7	NULL
real	DR	21	2	15	   12.00	1	   -8.00	0	0	  483.56	-6	5	NULL
real	CL	22	2	15	  -12.00	0	    8.00	0	0	  406.51	-6	7	NULL
real	ER	23	2	-15	   12.00	1	   -8.00	0	0	  391.61	-3	7	NULL
real	FL	24	2	-15	  -12.00	0	    8.00	0	0	  414.12	-3	5	NULL
real	EL	25	2	-15	  -12.00	0	    8.00	0	0	  639.12	-3	7	NULL
real	BR	26	2	-15	   20.00	1	   -8.00	0	0	  497.55	-6	5	NULL
real	DL	27	2	15	  -12.00	0	    8.00	0	0	  456.45	-6	5	NULL
real	FR	28	2	-15	   12.00	1	   -8.00	0	0	  558.88	-3	5	NULL
real	GL	29	2	15	  -12.00	0	    8.00	0	0	  656.16	-3	7	NULL
real	BL	30	2	-15	  -12.00	0	    8.00	0	0	  583.20	-6	5	NULL
real	CR	31	2	15	   12.00	1	   -8.00	0	0	  472.25	-6	7	NULL
real	HL	32	2	15	  -12.00	0	    8.00	0	0	  681.27	-3	5	NULL
real	BL	33	3	-15	   -4.00	0	    8.00	0	0	  719.08	-6	5	NULL
real	CL	34	3	15	   -4.00	0	    8.00	0	0	  665.36	-6	7	NULL
real	FR	35	3	-15	    4.00	1	   -8.00	0	0	  651.03	-3	5	NULL
real	CR	36	3	15	    4.00	1	   -8.00	0	0	  738.51	-6	7	NULL
real	HR	37	3	15	   12.00	1	   -8.00	0	0	  480.30	-3	5	NULL
real	AR	38	3	-15	    4.00	1	   -8.00	0	0	  543.46	-6	7	NULL
real	HL	39	3	15	   -4.00	0	    8.00	0	0	  675.86	-3	5	NULL
real	GL	40	3	15	   -4.00	0	    8.00	0	0	  619.79	-3	7	NULL
real	GR	41	3	15	    4.00	0	    4.00	1	1	 1473.20	-3	7	NULL
real	DL	42	3	15	   -4.00	0	    8.00	0	0	  609.20	-6	5	NULL
real	BR	43	3	-15	   12.00	1	   -8.00	0	0	  516.96	-6	5	NULL
real	EL	44	3	-15	   -4.00	0	    8.00	0	0	  881.02	-3	7	NULL
real	FL	45	3	-15	   -4.00	1	   -4.00	1	1	  752.94	-3	5	NULL
real	AL	46	3	-15	   -4.00	0	    8.00	0	0	  829.06	-6	7	NULL
real	ER	47	3	-15	    4.00	1	   -8.00	0	0	 1121.64	-3	7	NULL
real	DR	48	3	15	    4.00	0	    4.00	1	1	  752.00	-6	5	NULL
real	FR	49	4	-15	   -4.00	0	    4.00	1	1	  658.65	-3	5	NULL
real	HL	50	4	15	    4.00	0	    8.00	0	0	  667.54	-3	5	NULL
real	AL	51	4	-15	    4.00	1	   -4.00	1	1	 1100.71	-6	7	NULL
real	BL	52	4	-15	    4.00	1	   -4.00	1	1	  628.51	-6	5	NULL
real	FL	53	4	-15	   -8.00	0	    2.00	1	2	  721.80	-3	5	NULL
real	GR	54	4	15	    8.00	1	   -2.00	1	2	  754.78	-3	7	NULL
real	BR	55	4	-15	    4.00	1	   -8.00	0	0	  586.33	-6	5	NULL
real	CL	56	4	15	    4.00	0	    8.00	0	0	  701.87	-6	7	NULL
real	ER	57	4	-15	   -4.00	0	    4.00	1	1	  716.15	-3	7	NULL
real	GL	58	4	15	    4.00	1	   -4.00	1	1	 1296.55	-3	7	NULL
real	AR	59	4	-15	   -4.00	0	    4.00	1	1	  817.44	-6	7	NULL
real	DL	60	4	15	    4.00	0	    8.00	0	0	  849.48	-6	5	NULL
real	CR	61	4	15	   -4.00	0	    4.00	1	1	  660.83	-6	7	NULL
real	HR	62	4	15	    4.00	0	    4.00	1	1	  750.97	-3	5	NULL
real	EL	63	4	-15	    4.00	1	   -4.00	1	1	  709.19	-3	7	NULL
real	DR	64	4	15	    8.00	1	   -2.00	1	2	  795.48	-6	5	NULL
real	HL	65	5	15	   12.00	1	   -4.00	1	1	  485.66	-3	5	NULL
real	CR	66	5	15	    0.00	0	    4.00	0	1	  535.16	-6	7	NULL
real	DR	67	5	15	    6.00	0	    1.00	1	3	  881.14	-6	5	NULL
real	FL	68	5	-15	   -6.00	0	    2.00	0	2	  502.09	-3	5	NULL
real	BR	69	5	-15	   -4.00	0	    4.00	1	1	  433.84	-6	5	NULL
real	AR	70	5	-15	    0.00	0	    4.00	0	1	  577.61	-6	7	NULL
real	ER	71	5	-15	    0.00	0	    4.00	0	1	 1125.35	-3	7	NULL
real	FR	72	5	-15	    0.00	1	   -2.00	1	2	  604.09	-3	5	NULL
real	GL	73	5	15	    0.00	0	    2.00	1	2	  605.94	-3	7	NULL
real	EL	74	5	-15	    0.00	0	    2.00	1	2	  889.93	-3	7	NULL
real	CL	75	5	15	   12.00	1	   -4.00	1	1	  650.98	-6	7	NULL
real	GR	76	5	15	    6.00	1	   -2.00	0	2	  930.88	-3	7	NULL
real	AL	77	5	-15	    0.00	1	   -4.00	0	1	 1044.91	-6	7	NULL
real	DL	78	5	15	   12.00	1	   -4.00	1	1	  675.61	-6	5	NULL
real	BL	79	5	-15	    0.00	1	   -4.00	0	1	  738.54	-6	5	NULL
real	HR	80	5	15	    8.00	1	   -2.00	1	2	  530.57	-3	5	NULL
real	EL	81	6	-15	    2.00	1	   -1.00	1	3	  597.68	-3	7	NULL
real	DL	82	6	15	    8.00	1	   -4.00	0	1	  469.93	-6	5	NULL
real	HL	83	6	15	    8.00	1	   -4.00	0	1	  531.25	-3	5	NULL
real	DR	84	6	15	    7.00	1	   -1.00	1	4	  503.72	-6	5	NULL
real	GL	85	6	15	    2.00	0	    2.00	0	2	  481.53	-3	7	NULL
real	AR	86	6	-15	    4.00	1	   -2.00	1	2	  917.52	-6	7	NULL
real	FL	87	6	-15	   -4.00	0	    2.00	0	2	  747.87	-3	5	NULL
real	FR	88	6	-15	   -2.00	1	   -2.00	0	2	  768.63	-3	5	NULL
real	GR	89	6	15	    4.00	0	    1.00	1	3	  994.27	-3	7	NULL
real	BL	90	6	-15	   -4.00	0	    2.00	1	2	  788.81	-6	5	NULL
real	AL	91	6	-15	   -4.00	0	    2.00	1	2	  519.32	-6	7	NULL
real	ER	92	6	-15	    4.00	1	   -2.00	1	2	  546.24	-3	7	NULL
real	CL	93	6	15	    8.00	1	   -4.00	0	1	  717.58	-6	7	NULL
real	BR	94	6	-15	    0.00	1	   -2.00	1	2	  835.56	-6	5	NULL
real	CR	95	6	15	    4.00	1	   -2.00	1	2	  563.43	-6	7	NULL
real	HR	96	6	15	    6.00	1	   -2.00	0	2	  489.46	-3	5	NULL
real	EL	97	7	-15	    1.00	1	   -1.00	0	3	  536.05	-3	7	NULL
real	BR	98	7	-15	   -2.00	0	    1.00	1	3	  595.73	-6	5	NULL
real	DR	99	7	15	    6.00	1	   -1.00	0	4	  532.61	-6	5	NULL
real	GL	100	7	15	    4.00	0	    2.00	0	2	  609.60	-3	7	NULL
real	DL	101	7	15	    4.00	0	    2.00	1	2	 1291.46	-6	5	NULL
real	AL	102	7	-15	   -2.00	0	    2.00	0	2	  814.79	-6	7	NULL
real	CL	103	7	15	    4.00	0	    2.00	1	2	  862.86	-6	7	NULL
real	BL	104	7	-15	   -2.00	0	    2.00	0	2	  738.98	-6	5	NULL
real	FR	105	7	-15	   -4.00	0	    1.00	1	3	  604.43	-3	5	NULL
real	HR	106	7	15	    4.00	1	   -2.00	0	2	 1203.70	-3	5	NULL
real	HL	107	7	15	    4.00	0	    2.00	1	2	 1565.42	-3	5	NULL
real	ER	108	7	-15	    2.00	1	   -2.00	0	2	  666.48	-3	7	NULL
real	GR	109	7	15	    5.00	1	   -1.00	1	4	  894.24	-3	7	NULL
real	FL	110	7	-15	   -2.00	0	    2.00	0	2	  541.11	-3	5	NULL
real	AR	111	7	-15	    2.00	1	   -2.00	0	2	  712.71	-6	7	NULL
real	CR	112	7	15	    2.00	0	    1.00	1	3	  566.90	-6	7	NULL
real	DR	113	8	15	    5.00	1	   -1.00	0	4	  725.00	-6	5	NULL
real	FR	114	8	-15	   -3.00	0	    1.00	0	3	  704.49	-3	5	NULL
real	FL	115	8	-15	    0.00	1	   -1.00	1	3	  586.03	-3	5	NULL
real	BR	116	8	-15	   -1.00	0	    1.00	0	3	 1261.19	-6	5	NULL
real	GL	117	8	15	    6.00	1	   -1.00	1	3	  797.26	-3	7	NULL
real	GR	118	8	15	    4.00	0	    1.00	1	5	  545.45	-3	7	NULL
real	AR	119	8	-15	    0.00	0	    1.00	1	3	  793.67	-6	7	NULL
real	AL	120	8	-15	    0.00	0	    2.00	0	2	  652.62	-6	7	NULL
real	HL	121	8	15	    6.00	1	   -1.00	1	3	 1018.32	-3	5	NULL
real	CL	122	8	15	    6.00	1	   -1.00	1	3	  781.01	-6	7	NULL
real	BL	123	8	-15	    0.00	0	    2.00	0	2	  645.56	-6	5	NULL
real	ER	124	8	-15	    0.00	1	   -2.00	0	2	  880.45	-3	7	NULL
real	EL	125	8	-15	    0.00	1	   -1.00	0	3	  682.01	-3	7	NULL
real	CR	126	8	15	    3.00	1	   -1.00	1	4	 1086.69	-6	7	NULL
real	DL	127	8	15	    6.00	1	   -1.00	1	3	  614.78	-6	5	NULL
real	HR	128	8	15	    2.00	0	    1.00	1	3	  563.65	-3	5	NULL
real	DL	129	9	15	    5.00	1	   -1.00	0	3	  813.99	-6	5	NULL
real	DR	130	9	15	    4.00	1	   -1.00	0	4	  747.42	-6	5	NULL
real	AL	131	9	-15	    2.00	1	   -1.00	1	3	  632.49	-6	7	NULL
real	EL	132	9	-15	   -1.00	1	   -1.00	0	3	  759.03	-3	7	NULL
real	BL	133	9	-15	    2.00	1	   -1.00	1	3	  625.61	-6	5	NULL
real	ER	134	9	-15	   -2.00	0	    1.00	1	3	 1157.69	-3	7	NULL
real	CR	135	9	15	    2.00	1	   -1.00	0	4	 1015.89	-6	7	NULL
real	HR	136	9	15	    3.00	0	    1.00	0	3	  756.13	-3	5	NULL
real	FL	137	9	-15	   -1.00	0	    1.00	1	4	  868.11	-3	5	NULL
real	HL	138	9	15	    5.00	0	    1.00	1	4	 2167.01	-3	5	NULL
real	BR	139	9	-15	    0.00	1	   -1.00	1	4	  854.27	-6	5	NULL
real	CL	140	9	15	    5.00	1	   -1.00	0	3	  925.43	-6	7	NULL
real	GL	141	9	15	    5.00	1	   -1.00	0	3	  619.31	-3	7	NULL
real	GR	142	9	15	    5.00	1	   -1.00	1	6	  846.75	-3	7	NULL
real	FR	143	9	-15	   -2.00	0	    1.00	0	3	  677.30	-3	5	NULL
real	AR	144	9	-15	    1.00	0	    1.00	0	3	  639.60	-6	7	NULL
real	AR	145	10	-15	    2.00	1	   -1.00	1	4	  980.97	-6	7	NULL
real	GR	146	10	15	    4.00	0	    1.00	1	7	  544.00	-3	7	NULL
real	CL	147	10	15	    4.00	0	    1.00	1	4	  693.76	-6	7	NULL
real	DR	148	10	15	    3.00	0	    1.00	1	5	 1118.44	-6	5	NULL
real	DL	149	10	15	    4.00	1	   -1.00	0	3	  701.09	-6	5	NULL
real	FR	150	10	-15	   -1.00	0	    1.00	0	3	 1036.99	-3	5	NULL
real	BL	151	10	-15	    1.00	1	   -1.00	0	3	 1274.47	-6	5	NULL
real	BR	152	10	-15	   -1.00	0	    1.00	1	5	  934.61	-6	5	NULL
real	HL	153	10	15	    6.00	1	   -1.00	1	5	 1204.59	-3	5	NULL
real	FL	154	10	-15	    0.00	1	   -1.00	1	5	  742.54	-3	5	NULL
real	AL	155	10	-15	    1.00	0	    1.00	1	4	  751.47	-6	7	NULL
real	CR	156	10	15	    1.00	0	    1.00	1	5	  653.33	-6	7	NULL
real	ER	157	10	-15	   -1.00	1	   -1.00	1	4	  622.79	-3	7	NULL
real	EL	158	10	-15	   -2.00	1	   -1.00	0	3	  845.93	-3	7	NULL
real	HR	159	10	15	    4.00	1	   -1.00	1	4	  533.64	-3	5	NULL
real	GL	160	10	15	    4.00	1	   -1.00	0	3	  480.25	-3	7	NULL
real	GR	161	11	15	    5.00	1	   -1.00	1	8	  453.04	-3	7	NULL
real	DL	162	11	15	    3.00	1	   -1.00	0	3	  543.71	-6	5	NULL
real	BL	163	11	-15	    0.00	1	   -1.00	0	3	  528.85	-6	5	NULL
real	EL	164	11	-15	   -3.00	0	    1.00	1	4	  922.26	-3	7	NULL
real	AR	165	11	-15	    1.00	1	   -1.00	0	4	  957.11	-6	7	NULL
real	FL	166	11	-15	   -1.00	1	   -1.00	0	5	  688.42	-3	5	NULL
real	HL	167	11	15	    5.00	1	   -1.00	0	5	 1030.79	-3	5	NULL
real	GL	168	11	15	    3.00	0	    1.00	1	4	  909.26	-3	7	NULL
real	CL	169	11	15	    5.00	1	   -1.00	1	5	  900.75	-6	7	NULL
real	FR	170	11	-15	    0.00	1	   -1.00	1	4	 1101.23	-3	5	NULL
real	AL	171	11	-15	    2.00	1	   -1.00	1	5	  677.42	-6	7	NULL
real	BR	172	11	-15	    0.00	1	   -1.00	1	6	  521.17	-6	5	NULL
real	DR	173	11	15	    4.00	1	   -1.00	1	6	  515.26	-6	5	NULL
real	CR	174	11	15	    2.00	1	   -1.00	1	6	  540.55	-6	7	NULL
real	ER	175	11	-15	   -2.00	0	    1.00	1	5	  579.61	-3	7	NULL
real	HR	176	11	15	    3.00	1	   -1.00	0	4	  887.15	-3	5	NULL
real	CR	177	12	15	    1.00	0	    1.00	1	7	 1009.91	-6	7	NULL
real	BR	178	12	-15	   -1.00	0	    1.00	1	7	  589.05	-6	5	NULL
real	GR	179	12	15	    4.00	0	    1.00	1	9	 1132.36	-3	7	NULL
real	HL	180	12	15	    4.00	1	   -1.00	0	5	  744.08	-3	5	NULL
real	CL	181	12	15	    4.00	1	   -1.00	0	5	  557.36	-6	7	NULL
real	DR	182	12	15	    3.00	0	    1.00	1	7	  826.91	-6	5	NULL
real	FR	183	12	-15	   -1.00	0	    1.00	1	5	 1080.80	-3	5	NULL
real	ER	184	12	-15	   -1.00	0	    1.00	0	5	  787.10	-3	7	NULL
real	AL	185	12	-15	    1.00	1	   -1.00	0	5	  843.82	-6	7	NULL
real	AR	186	12	-15	    0.00	0	    1.00	1	5	  752.38	-6	7	NULL
real	HR	187	12	15	    2.00	0	    1.00	1	5	  592.13	-3	5	NULL
real	BL	188	12	-15	   -1.00	0	    1.00	1	4	  694.45	-6	5	NULL
real	GL	189	12	15	    4.00	0	    1.00	0	4	  600.64	-3	7	NULL
real	DL	190	12	15	    2.00	0	    1.00	1	4	  813.58	-6	5	NULL
real	EL	191	12	-15	   -2.00	0	    1.00	0	4	  503.04	-3	7	NULL
real	FL	192	12	-15	   -2.00	0	    1.00	1	6	  574.72	-3	5	NULL
real	AL	193	13	-15	    0.00	0	    1.00	1	6	 1455.41	-6	7	NULL
real	GL	194	13	15	    5.00	1	   -1.00	1	5	  833.86	-3	7	NULL
real	EL	195	13	-15	   -1.00	1	   -1.00	1	5	  931.75	-3	7	NULL
real	HL	196	13	15	    3.00	0	    1.00	1	6	 1263.54	-3	5	NULL
real	DR	197	13	15	    4.00	1	   -1.00	1	8	  562.71	-6	5	NULL
real	DL	198	13	15	    3.00	0	    1.00	0	4	  935.68	-6	5	NULL
real	BL	199	13	-15	    0.00	0	    1.00	0	4	 1155.07	-6	5	NULL
real	ER	200	13	-15	    0.00	0	    1.00	0	5	 1175.62	-3	7	NULL
real	HR	201	13	15	    3.00	0	    1.00	0	5	  694.99	-3	5	NULL
real	GR	202	13	15	    5.00	1	   -1.00	1	10	  858.50	-3	7	NULL
real	FR	203	13	-15	    0.00	1	   -1.00	1	6	 1048.54	-3	5	NULL
real	FL	204	13	-15	   -1.00	0	    1.00	0	6	 1664.06	-3	5	NULL
real	AR	205	13	-15	    1.00	1	   -1.00	1	6	  745.92	-6	7	NULL
real	CL	206	13	15	    3.00	0	    1.00	1	6	 1256.29	-6	7	NULL
real	CR	207	13	15	    2.00	0	    1.00	0	7	 1293.98	-6	7	NULL
real	BR	208	13	-15	    0.00	1	   -1.00	1	8	  849.68	-6	5	NULL
real	GL	209	14	15	    4.00	1	   -1.00	0	5	 1126.57	-3	7	NULL
real	FR	210	14	-15	   -1.00	0	    1.00	1	7	 1692.96	-3	5	NULL
real	CL	211	14	15	    4.00	1	   -1.00	1	7	 1126.59	-6	7	NULL
real	DL	212	14	15	    4.00	1	   -1.00	1	5	  764.66	-6	5	NULL
real	AL	213	14	-15	    1.00	0	    1.00	0	6	  914.42	-6	7	NULL
real	AR	214	14	-15	    0.00	0	    1.00	1	7	  866.08	-6	7	NULL
real	BR	215	14	-15	   -1.00	0	    1.00	1	9	  675.56	-6	5	NULL
real	HL	216	14	15	    4.00	1	   -1.00	1	7	 1182.24	-3	5	NULL
real	DR	217	14	15	    3.00	0	    1.00	1	9	  676.35	-6	5	NULL
real	ER	218	14	-15	    1.00	1	   -1.00	1	6	 1031.13	-3	7	NULL
real	GR	219	14	15	    4.00	0	    1.00	1	11	 1003.69	-3	7	NULL
real	FL	220	14	-15	    0.00	0	    1.00	0	6	  654.24	-3	5	NULL
real	HR	221	14	15	    4.00	0	    1.00	0	5	 1007.27	-3	5	NULL
real	BL	222	14	-15	    1.00	1	   -1.00	1	5	 1254.41	-6	5	NULL
real	CR	223	14	15	    3.00	0	    1.00	0	7	  593.13	-6	7	NULL
real	EL	224	14	-15	   -2.00	0	    1.00	1	6	  493.84	-3	7	NULL
real	BR	225	15	-15	    0.00	0	    1.00	0	9	  564.67	-6	5	NULL
real	CL	226	15	15	    3.00	1	   -1.00	0	7	 1228.84	-6	7	NULL
real	AL	227	15	-15	    2.00	1	   -1.00	1	7	  651.11	-6	7	NULL
real	EL	228	15	-15	   -1.00	0	    1.00	0	6	 1498.07	-3	7	NULL
real	FL	229	15	-15	    1.00	1	   -1.00	1	7	  657.77	-3	5	NULL
real	GR	230	15	15	    5.00	0	    1.00	0	11	 1540.67	-3	7	NULL
real	BL	231	15	-15	    0.00	0	    1.00	1	6	  983.37	-6	5	NULL
real	HR	232	15	15	    5.00	0	    1.00	0	5	 1263.22	-3	5	NULL
real	CR	233	15	15	    4.00	0	    1.00	0	7	  927.96	-6	7	NULL
real	DR	234	15	15	    4.00	0	    1.00	0	9	  693.34	-6	5	NULL
real	GL	235	15	15	    3.00	0	    1.00	1	6	  583.71	-3	7	NULL
real	ER	236	15	-15	    0.00	0	    1.00	1	7	  578.60	-3	7	NULL
real	FR	237	15	-15	    0.00	0	    1.00	0	7	  899.33	-3	5	NULL
real	DL	238	15	15	    3.00	0	    1.00	1	6	  890.35	-6	5	NULL
real	AR	239	15	-15	    1.00	0	    1.00	0	7	 1520.89	-6	7	NULL
real	HL	240	15	15	    3.00	0	    1.00	1	8	 1547.73	-3	5	NULL
real	FR	241	16	-15	    1.00	1	   -1.00	1	8	 1653.95	-3	5	NULL
real	FL	242	16	-15	    0.00	1	   -1.00	0	7	 1051.62	-3	5	NULL
real	DR	243	16	15	    5.00	1	   -1.00	1	10	  864.84	-6	5	NULL
real	BL	244	16	-15	    1.00	0	    1.00	0	6	  963.65	-6	5	NULL
real	HR	245	16	15	    6.00	1	   -1.00	1	6	  783.22	-3	5	NULL
real	EL	246	16	-15	    0.00	1	   -1.00	1	7	  974.05	-3	7	NULL
real	AR	247	16	-15	    2.00	1	   -1.00	1	8	  671.60	-6	7	NULL
real	CL	248	16	15	    2.00	0	    1.00	1	8	  851.23	-6	7	NULL
real	CR	249	16	15	    5.00	1	   -1.00	1	8	 1155.96	-6	7	NULL
real	GR	250	16	15	    6.00	1	   -1.00	1	12	  580.50	-3	7	NULL
real	HL	251	16	15	    4.00	1	   -1.00	1	9	  973.32	-3	5	NULL
real	AL	252	16	-15	    1.00	0	    1.00	1	8	 1199.61	-6	7	NULL
real	GL	253	16	15	    4.00	1	   -1.00	1	7	  946.35	-3	7	NULL
real	BR	254	16	-15	    1.00	1	   -1.00	1	10	  550.08	-6	5	NULL
real	DL	255	16	15	    4.00	1	   -1.00	1	7	  526.29	-6	5	NULL
real	ER	256	16	-15	    1.00	1	   -1.00	1	8	  638.03	-3	7	NULL
real	EL	257	17	-15	   -1.00	0	    1.00	1	8	  922.51	-3	7	NULL
real	DL	258	17	15	    3.00	0	    1.00	1	8	  936.00	-6	5	NULL
real	CL	259	17	15	    3.00	0	    1.00	0	8	 1441.55	-6	7	NULL
real	GL	260	17	15	    3.00	1	   -1.00	0	7	  781.57	-3	7	NULL
real	HR	261	17	15	    5.00	1	   -1.00	0	6	  684.10	-3	5	NULL
real	BR	262	17	-15	    0.00	0	    1.00	1	11	  698.21	-6	5	NULL
real	ER	263	17	-15	    0.00	1	   -1.00	0	8	 1099.96	-3	7	NULL
real	HL	264	17	15	    3.00	0	    1.00	1	10	 1101.30	-3	5	NULL
real	CR	265	17	15	    4.00	0	    1.00	1	9	 1455.45	-6	7	NULL
real	DR	266	17	15	    4.00	0	    1.00	1	11	  770.61	-6	5	NULL
real	BL	267	17	-15	    2.00	0	    1.00	0	6	  823.40	-6	5	NULL
real	FR	268	17	-15	    0.00	0	    1.00	1	9	  617.40	-3	5	NULL
real	FL	269	17	-15	   -1.00	0	    1.00	1	8	  889.68	-3	5	NULL
real	AR	270	17	-15	    1.00	1	   -1.00	0	8	 1145.64	-6	7	NULL
real	AL	271	17	-15	    2.00	1	   -1.00	1	9	  761.30	-6	7	NULL
real	AL	272	18	-15	    1.00	1	   -1.00	0	9	 1280.27	-6	7	NULL
real	BR	273	18	-15	    1.00	0	    1.00	0	11	 1023.47	-6	5	NULL
real	CR	274	18	15	    5.00	1	   -1.00	1	10	 1028.44	-6	7	NULL
real	HL	275	18	15	    4.00	1	   -1.00	1	11	 1554.59	-3	5	NULL
real	DL	276	18	15	    4.00	0	    1.00	0	8	 2022.90	-6	5	NULL
real	AR	277	18	-15	    0.00	1	   -1.00	0	8	  957.42	-6	7	NULL
real	CL	278	18	15	    4.00	0	    1.00	0	8	 1249.67	-6	7	NULL
real	DR	279	18	15	    5.00	0	    1.00	0	11	 1792.69	-6	5	NULL
real	HR	280	18	15	    4.00	0	    1.00	1	7	 1512.49	-3	5	NULL
real	GL	281	18	15	    2.00	0	    1.00	1	8	 1207.24	-3	7	NULL
real	ER	282	18	-15	   -1.00	0	    1.00	1	9	 1131.36	-3	7	NULL
real	FR	283	18	-15	    1.00	0	    1.00	0	9	 1880.96	-3	5	NULL
real	EL	284	18	-15	    0.00	0	    1.00	0	8	 1647.94	-3	7	NULL
real	BL	285	18	-15	    3.00	1	   -1.00	1	7	  723.34	-6	5	NULL
real	FL	286	18	-15	    0.00	0	    1.00	0	8	  864.27	-3	5	NULL
real	BL	287	19	-15	    2.00	1	   -1.00	0	7	  907.84	-6	5	NULL
real	FR	288	19	-15	    2.00	1	   -1.00	1	10	  801.11	-3	5	NULL
real	CL	289	19	15	    5.00	1	   -1.00	1	9	  718.91	-6	7	NULL
real	HR	290	19	15	    5.00	1	   -1.00	1	8	 1389.32	-3	5	NULL
real	GL	291	19	15	    3.00	0	    1.00	0	8	  654.70	-3	7	NULL
real	FL	292	19	-15	    1.00	1	   -1.00	1	9	  722.98	-3	5	NULL
real	DL	293	19	15	    5.00	0	    1.00	0	8	  916.53	-6	5	NULL
real	BR	294	19	-15	    2.00	1	   -1.00	1	12	  643.50	-6	5	NULL
real	EL	295	19	-15	    1.00	1	   -1.00	1	9	 1378.49	-3	7	NULL
real	ER	296	19	-15	    0.00	1	   -1.00	1	10	 1523.29	-3	7	NULL
real	AL	297	19	-15	    0.00	1	   -1.00	0	9	  945.29	-6	7	NULL
real	AR	298	19	-15	   -1.00	1	   -1.00	0	8	 1039.40	-6	7	NULL
real	HL	299	19	15	    3.00	0	    1.00	1	12	  910.62	-3	5	NULL
real	CR	300	19	15	    4.00	0	    1.00	1	11	 1214.66	-6	7	NULL
real	DR	301	19	15	    6.00	1	   -1.00	1	12	  983.02	-6	5	NULL
real	FR	302	20	-15	    1.00	1	   -1.00	0	10	 1094.69	-3	5	NULL
real	CL	303	20	15	    4.00	1	   -1.00	0	9	 1232.45	-6	7	NULL
real	EL	304	20	-15	    0.00	0	    1.00	1	10	 1010.07	-3	7	NULL
real	BL	305	20	-15	    1.00	0	    1.00	1	8	 1236.09	-6	5	NULL
real	DL	306	20	15	    6.00	1	   -1.00	1	9	  728.02	-6	5	NULL
real	AL	307	20	-15	   -1.00	0	    1.00	1	10	  855.06	-6	7	NULL
real	FL	308	20	-15	    0.00	1	   -1.00	0	9	  756.54	-3	5	NULL
real	ER	309	20	-15	   -1.00	0	    1.00	1	11	  992.69	-3	7	NULL
real	AR	310	20	-15	   -2.00	0	    1.00	1	9	  800.82	-6	7	NULL
real	HR	311	20	15	    4.00	0	    1.00	1	9	 1339.05	-3	5	NULL
real	CR	312	20	15	    5.00	1	   -1.00	1	12	  711.93	-6	7	NULL
real	GL	313	20	15	    4.00	0	    1.00	0	8	  639.18	-3	7	NULL
real	HR	314	21	15	    5.00	1	   -1.00	1	10	  940.36	-3	5	NULL
real	CL	315	21	15	    3.00	0	    1.00	1	10	 1607.70	-6	7	NULL
real	EL	316	21	-15	    1.00	1	   -1.00	1	11	  612.31	-3	7	NULL
real	DL	317	21	15	    5.00	0	    1.00	1	10	 1588.06	-6	5	NULL
real	FR	318	21	-15	    0.00	0	    1.00	1	11	  928.71	-3	5	NULL
real	FL	319	21	-15	   -1.00	0	    1.00	1	10	  614.92	-3	5	NULL
real	ER	320	21	-15	    0.00	1	   -1.00	1	12	  738.19	-3	7	NULL
real	AL	321	21	-15	    0.00	0	    1.00	0	10	 1096.29	-6	7	NULL
real	GL	322	21	15	    5.00	1	   -1.00	1	9	 1012.43	-3	7	NULL
real	AR	323	21	-15	   -1.00	0	    1.00	0	9	  531.35	-6	7	NULL
real	BL	324	21	-15	    2.00	1	   -1.00	1	9	  645.58	-6	5	NULL
real	GL	325	22	15	    4.00	1	   -1.00	0	9	 1666.25	-3	7	NULL
real	DL	326	22	15	    6.00	1	   -1.00	1	11	  641.98	-6	5	NULL
real	FR	327	22	-15	    1.00	0	    1.00	0	11	  832.76	-3	5	NULL
real	BL	328	22	-15	    1.00	0	    1.00	1	10	 1116.80	-6	5	NULL
real	AR	329	22	-15	    0.00	0	    1.00	0	9	  893.48	-6	7	NULL
real	EL	330	22	-15	    0.00	1	   -1.00	0	11	  842.88	-3	7	NULL
real	CL	331	22	15	    4.00	1	   -1.00	1	11	  870.19	-6	7	NULL
real	HR	332	22	15	    4.00	0	    1.00	1	11	  889.31	-3	5	NULL
real	AL	333	22	-15	    1.00	0	    1.00	0	10	 1505.61	-6	7	NULL
real	FL	334	22	-15	    0.00	0	    1.00	0	10	  968.46	-3	5	NULL
real	FR	335	23	-15	    2.00	1	   -1.00	1	12	  655.07	-3	5	NULL
real	HR	336	23	15	    5.00	1	   -1.00	1	12	  799.55	-3	5	NULL
real	FL	337	23	-15	    1.00	0	    1.00	0	10	 1162.25	-3	5	NULL
real	EL	338	23	-15	   -1.00	1	   -1.00	0	11	 1482.81	-3	7	NULL
real	CL	339	23	15	    3.00	0	    1.00	1	12	 1340.18	-6	7	NULL
real	BL	340	23	-15	    2.00	1	   -1.00	1	11	  882.55	-6	5	NULL
real	GL	341	23	15	    3.00	0	    1.00	1	10	 1005.46	-3	7	NULL
real	DL	342	23	15	    5.00	1	   -1.00	0	11	  743.62	-6	5	NULL
real	AR	343	23	-15	    1.00	1	   -1.00	1	10	  890.96	-6	7	NULL
real	AL	344	23	-15	    2.00	1	   -1.00	1	11	  753.87	-6	7	NULL
real	EL	345	24	-15	   -2.00	0	    1.00	1	12	  618.24	-3	7	NULL
real	DL	346	24	15	    4.00	1	   -1.00	0	11	  599.39	-6	5	NULL
real	GL	347	24	15	    4.00	0	    1.00	0	10	  748.52	-3	7	NULL
real	AR	348	24	-15	    0.00	0	    1.00	1	11	  632.64	-6	7	NULL
real	AL	349	24	-15	    1.00	1	   -1.00	0	11	 1021.60	-6	7	NULL
real	BL	350	24	-15	    1.00	0	    1.00	1	12	  677.63	-6	5	NULL
real	FL	351	24	-15	    2.00	1	   -1.00	1	11	  641.42	-3	5	NULL
real	AR	352	25	-15	    1.00	1	   -1.00	1	12	  790.68	-6	7	NULL
real	AL	353	25	-15	    0.00	1	   -1.00	0	11	  981.50	-6	7	NULL
real	FL	354	25	-15	    1.00	1	   -1.00	0	11	  603.79	-3	5	NULL
real	GL	355	25	15	    5.00	1	   -1.00	1	11	  546.32	-3	7	NULL
real	DL	356	25	15	    3.00	1	   -1.00	0	11	  582.50	-6	5	NULL
real	FL	357	26	-15	    0.00	1	   -1.00	0	11	  566.60	-3	5	NULL
real	DL	358	26	15	    2.00	0	    1.00	1	12	  836.17	-6	5	NULL
real	GL	359	26	15	    4.00	1	   -1.00	0	11	 1007.51	-3	7	NULL
real	AL	360	26	-15	   -1.00	0	    1.00	1	12	  744.83	-6	7	NULL
real	FL	361	27	-15	   -1.00	0	    1.00	1	12	  871.17	-3	5	NULL
real	GL	362	27	15	    3.00	1	   -1.00	0	11	 1157.27	-3	7	NULL
real	GL	363	28	15	    2.00	0	    1.00	1	12	 1013.75	-3	7	NULL
