TRIAL_TYPE	trial_variant	TRIAL_NUMBER	TRIAL_ITERATION_VAL	frame_tilt	rod_tilt	response	step_size	reversal	reversal_num	RT	probe_del	alpha_entrain_refreshes	rod_tilt_val
real	CL	1	1	15	  -20.00	0	    8.00	0	0	 8957.79	-6	7	NULL
real	HR	2	1	15	   20.00	1	   -8.00	0	0	  759.49	-3	5	NULL
real	AR	3	1	-15	   20.00	1	   -8.00	0	0	  405.10	-6	7	NULL
real	GL	4	1	15	  -20.00	0	    8.00	0	0	  367.86	-3	7	NULL
real	BR	5	1	-15	   20.00	1	   -8.00	0	0	  427.40	-6	5	NULL
real	GR	6	1	15	   20.00	1	   -8.00	0	0	  392.59	-3	7	NULL
real	ER	7	1	-15	   20.00	1	   -8.00	0	0	  383.39	-3	7	NULL
real	AL	8	1	-15	  -20.00	0	    8.00	0	0	  422.30	-6	7	NULL
real	FR	9	1	-15	   20.00	1	   -8.00	0	0	  408.98	-3	5	NULL
real	DL	10	1	15	  -20.00	0	    8.00	0	0	  473.60	-6	5	NULL
real	HL	11	1	15	  -20.00	0	    8.00	0	0	  527.79	-3	5	NULL
real	FL	12	1	-15	  -20.00	0	    8.00	0	0	  462.19	-3	5	NULL
real	BL	13	1	-15	  -20.00	0	    8.00	0	0	  426.85	-6	5	NULL
real	CR	14	1	15	   20.00	1	   -8.00	0	0	  548.98	-6	7	NULL
real	EL	15	1	-15	  -20.00	0	    8.00	0	0	  451.00	-3	7	NULL
real	DR	16	1	15	   20.00	1	   -8.00	0	0	  421.10	-6	5	NULL
real	EL	17	2	-15	  -12.00	0	    8.00	0	0	  537.47	-3	7	NULL
real	GR	18	2	15	   12.00	1	   -8.00	0	0	  417.88	-3	7	NULL
real	AL	19	2	-15	  -12.00	0	    8.00	0	0	  525.95	-6	7	NULL
real	DL	20	2	15	  -12.00	0	    8.00	0	0	  555.23	-6	5	NULL
real	CR	21	2	15	   12.00	1	   -8.00	0	0	  556.64	-6	7	NULL
real	BR	22	2	-15	   12.00	1	   -8.00	0	0	  421.48	-6	5	NULL
real	HR	23	2	15	   12.00	1	   -8.00	0	0	  377.82	-3	5	NULL
real	CL	24	2	15	  -12.00	0	    8.00	0	0	  373.61	-6	7	NULL
real	AR	25	2	-15	   12.00	1	   -8.00	0	0	  397.34	-6	7	NULL
real	HL	26	2	15	  -12.00	0	    8.00	0	0	  366.86	-3	5	NULL
real	GL	27	2	15	  -12.00	0	    8.00	0	0	  432.39	-3	7	NULL
real	FR	28	2	-15	   12.00	1	   -8.00	0	0	  420.31	-3	5	NULL
real	DR	29	2	15	   12.00	1	   -8.00	0	0	  393.41	-6	5	NULL
real	FL	30	2	-15	  -12.00	0	    8.00	0	0	  316.72	-3	5	NULL
real	ER	31	2	-15	   12.00	1	   -8.00	0	0	  406.93	-3	7	NULL
real	BL	32	2	-15	  -12.00	0	    8.00	0	0	  323.10	-6	5	NULL
real	FL	33	3	-15	   -4.00	0	    8.00	0	0	  466.86	-3	5	NULL
real	ER	34	3	-15	    4.00	1	   -8.00	0	0	  429.78	-3	7	NULL
real	AL	35	3	-15	   -4.00	0	    8.00	0	0	  371.71	-6	7	NULL
real	DR	36	3	15	    4.00	0	    4.00	1	1	  869.10	-6	5	NULL
real	FR	37	3	-15	    4.00	1	   -8.00	0	0	  407.99	-3	5	NULL
real	BR	38	3	-15	    4.00	1	   -8.00	0	0	  426.32	-6	5	NULL
real	EL	39	3	-15	   -4.00	0	    8.00	0	0	  402.15	-3	7	NULL
real	DL	40	3	15	   -4.00	0	    8.00	0	0	  410.37	-6	5	NULL
real	HR	41	3	15	    4.00	0	    4.00	1	1	  654.21	-3	5	NULL
real	HL	42	3	15	   -4.00	0	    8.00	0	0	  420.87	-3	5	NULL
real	CR	43	3	15	    4.00	1	   -8.00	0	0	  384.93	-6	7	NULL
real	GR	44	3	15	    4.00	0	    4.00	1	1	  906.00	-3	7	NULL
real	GL	45	3	15	   -4.00	0	    8.00	0	0	  435.31	-3	7	NULL
real	CL	46	3	15	   -4.00	0	    8.00	0	0	  459.45	-6	7	NULL
real	BL	47	3	-15	   -4.00	0	    8.00	0	0	  444.79	-6	5	NULL
real	AR	48	3	-15	    4.00	1	   -8.00	0	0	  703.40	-6	7	NULL
real	DR	49	4	15	    8.00	1	   -2.00	1	2	  469.04	-6	5	NULL
real	GL	50	4	15	    4.00	0	    8.00	0	0	  822.21	-3	7	NULL
real	BL	51	4	-15	    4.00	1	   -4.00	1	1	  728.46	-6	5	NULL
real	FR	52	4	-15	   -4.00	0	    4.00	1	1	  361.04	-3	5	NULL
real	AL	53	4	-15	    4.00	1	   -4.00	1	1	  463.24	-6	7	NULL
real	GR	54	4	15	    8.00	1	   -2.00	1	2	  395.89	-3	7	NULL
real	ER	55	4	-15	   -4.00	0	    4.00	1	1	  335.74	-3	7	NULL
real	EL	56	4	-15	    4.00	1	   -4.00	1	1	  471.83	-3	7	NULL
real	AR	57	4	-15	   -4.00	0	    4.00	1	1	  347.91	-6	7	NULL
real	FL	58	4	-15	    4.00	1	   -4.00	1	1	  479.72	-3	5	NULL
real	BR	59	4	-15	   -4.00	0	    4.00	1	1	  408.31	-6	5	NULL
real	HR	60	4	15	    8.00	1	   -2.00	1	2	  439.17	-3	5	NULL
real	DL	61	4	15	    4.00	1	   -4.00	1	1	  842.72	-6	5	NULL
real	HL	62	4	15	    4.00	0	    8.00	0	0	  821.09	-3	5	NULL
real	CL	63	4	15	    4.00	1	   -4.00	1	1	  497.16	-6	7	NULL
real	CR	64	4	15	   -4.00	0	    4.00	1	1	  365.98	-6	7	NULL
real	GR	65	5	15	    6.00	1	   -2.00	0	2	  845.22	-3	7	NULL
real	HL	66	5	15	   12.00	1	   -4.00	1	1	  393.27	-3	5	NULL
real	EL	67	5	-15	    0.00	1	   -4.00	0	1	  878.32	-3	7	NULL
real	FR	68	5	-15	    0.00	1	   -2.00	1	2	 1307.55	-3	5	NULL
real	FL	69	5	-15	    0.00	0	    2.00	1	2	 1355.91	-3	5	NULL
real	BL	70	5	-15	    0.00	0	    2.00	1	2	 2284.53	-6	5	NULL
real	AR	71	5	-15	    0.00	0	    4.00	0	1	 1159.88	-6	7	NULL
real	CL	72	5	15	    0.00	0	    2.00	1	2	 2788.34	-6	7	NULL
real	DL	73	5	15	    0.00	0	    2.00	1	2	 1026.24	-6	5	NULL
real	DR	74	5	15	    6.00	1	   -2.00	0	2	  467.58	-6	5	NULL
real	ER	75	5	-15	    0.00	1	   -2.00	1	2	  527.88	-3	7	NULL
real	HR	76	5	15	    6.00	1	   -2.00	0	2	  406.60	-3	5	NULL
real	AL	77	5	-15	    0.00	0	    2.00	1	2	  660.76	-6	7	NULL
real	CR	78	5	15	    0.00	0	    4.00	0	1	  624.66	-6	7	NULL
real	BR	79	5	-15	    0.00	0	    4.00	0	1	  874.79	-6	5	NULL
real	GL	80	5	15	   12.00	1	   -4.00	1	1	  419.62	-3	7	NULL
real	BR	81	6	-15	    4.00	1	   -2.00	1	2	  578.06	-6	5	NULL
real	DL	82	6	15	    2.00	0	    2.00	0	2	 1052.19	-6	5	NULL
real	CR	83	6	15	    4.00	1	   -2.00	1	2	  690.20	-6	7	NULL
real	AL	84	6	-15	    2.00	1	   -1.00	1	3	 1509.82	-6	7	NULL
real	DR	85	6	15	    4.00	1	   -2.00	0	2	  991.14	-6	5	NULL
real	BL	86	6	-15	    2.00	0	    2.00	0	2	  521.04	-6	5	NULL
real	GL	87	6	15	    8.00	1	   -4.00	0	1	  427.93	-3	7	NULL
real	HR	88	6	15	    4.00	0	    1.00	1	3	 1731.96	-3	5	NULL
real	FL	89	6	-15	    2.00	1	   -1.00	1	3	 1227.48	-3	5	NULL
real	GR	90	6	15	    4.00	1	   -2.00	0	2	  618.91	-3	7	NULL
real	FR	91	6	-15	   -2.00	0	    1.00	1	3	  683.39	-3	5	NULL
real	CL	92	6	15	    2.00	0	    2.00	0	2	  464.00	-6	7	NULL
real	AR	93	6	-15	    4.00	1	   -2.00	1	2	  411.88	-6	7	NULL
real	EL	94	6	-15	   -4.00	0	    2.00	1	2	  460.85	-3	7	NULL
real	ER	95	6	-15	   -2.00	0	    1.00	1	3	  640.96	-3	7	NULL
real	HL	96	6	15	    8.00	1	   -4.00	0	1	  766.64	-3	5	NULL
real	GR	97	7	15	    2.00	0	    1.00	1	3	  467.56	-3	7	NULL
real	HR	98	7	15	    5.00	0	    1.00	0	3	 1162.18	-3	5	NULL
real	AL	99	7	-15	    1.00	0	    1.00	1	4	  528.71	-6	7	NULL
real	CL	100	7	15	    4.00	0	    2.00	0	2	  595.80	-6	7	NULL
real	DR	101	7	15	    2.00	0	    1.00	1	3	  635.57	-6	5	NULL
real	FL	102	7	-15	    1.00	1	   -1.00	0	3	  609.23	-3	5	NULL
real	DL	103	7	15	    4.00	0	    2.00	0	2	 1158.49	-6	5	NULL
real	AR	104	7	-15	    2.00	1	   -2.00	0	2	  527.46	-6	7	NULL
real	GL	105	7	15	    4.00	1	   -4.00	0	1	  690.72	-3	7	NULL
real	CR	106	7	15	    2.00	1	   -2.00	0	2	  509.78	-6	7	NULL
real	HL	107	7	15	    4.00	1	   -4.00	0	1	  392.55	-3	5	NULL
real	FR	108	7	-15	   -1.00	0	    1.00	0	3	  597.79	-3	5	NULL
real	ER	109	7	-15	   -1.00	0	    1.00	0	3	  407.06	-3	7	NULL
real	BR	110	7	-15	    2.00	1	   -2.00	0	2	  463.67	-6	5	NULL
real	EL	111	7	-15	   -2.00	1	   -1.00	1	3	 1169.85	-3	7	NULL
real	BL	112	7	-15	    4.00	1	   -1.00	1	3	  354.27	-6	5	NULL
real	ER	113	8	-15	    0.00	0	    1.00	0	3	  489.75	-3	7	NULL
real	BR	114	8	-15	    0.00	0	    1.00	1	3	  549.32	-6	5	NULL
real	HL	115	8	15	    0.00	0	    2.00	1	2	  497.29	-3	5	NULL
real	AR	116	8	-15	    0.00	1	   -2.00	0	2	 2006.87	-6	7	NULL
real	FR	117	8	-15	    0.00	0	    1.00	0	3	  919.87	-3	5	NULL
real	BL	118	8	-15	    3.00	1	   -1.00	0	3	  755.51	-6	5	NULL
real	GL	119	8	15	    0.00	0	    2.00	1	2	  507.00	-3	7	NULL
real	DL	120	8	15	    6.00	1	   -1.00	1	3	  515.51	-6	5	NULL
real	AL	121	8	-15	    2.00	1	   -1.00	1	5	  436.33	-6	7	NULL
real	CR	122	8	15	    0.00	0	    1.00	1	3	  453.14	-6	7	NULL
real	GR	123	8	15	    3.00	0	    1.00	0	3	  584.30	-3	7	NULL
real	HR	124	8	15	    6.00	1	   -1.00	1	4	  447.32	-3	5	NULL
real	CL	125	8	15	    6.00	1	   -1.00	1	3	  423.72	-6	7	NULL
real	DR	126	8	15	    3.00	0	    1.00	0	3	  733.98	-6	5	NULL
real	EL	127	8	-15	   -3.00	0	    1.00	1	4	  449.08	-3	7	NULL
real	FL	128	8	-15	    0.00	0	    1.00	1	4	  558.50	-3	5	NULL
real	GR	129	9	15	    4.00	0	    1.00	0	3	  637.26	-3	7	NULL
real	DR	130	9	15	    4.00	0	    1.00	0	3	  812.85	-6	5	NULL
real	ER	131	9	-15	    1.00	0	    1.00	0	3	  903.68	-3	7	NULL
real	EL	132	9	-15	   -2.00	0	    1.00	0	4	  522.98	-3	7	NULL
real	GL	133	9	15	    2.00	0	    2.00	0	2	  718.08	-3	7	NULL
real	FR	134	9	-15	    1.00	1	   -1.00	1	4	  470.71	-3	5	NULL
real	BR	135	9	-15	    1.00	1	   -1.00	1	4	  791.10	-6	5	NULL
real	HL	136	9	15	    2.00	0	    2.00	0	2	  428.52	-3	5	NULL
real	AR	137	9	-15	   -2.00	0	    1.00	1	3	  494.39	-6	7	NULL
real	FL	138	9	-15	    1.00	1	   -1.00	1	5	  799.19	-3	5	NULL
real	CL	139	9	15	    5.00	1	   -1.00	0	3	  566.96	-6	7	NULL
real	BL	140	9	-15	    2.00	1	   -1.00	0	3	  599.79	-6	5	NULL
real	CR	141	9	15	    1.00	0	    1.00	0	3	  487.69	-6	7	NULL
real	DL	142	9	15	    5.00	1	   -1.00	0	3	  832.14	-6	5	NULL
real	HR	143	9	15	    5.00	1	   -1.00	0	4	  756.32	-3	5	NULL
real	AL	144	9	-15	    1.00	1	   -1.00	0	5	 1104.54	-6	7	NULL
real	BR	145	10	-15	    0.00	0	    1.00	1	5	  716.82	-6	5	NULL
real	AR	146	10	-15	   -1.00	0	    1.00	0	3	 1858.60	-6	7	NULL
real	CL	147	10	15	    4.00	1	   -1.00	0	3	  631.28	-6	7	NULL
real	AL	148	10	-15	    0.00	1	   -1.00	0	5	 1513.47	-6	7	NULL
real	BL	149	10	-15	    1.00	1	   -1.00	0	3	 1124.54	-6	5	NULL
real	FR	150	10	-15	    0.00	1	   -1.00	0	4	 2806.90	-3	5	NULL
real	DR	151	10	15	    5.00	1	   -1.00	1	4	  808.06	-6	5	NULL
real	CR	152	10	15	    2.00	0	    1.00	0	3	  790.21	-6	7	NULL
real	FL	153	10	-15	    0.00	1	   -1.00	0	5	 1073.01	-3	5	NULL
real	ER	154	10	-15	    2.00	1	   -1.00	1	4	  558.26	-3	7	NULL
real	GR	155	10	15	    5.00	1	   -1.00	1	4	  558.26	-3	7	NULL
real	HR	156	10	15	    4.00	1	   -1.00	0	4	  497.16	-3	5	NULL
real	HL	157	10	15	    4.00	1	   -1.00	1	3	  383.97	-3	5	NULL
real	DL	158	10	15	    4.00	1	   -1.00	0	3	  390.17	-6	5	NULL
real	GL	159	10	15	    4.00	1	   -1.00	1	3	  448.21	-3	7	NULL
real	EL	160	10	-15	   -1.00	0	    1.00	0	4	  551.32	-3	7	NULL
real	EL	161	11	-15	    0.00	1	   -1.00	1	5	  959.22	-3	7	NULL
real	GL	162	11	15	    3.00	1	   -1.00	0	3	  799.50	-3	7	NULL
real	CL	163	11	15	    3.00	1	   -1.00	0	3	  671.94	-6	7	NULL
real	BR	164	11	-15	    1.00	1	   -1.00	1	6	  598.98	-6	5	NULL
real	BL	165	11	-15	    0.00	1	   -1.00	0	3	  783.03	-6	5	NULL
real	FL	166	11	-15	   -1.00	0	    1.00	1	6	 2105.00	-3	5	NULL
real	AR	167	11	-15	    0.00	0	    1.00	0	3	  925.30	-6	7	NULL
real	CR	168	11	15	    3.00	1	   -1.00	1	4	  677.81	-6	7	NULL
real	GR	169	11	15	    4.00	1	   -1.00	0	4	  456.60	-3	7	NULL
real	DR	170	11	15	    4.00	1	   -1.00	0	4	  424.76	-6	5	NULL
real	HL	171	11	15	    3.00	1	   -1.00	0	3	 1394.79	-3	5	NULL
real	DL	172	11	15	    3.00	1	   -1.00	0	3	  414.48	-6	5	NULL
real	FR	173	11	-15	   -1.00	0	    1.00	1	5	 1897.09	-3	5	NULL
real	AL	174	11	-15	   -1.00	0	    1.00	1	6	  636.17	-6	7	NULL
real	ER	175	11	-15	    1.00	1	   -1.00	0	4	  505.21	-3	7	NULL
real	HR	176	11	15	    3.00	0	    1.00	1	5	 1013.62	-3	5	NULL
real	HR	177	12	15	    4.00	1	   -1.00	1	6	  832.01	-3	5	NULL
real	HL	178	12	15	    2.00	0	    1.00	1	4	  876.82	-3	5	NULL
real	GR	179	12	15	    3.00	1	   -1.00	0	4	 2160.43	-3	7	NULL
real	EL	180	12	-15	   -1.00	1	   -1.00	0	5	  962.15	-3	7	NULL
real	AL	181	12	-15	    0.00	1	   -1.00	1	7	 1364.89	-6	7	NULL
real	CL	182	12	15	    2.00	1	   -1.00	0	3	  811.72	-6	7	NULL
real	GL	183	12	15	    2.00	0	    1.00	1	4	 1460.62	-3	7	NULL
real	FR	184	12	-15	    0.00	1	   -1.00	1	6	 1084.23	-3	5	NULL
real	FL	185	12	-15	    0.00	1	   -1.00	1	7	  752.24	-3	5	NULL
real	DR	186	12	15	    3.00	1	   -1.00	0	4	  986.05	-6	5	NULL
real	CR	187	12	15	    2.00	1	   -1.00	0	4	  551.15	-6	7	NULL
real	BR	188	12	-15	    0.00	1	   -1.00	0	6	 1078.01	-6	5	NULL
real	BL	189	12	-15	   -1.00	0	    1.00	1	4	 1281.91	-6	5	NULL
real	ER	190	12	-15	    0.00	0	    1.00	1	5	  933.07	-3	7	NULL
real	DL	191	12	15	    2.00	0	    1.00	1	4	 1032.19	-6	5	NULL
real	AR	192	12	-15	    1.00	1	   -1.00	1	4	  793.13	-6	7	NULL
real	FL	193	13	-15	   -1.00	0	    1.00	1	8	  674.71	-3	5	NULL
real	GL	194	13	15	    3.00	0	    1.00	0	4	  651.96	-3	7	NULL
real	FR	195	13	-15	   -1.00	0	    1.00	1	7	  467.64	-3	5	NULL
real	CR	196	13	15	    1.00	0	    1.00	1	5	  862.86	-6	7	NULL
real	GR	197	13	15	    2.00	0	    1.00	1	5	  613.40	-3	7	NULL
real	BR	198	13	-15	   -1.00	0	    1.00	1	7	  747.84	-6	5	NULL
real	AR	199	13	-15	    0.00	0	    1.00	1	5	  585.89	-6	7	NULL
real	DR	200	13	15	    2.00	0	    1.00	1	5	  700.91	-6	5	NULL
real	CL	201	13	15	    1.00	0	    1.00	1	4	  618.74	-6	7	NULL
real	BL	202	13	-15	    0.00	0	    1.00	0	4	  489.87	-6	5	NULL
real	EL	203	13	-15	   -2.00	0	    1.00	1	6	  402.25	-3	7	NULL
real	DL	204	13	15	    3.00	1	   -1.00	1	5	  906.70	-6	5	NULL
real	ER	205	13	-15	    1.00	1	   -1.00	1	6	  713.16	-3	7	NULL
real	HR	206	13	15	    3.00	1	   -1.00	0	6	  428.82	-3	5	NULL
real	HL	207	13	15	    3.00	1	   -1.00	1	5	  680.50	-3	5	NULL
real	AL	208	13	-15	   -1.00	0	    1.00	1	8	  523.23	-6	7	NULL
real	CL	209	14	15	    2.00	1	   -1.00	1	5	 1151.80	-6	7	NULL
real	BL	210	14	-15	    1.00	1	   -1.00	1	5	  653.41	-6	5	NULL
real	DL	211	14	15	    2.00	1	   -1.00	0	5	 1075.21	-6	5	NULL
real	GL	212	14	15	    4.00	1	   -1.00	1	5	  580.92	-3	7	NULL
real	CR	213	14	15	    2.00	1	   -1.00	1	6	  627.42	-6	7	NULL
real	ER	214	14	-15	    0.00	0	    1.00	1	7	 1661.19	-3	7	NULL
real	AL	215	14	-15	    0.00	1	   -1.00	1	9	 1791.99	-6	7	NULL
real	DR	216	14	15	    3.00	1	   -1.00	1	6	  443.46	-6	5	NULL
real	FL	217	14	-15	    0.00	1	   -1.00	1	9	  744.49	-3	5	NULL
real	EL	218	14	-15	   -1.00	0	    1.00	0	6	  981.12	-3	7	NULL
real	HL	219	14	15	    2.00	1	   -1.00	0	5	  899.85	-3	5	NULL
real	GR	220	14	15	    3.00	1	   -1.00	1	6	  787.33	-3	7	NULL
real	BR	221	14	-15	    0.00	1	   -1.00	1	8	  860.12	-6	5	NULL
real	HR	222	14	15	    2.00	0	    1.00	1	7	  820.27	-3	5	NULL
real	AR	223	14	-15	    1.00	1	   -1.00	1	6	 1500.93	-6	7	NULL
real	FR	224	14	-15	    0.00	1	   -1.00	1	8	  941.13	-3	5	NULL
real	DR	225	15	15	    2.00	1	   -1.00	0	6	 1734.38	-6	5	NULL
real	HR	226	15	15	    3.00	0	    1.00	0	7	 1353.25	-3	5	NULL
real	EL	227	15	-15	    0.00	0	    1.00	0	6	  878.38	-3	7	NULL
real	FR	228	15	-15	   -1.00	0	    1.00	1	9	  814.86	-3	5	NULL
real	ER	229	15	-15	    1.00	1	   -1.00	1	8	  673.55	-3	7	NULL
real	DL	230	15	15	    1.00	0	    1.00	1	6	  564.29	-6	5	NULL
real	BR	231	15	-15	   -1.00	0	    1.00	1	9	  562.78	-6	5	NULL
real	CR	232	15	15	    1.00	0	    1.00	1	7	  660.32	-6	7	NULL
real	AR	233	15	-15	    0.00	1	   -1.00	0	6	 1150.99	-6	7	NULL
real	FL	234	15	-15	   -1.00	0	    1.00	1	10	  575.46	-3	5	NULL
real	CL	235	15	15	    1.00	0	    1.00	1	6	 1080.18	-6	7	NULL
real	HL	236	15	15	    1.00	0	    1.00	1	6	  924.34	-3	5	NULL
real	GL	237	15	15	    3.00	1	   -1.00	0	5	  994.90	-3	7	NULL
real	AL	238	15	-15	   -1.00	0	    1.00	1	10	  771.11	-6	7	NULL
real	BL	239	15	-15	    0.00	0	    1.00	1	6	  958.59	-6	5	NULL
real	GR	240	15	15	    2.00	0	    1.00	1	7	  671.51	-3	7	NULL
real	DR	241	16	15	    1.00	0	    1.00	1	7	  562.81	-6	5	NULL
real	DL	242	16	15	    2.00	0	    1.00	0	6	 1052.55	-6	5	NULL
real	BR	243	16	-15	    0.00	0	    1.00	0	9	  748.62	-6	5	NULL
real	AL	244	16	-15	    0.00	0	    1.00	0	10	  679.60	-6	7	NULL
real	GR	245	16	15	    3.00	0	    1.00	0	7	  795.18	-3	7	NULL
real	AR	246	16	-15	   -1.00	0	    1.00	1	7	  760.64	-6	7	NULL
real	CL	247	16	15	    2.00	0	    1.00	0	6	 1518.96	-6	7	NULL
real	FR	248	16	-15	    0.00	1	   -1.00	1	10	  943.07	-3	5	NULL
real	HR	249	16	15	    4.00	1	   -1.00	1	8	  707.99	-3	5	NULL
real	BL	250	16	-15	    1.00	1	   -1.00	1	7	  702.96	-6	5	NULL
real	EL	251	16	-15	    1.00	1	   -1.00	1	7	  538.25	-3	7	NULL
real	CR	252	16	15	    2.00	0	    1.00	0	7	  723.28	-6	7	NULL
real	GL	253	16	15	    2.00	0	    1.00	1	6	  715.49	-3	7	NULL
real	HL	254	16	15	    2.00	0	    1.00	0	6	 1020.24	-3	5	NULL
real	FL	255	16	-15	    0.00	0	    1.00	0	10	  560.74	-3	5	NULL
real	ER	256	16	-15	    0.00	0	    1.00	1	9	  568.53	-3	7	NULL
real	GR	257	17	15	    4.00	1	   -1.00	1	8	  652.77	-3	7	NULL
real	FL	258	17	-15	    1.00	1	   -1.00	1	11	  629.66	-3	5	NULL
real	HL	259	17	15	    3.00	0	    1.00	0	6	 1625.10	-3	5	NULL
real	EL	260	17	-15	    0.00	1	   -1.00	0	7	 1124.93	-3	7	NULL
real	BR	261	17	-15	    1.00	1	   -1.00	1	10	  962.51	-6	5	NULL
real	GL	262	17	15	    3.00	1	   -1.00	1	7	  709.62	-3	7	NULL
real	DR	263	17	15	    2.00	1	   -1.00	1	8	 1480.99	-6	5	NULL
real	AR	264	17	-15	    0.00	1	   -1.00	1	8	  586.89	-6	7	NULL
real	CL	265	17	15	    3.00	1	   -1.00	1	7	  548.98	-6	7	NULL
real	AL	266	17	-15	    1.00	1	   -1.00	1	11	  775.31	-6	7	NULL
real	FR	267	17	-15	   -1.00	0	    1.00	1	11	  999.69	-3	5	NULL
real	DL	268	17	15	    3.00	1	   -1.00	1	7	  586.82	-6	5	NULL
real	CR	269	17	15	    3.00	1	   -1.00	1	8	  432.90	-6	7	NULL
real	HR	270	17	15	    3.00	1	   -1.00	0	8	 1177.08	-3	5	NULL
real	BL	271	17	-15	    0.00	1	   -1.00	0	7	  766.63	-6	5	NULL
real	ER	272	17	-15	    1.00	1	   -1.00	1	10	 1045.00	-3	7	NULL
real	CR	273	18	15	    2.00	1	   -1.00	0	8	  512.60	-6	7	NULL
real	DL	274	18	15	    2.00	1	   -1.00	0	7	  686.62	-6	5	NULL
real	FR	275	18	-15	    0.00	1	   -1.00	1	12	  953.24	-3	5	NULL
real	DR	276	18	15	    1.00	0	    1.00	1	9	  456.47	-6	5	NULL
real	CL	277	18	15	    2.00	0	    1.00	1	8	  613.16	-6	7	NULL
real	ER	278	18	-15	    0.00	1	   -1.00	0	10	 3171.66	-3	7	NULL
real	HR	279	18	15	    2.00	0	    1.00	1	9	  635.08	-3	5	NULL
real	GL	280	18	15	    2.00	0	    1.00	1	8	  604.37	-3	7	NULL
real	BL	281	18	-15	   -1.00	0	    1.00	1	8	  676.32	-6	5	NULL
real	AL	282	18	-15	    0.00	0	    1.00	1	12	  625.08	-6	7	NULL
real	HL	283	18	15	    4.00	1	   -1.00	1	7	  631.18	-3	5	NULL
real	FL	284	18	-15	    0.00	0	    1.00	1	12	  583.36	-3	5	NULL
real	GR	285	18	15	    3.00	0	    1.00	1	9	  581.48	-3	7	NULL
real	AR	286	18	-15	   -1.00	0	    1.00	1	9	  361.75	-6	7	NULL
real	EL	287	18	-15	   -1.00	0	    1.00	1	8	  366.67	-3	7	NULL
real	BR	288	18	-15	    0.00	0	    1.00	1	11	  562.10	-6	5	NULL
real	CR	289	19	15	    1.00	0	    1.00	1	9	  661.65	-6	7	NULL
real	GR	290	19	15	    4.00	1	   -1.00	1	10	  583.33	-3	7	NULL
real	HR	291	19	15	    3.00	1	   -1.00	1	10	  468.02	-3	5	NULL
real	EL	292	19	-15	    0.00	0	    1.00	0	8	  575.85	-3	7	NULL
real	BL	293	19	-15	    0.00	0	    1.00	0	8	  570.05	-6	5	NULL
real	AR	294	19	-15	    0.00	0	    1.00	0	9	  724.98	-6	7	NULL
real	DL	295	19	15	    1.00	0	    1.00	1	8	  495.89	-6	5	NULL
real	CL	296	19	15	    3.00	1	   -1.00	1	9	 1169.21	-6	7	NULL
real	BR	297	19	-15	    1.00	1	   -1.00	1	12	  704.92	-6	5	NULL
real	HL	298	19	15	    3.00	1	   -1.00	0	7	  986.06	-3	5	NULL
real	ER	299	19	-15	   -1.00	0	    1.00	1	11	  557.58	-3	7	NULL
real	GL	300	19	15	    3.00	0	    1.00	0	8	 1438.52	-3	7	NULL
real	DR	301	19	15	    2.00	0	    1.00	0	9	  592.48	-6	5	NULL
real	BL	302	20	-15	    1.00	1	   -1.00	1	9	 1011.09	-6	5	NULL
real	AR	303	20	-15	    1.00	0	    1.00	0	9	  548.86	-6	7	NULL
real	CL	304	20	15	    2.00	0	    1.00	1	10	  864.97	-6	7	NULL
real	EL	305	20	-15	    1.00	0	    1.00	0	8	  808.88	-3	7	NULL
real	GL	306	20	15	    4.00	1	   -1.00	1	9	  599.04	-3	7	NULL
real	ER	307	20	-15	    0.00	0	    1.00	0	11	  569.32	-3	7	NULL
real	HL	308	20	15	    2.00	0	    1.00	1	8	  597.93	-3	5	NULL
real	GR	309	20	15	    3.00	1	   -1.00	0	10	 1164.67	-3	7	NULL
real	HR	310	20	15	    2.00	0	    1.00	1	11	 1007.47	-3	5	NULL
real	CR	311	20	15	    2.00	0	    1.00	0	9	  583.06	-6	7	NULL
real	DR	312	20	15	    3.00	0	    1.00	0	9	  880.47	-6	5	NULL
real	DL	313	20	15	    2.00	0	    1.00	0	8	  687.62	-6	5	NULL
real	GR	314	21	15	    2.00	0	    1.00	1	11	  784.71	-3	7	NULL
real	AR	315	21	-15	    2.00	1	   -1.00	1	10	  579.44	-6	7	NULL
real	DL	316	21	15	    3.00	1	   -1.00	1	9	  670.46	-6	5	NULL
real	BL	317	21	-15	    0.00	0	    1.00	1	10	  582.21	-6	5	NULL
real	CL	318	21	15	    3.00	1	   -1.00	1	11	  782.30	-6	7	NULL
real	GL	319	21	15	    3.00	0	    1.00	1	10	  703.79	-3	7	NULL
real	CR	320	21	15	    3.00	1	   -1.00	1	10	  701.46	-6	7	NULL
real	DR	321	21	15	    4.00	1	   -1.00	1	10	  532.48	-6	5	NULL
real	ER	322	21	-15	    1.00	1	   -1.00	1	12	  595.22	-3	7	NULL
real	HR	323	21	15	    3.00	1	   -1.00	1	12	  584.52	-3	5	NULL
real	EL	324	21	-15	    2.00	1	   -1.00	1	9	  611.38	-3	7	NULL
real	HL	325	21	15	    3.00	1	   -1.00	1	9	  404.73	-3	5	NULL
real	GR	326	22	15	    3.00	1	   -1.00	1	12	  600.55	-3	7	NULL
real	EL	327	22	-15	    1.00	1	   -1.00	0	9	  633.64	-3	7	NULL
real	AR	328	22	-15	    1.00	1	   -1.00	0	10	  801.70	-6	7	NULL
real	CL	329	22	15	    2.00	1	   -1.00	0	11	 1220.34	-6	7	NULL
real	DR	330	22	15	    3.00	1	   -1.00	0	10	  823.99	-6	5	NULL
real	DL	331	22	15	    2.00	0	    1.00	1	10	  967.10	-6	5	NULL
real	HL	332	22	15	    2.00	0	    1.00	1	10	  573.96	-3	5	NULL
real	BL	333	22	-15	    1.00	1	   -1.00	1	11	  983.21	-6	5	NULL
real	CR	334	22	15	    2.00	1	   -1.00	0	10	  686.02	-6	7	NULL
real	GL	335	22	15	    4.00	1	   -1.00	1	11	  733.73	-3	7	NULL
real	EL	336	23	-15	    0.00	0	    1.00	1	10	  610.46	-3	7	NULL
real	AR	337	23	-15	    0.00	0	    1.00	1	11	  556.78	-6	7	NULL
real	GL	338	23	15	    3.00	1	   -1.00	0	11	  619.36	-3	7	NULL
real	DR	339	23	15	    2.00	0	    1.00	1	11	  985.06	-6	5	NULL
real	CR	340	23	15	    1.00	0	    1.00	1	11	  730.55	-6	7	NULL
real	DL	341	23	15	    3.00	1	   -1.00	1	11	  697.90	-6	5	NULL
real	CL	342	23	15	    1.00	1	   -1.00	0	11	  792.54	-6	7	NULL
real	BL	343	23	-15	    0.00	1	   -1.00	0	11	  557.33	-6	5	NULL
real	HL	344	23	15	    3.00	1	   -1.00	1	11	  452.14	-3	5	NULL
real	CL	345	24	15	    0.00	0	    1.00	1	12	  579.96	-6	7	NULL
real	EL	346	24	-15	    1.00	1	   -1.00	1	11	  475.20	-3	7	NULL
real	HL	347	24	15	    2.00	0	    1.00	1	12	  893.91	-3	5	NULL
real	DL	348	24	15	    2.00	1	   -1.00	0	11	  512.40	-6	5	NULL
real	AR	349	24	-15	    1.00	1	   -1.00	1	12	  749.09	-6	7	NULL
real	DR	350	24	15	    3.00	0	    1.00	0	11	  765.42	-6	5	NULL
real	GL	351	24	15	    2.00	0	    1.00	1	12	  645.43	-3	7	NULL
real	CR	352	24	15	    2.00	0	    1.00	0	11	 1709.68	-6	7	NULL
real	BL	353	24	-15	   -1.00	0	    1.00	1	12	  690.67	-6	5	NULL
real	DR	354	25	15	    4.00	1	   -1.00	1	12	  454.24	-6	5	NULL
real	EL	355	25	-15	    0.00	0	    1.00	1	12	  498.38	-3	7	NULL
real	CR	356	25	15	    3.00	0	    1.00	0	11	  892.97	-6	7	NULL
real	DL	357	25	15	    1.00	0	    1.00	1	12	  564.88	-6	5	NULL
real	CR	358	26	15	    4.00	1	   -1.00	1	12	  461.63	-6	7	NULL
