TRIAL_TYPE	trial_variant	TRIAL_NUMBER	TRIAL_ITERATION_VAL	frame_tilt	rod_tilt	response	step_size	reversal	reversal_num	RT	probe_del	alpha_entrain_refreshes	rod_tilt_val
real	FL	1	1	-15	  -20.00	0	    8.00	0	0	 1177.64	-3	5	NULL
real	AL	2	1	-15	  -20.00	0	    8.00	0	0	  620.36	-6	7	NULL
real	GL	3	1	15	  -20.00	0	    8.00	0	0	  506.23	-3	7	NULL
real	HL	4	1	15	  -20.00	0	    8.00	0	0	  442.33	-3	5	NULL
real	CL	5	1	15	  -20.00	0	    8.00	0	0	  434.24	-6	7	NULL
real	FR	6	1	-15	   20.00	1	   -8.00	0	0	  500.45	-3	5	NULL
real	CR	7	1	15	   20.00	1	   -8.00	0	0	  485.30	-6	7	NULL
real	HR	8	1	15	   20.00	1	   -8.00	0	0	  449.71	-3	5	NULL
real	DL	9	1	15	  -20.00	0	    8.00	0	0	  419.13	-6	5	NULL
real	ER	10	1	-15	   20.00	1	   -8.00	0	0	  406.99	-3	7	NULL
real	BL	11	1	-15	  -20.00	0	    8.00	0	0	  530.16	-6	5	NULL
real	EL	12	1	-15	  -20.00	0	    8.00	0	0	  414.24	-3	7	NULL
real	AR	13	1	-15	   20.00	1	   -8.00	0	0	  464.54	-6	7	NULL
real	BR	14	1	-15	   20.00	1	   -8.00	0	0	  464.31	-6	5	NULL
real	DR	15	1	15	   20.00	1	   -8.00	0	0	  406.82	-6	5	NULL
real	GR	16	1	15	   20.00	1	   -8.00	0	0	  465.83	-3	7	NULL
real	CR	17	2	15	   12.00	1	   -8.00	0	0	  539.18	-6	7	NULL
real	HR	18	2	15	   12.00	1	   -8.00	0	0	  512.83	-3	5	NULL
real	EL	19	2	-15	  -12.00	0	    8.00	0	0	  563.32	-3	7	NULL
real	HL	20	2	15	  -12.00	0	    8.00	0	0	  580.38	-3	5	NULL
real	CL	21	2	15	  -12.00	0	    8.00	0	0	  626.67	-6	7	NULL
real	AR	22	2	-15	   12.00	1	   -8.00	0	0	  687.56	-6	7	NULL
real	BL	23	2	-15	  -12.00	0	    8.00	0	0	  556.72	-6	5	NULL
real	FL	24	2	-15	  -12.00	0	    8.00	0	0	  484.60	-3	5	NULL
real	BR	25	2	-15	   12.00	1	   -8.00	0	0	  576.35	-6	5	NULL
real	DL	26	2	15	  -12.00	0	    8.00	0	0	  517.20	-6	5	NULL
real	GL	27	2	15	  -12.00	0	    8.00	0	0	  521.74	-3	7	NULL
real	FR	28	2	-15	   12.00	1	   -8.00	0	0	  557.75	-3	5	NULL
real	DR	29	2	15	   12.00	1	   -8.00	0	0	  700.75	-6	5	NULL
real	GR	30	2	15	   12.00	1	   -8.00	0	0	  579.82	-3	7	NULL
real	AL	31	2	-15	  -12.00	0	    8.00	0	0	  612.56	-6	7	NULL
real	ER	32	2	-15	   12.00	1	   -8.00	0	0	  600.12	-3	7	NULL
real	AR	33	3	-15	    4.00	1	   -8.00	0	0	  601.53	-6	7	NULL
real	EL	34	3	-15	   -4.00	1	   -4.00	1	1	  689.73	-3	7	NULL
real	CR	35	3	15	    4.00	1	   -8.00	0	0	 1238.45	-6	7	NULL
real	DR	36	3	15	    4.00	1	   -8.00	0	0	  712.27	-6	5	NULL
real	BR	37	3	-15	    4.00	1	   -8.00	0	0	  500.16	-6	5	NULL
real	AL	38	3	-15	   -4.00	1	   -4.00	1	1	 1672.44	-6	7	NULL
real	HL	39	3	15	   -4.00	0	    8.00	0	0	  547.87	-3	5	NULL
real	ER	40	3	-15	    4.00	1	   -8.00	0	0	  526.47	-3	7	NULL
real	GL	41	3	15	   -4.00	0	    8.00	0	0	  526.07	-3	7	NULL
real	DL	42	3	15	   -4.00	0	    8.00	0	0	  573.45	-6	5	NULL
real	BL	43	3	-15	   -4.00	0	    8.00	0	0	  770.63	-6	5	NULL
real	HR	44	3	15	    4.00	1	   -8.00	0	0	  818.98	-3	5	NULL
real	FL	45	3	-15	   -4.00	0	    8.00	0	0	 3017.68	-3	5	NULL
real	FR	46	3	-15	    4.00	1	   -8.00	0	0	  482.53	-3	5	NULL
real	CL	47	3	15	   -4.00	0	    8.00	0	0	  443.14	-6	7	NULL
real	GR	48	3	15	    4.00	1	   -8.00	0	0	  595.84	-3	7	NULL
real	EL	49	4	-15	   -8.00	0	    2.00	1	2	  433.10	-3	7	NULL
real	DR	50	4	15	   -4.00	0	    4.00	1	1	  480.83	-6	5	NULL
real	DL	51	4	15	    4.00	1	   -4.00	1	1	  508.75	-6	5	NULL
real	BL	52	4	-15	    4.00	1	   -4.00	1	1	  522.19	-6	5	NULL
real	FL	53	4	-15	    4.00	1	   -4.00	1	1	  403.43	-3	5	NULL
real	CR	54	4	15	   -4.00	0	    4.00	1	1	  463.48	-6	7	NULL
real	AR	55	4	-15	   -4.00	0	    4.00	1	1	  525.30	-6	7	NULL
real	BR	56	4	-15	   -4.00	0	    4.00	1	1	  593.47	-6	5	NULL
real	FR	57	4	-15	   -4.00	0	    4.00	1	1	  651.91	-3	5	NULL
real	CL	58	4	15	    4.00	1	   -4.00	1	1	  508.93	-6	7	NULL
real	ER	59	4	-15	   -4.00	0	    4.00	1	1	  525.08	-3	7	NULL
real	GR	60	4	15	   -4.00	0	    4.00	1	1	  424.69	-3	7	NULL
real	GL	61	4	15	    4.00	1	   -4.00	1	1	  458.97	-3	7	NULL
real	HL	62	4	15	    4.00	1	   -4.00	1	1	  432.75	-3	5	NULL
real	AL	63	4	-15	   -8.00	0	    2.00	1	2	  385.78	-6	7	NULL
real	HR	64	4	15	   -4.00	0	    4.00	1	1	  419.10	-3	5	NULL
real	CR	65	5	15	    0.00	0	    4.00	0	1	  595.64	-6	7	NULL
real	FR	66	5	-15	    0.00	1	   -2.00	1	2	  465.34	-3	5	NULL
real	AL	67	5	-15	   -6.00	0	    2.00	0	2	  576.32	-6	7	NULL
real	FL	68	5	-15	    0.00	1	   -4.00	0	1	  477.14	-3	5	NULL
real	AR	69	5	-15	    0.00	1	   -2.00	1	2	  596.47	-6	7	NULL
real	ER	70	5	-15	    0.00	1	   -2.00	1	2	  476.29	-3	7	NULL
real	GL	71	5	15	    0.00	0	    2.00	1	2	  463.75	-3	7	NULL
real	CL	72	5	15	    0.00	0	    2.00	1	2	  653.81	-6	7	NULL
real	DR	73	5	15	    0.00	0	    4.00	0	1	  517.96	-6	5	NULL
real	BR	74	5	-15	    0.00	1	   -2.00	1	2	  789.58	-6	5	NULL
real	HR	75	5	15	    0.00	0	    4.00	0	1	  548.46	-3	5	NULL
real	GR	76	5	15	    0.00	0	    4.00	0	1	  478.74	-3	7	NULL
real	HL	77	5	15	    0.00	0	    2.00	1	2	  482.26	-3	5	NULL
real	BL	78	5	-15	    0.00	1	   -4.00	0	1	  596.20	-6	5	NULL
real	DL	79	5	15	    0.00	0	    2.00	1	2	  670.99	-6	5	NULL
real	EL	80	5	-15	   -6.00	0	    2.00	0	2	  479.65	-3	7	NULL
real	AR	81	6	-15	   -2.00	1	   -2.00	0	2	 2178.07	-6	7	NULL
real	EL	82	6	-15	   -4.00	0	    2.00	0	2	  630.05	-3	7	NULL
real	GR	83	6	15	    4.00	1	   -2.00	1	2	  485.34	-3	7	NULL
real	DR	84	6	15	    4.00	1	   -2.00	1	2	  585.24	-6	5	NULL
real	BR	85	6	-15	   -2.00	0	    1.00	1	3	  622.59	-6	5	NULL
real	HR	86	6	15	    4.00	1	   -2.00	1	2	  432.18	-3	5	NULL
real	FL	87	6	-15	   -4.00	0	    2.00	1	2	  418.60	-3	5	NULL
real	CR	88	6	15	    4.00	1	   -2.00	1	2	  398.14	-6	7	NULL
real	HL	89	6	15	    2.00	1	   -1.00	1	3	  725.92	-3	5	NULL
real	ER	90	6	-15	   -2.00	1	   -2.00	0	2	  671.53	-3	7	NULL
real	DL	91	6	15	    2.00	1	   -1.00	1	3	  656.94	-6	5	NULL
real	FR	92	6	-15	   -2.00	1	   -2.00	0	2	  688.86	-3	5	NULL
real	BL	93	6	-15	   -4.00	0	    2.00	1	2	  557.48	-6	5	NULL
real	CL	94	6	15	    2.00	1	   -1.00	1	3	  602.05	-6	7	NULL
real	GL	95	6	15	    2.00	1	   -1.00	1	3	  632.18	-3	7	NULL
real	AL	96	6	-15	   -4.00	0	    2.00	0	2	  519.99	-6	7	NULL
real	ER	97	7	-15	   -4.00	0	    1.00	1	3	  538.44	-3	7	NULL
real	FL	98	7	-15	   -2.00	0	    2.00	0	2	  635.54	-3	5	NULL
real	HL	99	7	15	    1.00	0	    1.00	1	4	  726.62	-3	5	NULL
real	EL	100	7	-15	   -2.00	0	    2.00	0	2	  746.15	-3	7	NULL
real	BL	101	7	-15	   -2.00	0	    2.00	0	2	  585.64	-6	5	NULL
real	GL	102	7	15	    1.00	0	    1.00	1	4	  604.99	-3	7	NULL
real	CL	103	7	15	    1.00	0	    1.00	1	4	  776.06	-6	7	NULL
real	DL	104	7	15	    1.00	1	   -1.00	0	3	  773.26	-6	5	NULL
real	HR	105	7	15	    2.00	1	   -2.00	0	2	  651.79	-3	5	NULL
real	DR	106	7	15	    2.00	1	   -2.00	0	2	  532.79	-6	5	NULL
real	BR	107	7	-15	   -1.00	0	    1.00	0	3	  635.74	-6	5	NULL
real	AR	108	7	-15	   -4.00	0	    1.00	1	3	  487.10	-6	7	NULL
real	FR	109	7	-15	   -4.00	0	    1.00	1	3	  456.13	-3	5	NULL
real	CR	110	7	15	    2.00	0	    1.00	1	3	 1892.91	-6	7	NULL
real	GR	111	7	15	    2.00	1	   -2.00	0	2	  987.16	-3	7	NULL
real	AL	112	7	-15	   -2.00	0	    2.00	0	2	  645.64	-6	7	NULL
real	AR	113	8	-15	   -3.00	0	    1.00	0	3	  576.08	-6	7	NULL
real	FL	114	8	-15	    0.00	1	   -1.00	1	3	 1336.91	-3	5	NULL
real	ER	115	8	-15	   -3.00	0	    1.00	0	3	  647.18	-3	7	NULL
real	DL	116	8	15	    0.00	0	    1.00	1	4	  481.24	-6	5	NULL
real	CR	117	8	15	    3.00	1	   -1.00	1	4	  624.32	-6	7	NULL
real	HR	118	8	15	    0.00	0	    1.00	1	3	  471.07	-3	5	NULL
real	BL	119	8	-15	    0.00	1	   -1.00	1	3	  731.91	-6	5	NULL
real	EL	120	8	-15	    0.00	1	   -1.00	1	3	  524.09	-3	7	NULL
real	CL	121	8	15	    2.00	1	   -1.00	1	5	  523.29	-6	7	NULL
real	GL	122	8	15	    2.00	0	    1.00	0	4	  525.14	-3	7	NULL
real	BR	123	8	-15	    0.00	1	   -1.00	1	4	  677.87	-6	5	NULL
real	AL	124	8	-15	    0.00	0	    2.00	0	2	  733.50	-6	7	NULL
real	FR	125	8	-15	   -3.00	0	    1.00	0	3	  516.83	-3	5	NULL
real	GR	126	8	15	    0.00	0	    1.00	1	3	  425.35	-3	7	NULL
real	HL	127	8	15	    2.00	0	    1.00	0	4	  647.23	-3	5	NULL
real	DR	128	8	15	    0.00	0	    1.00	1	3	  484.60	-6	5	NULL
real	GR	129	9	15	    1.00	0	    1.00	0	3	  502.27	-3	7	NULL
real	AL	130	9	-15	    2.00	1	   -1.00	1	3	  529.39	-6	7	NULL
real	BL	131	9	-15	   -1.00	0	    1.00	1	4	  497.61	-6	5	NULL
real	FL	132	9	-15	   -1.00	1	   -1.00	0	3	  621.39	-3	5	NULL
real	HR	133	9	15	    1.00	0	    1.00	0	3	  512.91	-3	5	NULL
real	FR	134	9	-15	   -2.00	1	   -1.00	1	4	 2277.81	-3	5	NULL
real	GL	135	9	15	    3.00	1	   -1.00	1	5	  694.18	-3	7	NULL
real	EL	136	9	-15	   -1.00	1	   -1.00	0	3	  564.38	-3	7	NULL
real	AR	137	9	-15	   -2.00	0	    1.00	0	3	  619.67	-6	7	NULL
real	DL	138	9	15	    1.00	1	   -1.00	1	5	  607.38	-6	5	NULL
real	BR	139	9	-15	   -1.00	0	    1.00	1	5	  923.90	-6	5	NULL
real	CR	140	9	15	    2.00	1	   -1.00	0	4	  821.43	-6	7	NULL
real	HL	141	9	15	    3.00	1	   -1.00	1	5	  579.31	-3	5	NULL
real	DR	142	9	15	    1.00	1	   -1.00	1	4	  732.77	-6	5	NULL
real	ER	143	9	-15	   -2.00	0	    1.00	0	3	  631.58	-3	7	NULL
real	CL	144	9	15	    1.00	1	   -1.00	0	5	  850.31	-6	7	NULL
real	FL	145	10	-15	   -2.00	0	    1.00	1	4	 1158.86	-3	5	NULL
real	HR	146	10	15	    2.00	0	    1.00	0	3	  637.27	-3	5	NULL
real	BR	147	10	-15	    0.00	0	    1.00	0	5	 1082.31	-6	5	NULL
real	GL	148	10	15	    2.00	0	    1.00	1	6	 1715.95	-3	7	NULL
real	DL	149	10	15	    0.00	1	   -1.00	0	5	 1332.57	-6	5	NULL
real	DR	150	10	15	    0.00	0	    1.00	1	5	 2115.34	-6	5	NULL
real	FR	151	10	-15	   -3.00	0	    1.00	1	5	  644.70	-3	5	NULL
real	AL	152	10	-15	    1.00	1	   -1.00	0	3	  672.54	-6	7	NULL
real	GR	153	10	15	    2.00	1	   -1.00	1	4	 1273.80	-3	7	NULL
real	EL	154	10	-15	   -2.00	1	   -1.00	0	3	 1701.76	-3	7	NULL
real	CL	155	10	15	    0.00	0	    1.00	1	6	  792.61	-6	7	NULL
real	HL	156	10	15	    2.00	1	   -1.00	0	5	  895.84	-3	5	NULL
real	AR	157	10	-15	   -1.00	1	   -1.00	1	4	 1376.50	-6	7	NULL
real	CR	158	10	15	    1.00	1	   -1.00	0	4	  748.04	-6	7	NULL
real	ER	159	10	-15	   -1.00	1	   -1.00	1	4	 2420.30	-3	7	NULL
real	BL	160	10	-15	    0.00	1	   -1.00	1	5	 1181.82	-6	5	NULL
real	BL	161	11	-15	   -1.00	0	    1.00	1	6	  817.03	-6	5	NULL
real	FL	162	11	-15	   -1.00	0	    1.00	0	4	  662.30	-3	5	NULL
real	EL	163	11	-15	   -3.00	0	    1.00	1	4	  583.53	-3	7	NULL
real	GL	164	11	15	    3.00	1	   -1.00	1	7	  704.01	-3	7	NULL
real	GR	165	11	15	    1.00	1	   -1.00	0	4	  663.69	-3	7	NULL
real	DL	166	11	15	   -1.00	0	    1.00	1	6	  493.89	-6	5	NULL
real	AR	167	11	-15	   -2.00	0	    1.00	1	5	  466.81	-6	7	NULL
real	BR	168	11	-15	    1.00	1	   -1.00	1	6	  638.02	-6	5	NULL
real	ER	169	11	-15	   -2.00	0	    1.00	1	5	  817.62	-3	7	NULL
real	HR	170	11	15	    3.00	1	   -1.00	1	4	  557.16	-3	5	NULL
real	HL	171	11	15	    1.00	1	   -1.00	0	5	 1320.66	-3	5	NULL
real	CR	172	11	15	    0.00	0	    1.00	1	5	  743.41	-6	7	NULL
real	DR	173	11	15	    1.00	1	   -1.00	1	6	  742.88	-6	5	NULL
real	CL	174	11	15	    1.00	1	   -1.00	1	7	  542.33	-6	7	NULL
real	AL	175	11	-15	    0.00	1	   -1.00	0	3	  547.48	-6	7	NULL
real	FR	176	11	-15	   -2.00	1	   -1.00	1	6	 2290.05	-3	5	NULL
real	CL	177	12	15	    0.00	0	    1.00	1	8	  646.05	-6	7	NULL
real	EL	178	12	-15	   -2.00	0	    1.00	0	4	  693.38	-3	7	NULL
real	AL	179	12	-15	   -1.00	0	    1.00	1	4	  587.51	-6	7	NULL
real	BL	180	12	-15	    0.00	1	   -1.00	1	7	  833.81	-6	5	NULL
real	DR	181	12	15	    0.00	0	    1.00	1	7	  674.43	-6	5	NULL
real	GR	182	12	15	    0.00	0	    1.00	1	5	  492.76	-3	7	NULL
real	DL	183	12	15	    0.00	0	    1.00	0	6	  601.70	-6	5	NULL
real	GL	184	12	15	    2.00	0	    1.00	1	8	 1591.48	-3	7	NULL
real	FL	185	12	-15	    0.00	0	    1.00	0	4	 1280.19	-3	5	NULL
real	HR	186	12	15	    2.00	1	   -1.00	0	4	  992.81	-3	5	NULL
real	HL	187	12	15	    0.00	0	    1.00	1	6	  680.19	-3	5	NULL
real	CR	188	12	15	    1.00	1	   -1.00	1	6	  946.38	-6	7	NULL
real	FR	189	12	-15	   -3.00	0	    1.00	1	7	  647.75	-3	5	NULL
real	BR	190	12	-15	    0.00	1	   -1.00	0	6	  760.58	-6	5	NULL
real	ER	191	12	-15	   -1.00	0	    1.00	0	5	 2727.61	-3	7	NULL
real	AR	192	12	-15	   -1.00	0	    1.00	0	5	  492.89	-6	7	NULL
real	CL	193	13	15	    1.00	0	    1.00	0	8	  807.02	-6	7	NULL
real	HL	194	13	15	    1.00	1	   -1.00	1	7	 1005.51	-3	5	NULL
real	FR	195	13	-15	   -2.00	1	   -1.00	1	8	  778.41	-3	5	NULL
real	ER	196	13	-15	    0.00	1	   -1.00	1	6	  539.11	-3	7	NULL
real	AR	197	13	-15	    0.00	1	   -1.00	1	6	  697.87	-6	7	NULL
real	AL	198	13	-15	    0.00	1	   -1.00	1	5	  667.04	-6	7	NULL
real	CR	199	13	15	    0.00	0	    1.00	1	7	  628.07	-6	7	NULL
real	FL	200	13	-15	    1.00	1	   -1.00	1	5	  571.02	-3	5	NULL
real	GL	201	13	15	    3.00	1	   -1.00	1	9	  549.50	-3	7	NULL
real	EL	202	13	-15	   -1.00	1	   -1.00	1	5	  637.82	-3	7	NULL
real	DL	203	13	15	    1.00	1	   -1.00	1	7	  538.58	-6	5	NULL
real	HR	204	13	15	    1.00	1	   -1.00	0	4	  754.18	-3	5	NULL
real	DR	205	13	15	    1.00	1	   -1.00	1	8	  557.71	-6	5	NULL
real	BR	206	13	-15	   -1.00	0	    1.00	1	7	  707.06	-6	5	NULL
real	GR	207	13	15	    1.00	0	    1.00	0	5	 1106.55	-3	7	NULL
real	BL	208	13	-15	   -1.00	1	   -1.00	0	7	  713.64	-6	5	NULL
real	AR	209	14	-15	   -1.00	1	   -1.00	0	6	  622.46	-6	7	NULL
real	FL	210	14	-15	    0.00	1	   -1.00	0	5	  503.14	-3	5	NULL
real	BL	211	14	-15	   -2.00	0	    1.00	1	8	  457.94	-6	5	NULL
real	ER	212	14	-15	   -1.00	0	    1.00	1	7	 1160.75	-3	7	NULL
real	EL	213	14	-15	   -2.00	0	    1.00	1	6	  579.09	-3	7	NULL
real	DR	214	14	15	    0.00	0	    1.00	1	9	  574.63	-6	5	NULL
real	DL	215	14	15	    0.00	0	    1.00	1	8	  795.70	-6	5	NULL
real	AL	216	14	-15	   -1.00	0	    1.00	1	6	  628.58	-6	7	NULL
real	CR	217	14	15	    1.00	1	   -1.00	1	8	  818.39	-6	7	NULL
real	CL	218	14	15	    2.00	1	   -1.00	1	9	  511.91	-6	7	NULL
real	HL	219	14	15	    0.00	0	    1.00	1	8	  745.23	-3	5	NULL
real	GR	220	14	15	    2.00	1	   -1.00	1	6	  826.97	-3	7	NULL
real	BR	221	14	-15	    0.00	1	   -1.00	1	8	  754.58	-6	5	NULL
real	HR	222	14	15	    0.00	0	    1.00	1	5	  476.76	-3	5	NULL
real	FR	223	14	-15	   -3.00	0	    1.00	1	9	  560.95	-3	5	NULL
real	GL	224	14	15	    2.00	1	   -1.00	0	9	  800.00	-3	7	NULL
real	DL	225	15	15	    1.00	1	   -1.00	1	9	  520.93	-6	5	NULL
real	EL	226	15	-15	   -1.00	1	   -1.00	1	7	  512.40	-3	7	NULL
real	CL	227	15	15	    1.00	1	   -1.00	0	9	  578.36	-6	7	NULL
real	ER	228	15	-15	    0.00	1	   -1.00	1	8	  445.40	-3	7	NULL
real	BR	229	15	-15	   -1.00	0	    1.00	1	9	  459.90	-6	5	NULL
real	AL	230	15	-15	    0.00	1	   -1.00	1	7	  641.53	-6	7	NULL
real	AR	231	15	-15	   -2.00	0	    1.00	1	7	  471.98	-6	7	NULL
real	HR	232	15	15	    1.00	0	    1.00	0	5	  593.33	-3	5	NULL
real	HL	233	15	15	    1.00	1	   -1.00	1	9	  623.34	-3	5	NULL
real	DR	234	15	15	    1.00	1	   -1.00	1	10	  475.46	-6	5	NULL
real	CR	235	15	15	    0.00	0	    1.00	1	9	  747.97	-6	7	NULL
real	GL	236	15	15	    1.00	1	   -1.00	0	9	  636.57	-3	7	NULL
real	FL	237	15	-15	   -1.00	0	    1.00	1	6	 1241.13	-3	5	NULL
real	BL	238	15	-15	   -1.00	0	    1.00	0	8	  709.95	-6	5	NULL
real	GR	239	15	15	    1.00	0	    1.00	1	7	 1069.33	-3	7	NULL
real	FR	240	15	-15	   -2.00	0	    1.00	0	9	  919.67	-3	5	NULL
real	HR	241	16	15	    2.00	1	   -1.00	1	6	  816.32	-3	5	NULL
real	DR	242	16	15	    0.00	1	   -1.00	0	10	  705.57	-6	5	NULL
real	GR	243	16	15	    2.00	1	   -1.00	1	8	  536.53	-3	7	NULL
real	AR	244	16	-15	   -1.00	0	    1.00	0	7	  622.68	-6	7	NULL
real	BR	245	16	-15	    0.00	0	    1.00	0	9	  647.62	-6	5	NULL
real	CL	246	16	15	    0.00	0	    1.00	1	10	  626.01	-6	7	NULL
real	EL	247	16	-15	   -2.00	0	    1.00	1	8	  884.59	-3	7	NULL
real	FL	248	16	-15	    0.00	1	   -1.00	1	7	  591.42	-3	5	NULL
real	BL	249	16	-15	    0.00	1	   -1.00	1	9	  546.32	-6	5	NULL
real	GL	250	16	15	    0.00	0	    1.00	1	10	  485.66	-3	7	NULL
real	CR	251	16	15	    1.00	1	   -1.00	1	10	  474.13	-6	7	NULL
real	HL	252	16	15	    0.00	0	    1.00	1	10	  524.85	-3	5	NULL
real	FR	253	16	-15	   -1.00	1	   -1.00	1	10	  475.86	-3	5	NULL
real	AL	254	16	-15	   -1.00	0	    1.00	1	8	  667.57	-6	7	NULL
real	DL	255	16	15	    0.00	0	    1.00	1	10	  535.29	-6	5	NULL
real	ER	256	16	-15	   -1.00	1	   -1.00	0	8	  468.33	-3	7	NULL
real	AR	257	17	-15	    0.00	1	   -1.00	1	8	  452.54	-6	7	NULL
real	AL	258	17	-15	    0.00	1	   -1.00	1	9	  535.43	-6	7	NULL
real	ER	259	17	-15	   -2.00	0	    1.00	1	9	  451.90	-3	7	NULL
real	HR	260	17	15	    1.00	1	   -1.00	0	6	  483.70	-3	5	NULL
real	GR	261	17	15	    1.00	1	   -1.00	0	8	  504.02	-3	7	NULL
real	CL	262	17	15	    1.00	1	   -1.00	1	11	  459.56	-6	7	NULL
real	BL	263	17	-15	   -1.00	0	    1.00	1	10	  719.13	-6	5	NULL
real	HL	264	17	15	    1.00	1	   -1.00	1	11	  595.28	-3	5	NULL
real	FL	265	17	-15	   -1.00	1	   -1.00	0	7	  659.73	-3	5	NULL
real	BR	266	17	-15	    1.00	1	   -1.00	1	10	  521.72	-6	5	NULL
real	EL	267	17	-15	   -1.00	1	   -1.00	1	9	  588.57	-3	7	NULL
real	DR	268	17	15	   -1.00	0	    1.00	1	11	  450.91	-6	5	NULL
real	DL	269	17	15	    1.00	1	   -1.00	1	11	  473.19	-6	5	NULL
real	GL	270	17	15	    1.00	0	    1.00	0	10	  570.79	-3	7	NULL
real	CR	271	17	15	    0.00	0	    1.00	1	11	  533.87	-6	7	NULL
real	FR	272	17	-15	   -2.00	0	    1.00	1	11	  555.77	-3	5	NULL
real	FR	273	18	-15	   -1.00	1	   -1.00	1	12	  496.61	-3	5	NULL
real	AL	274	18	-15	   -1.00	1	   -1.00	0	9	  603.51	-6	7	NULL
real	FL	275	18	-15	   -2.00	0	    1.00	1	8	  780.04	-3	5	NULL
real	BL	276	18	-15	    0.00	1	   -1.00	1	11	  533.67	-6	5	NULL
real	ER	277	18	-15	   -1.00	0	    1.00	0	9	  551.13	-3	7	NULL
real	DL	278	18	15	    0.00	0	    1.00	1	12	  501.89	-6	5	NULL
real	HL	279	18	15	    0.00	0	    1.00	1	12	  540.30	-3	5	NULL
real	GL	280	18	15	    2.00	1	   -1.00	1	11	 2599.34	-3	7	NULL
real	CR	281	18	15	    1.00	1	   -1.00	1	12	  526.20	-6	7	NULL
real	HR	282	18	15	    0.00	0	    1.00	1	7	  579.86	-3	5	NULL
real	EL	283	18	-15	   -2.00	0	    1.00	1	10	  887.38	-3	7	NULL
real	BR	284	18	-15	    0.00	0	    1.00	1	11	  745.81	-6	5	NULL
real	DR	285	18	15	    0.00	0	    1.00	0	11	  518.26	-6	5	NULL
real	AR	286	18	-15	   -1.00	0	    1.00	1	9	  716.95	-6	7	NULL
real	GR	287	18	15	    0.00	0	    1.00	1	9	  507.11	-3	7	NULL
real	CL	288	18	15	    0.00	0	    1.00	1	12	  521.12	-6	7	NULL
real	HR	289	19	15	    1.00	0	    1.00	0	7	  574.20	-3	5	NULL
real	EL	290	19	-15	   -1.00	1	   -1.00	1	11	  800.99	-3	7	NULL
real	GL	291	19	15	    1.00	0	    1.00	1	12	  519.07	-3	7	NULL
real	AR	292	19	-15	    0.00	0	    1.00	0	9	  584.70	-6	7	NULL
real	BR	293	19	-15	    1.00	1	   -1.00	1	12	  567.58	-6	5	NULL
real	FL	294	19	-15	   -1.00	0	    1.00	0	8	  688.25	-3	5	NULL
real	ER	295	19	-15	    0.00	1	   -1.00	1	10	  502.72	-3	7	NULL
real	GR	296	19	15	    1.00	0	    1.00	0	9	  522.17	-3	7	NULL
real	BL	297	19	-15	   -1.00	0	    1.00	1	12	  825.90	-6	5	NULL
real	DR	298	19	15	    1.00	0	    1.00	0	11	  683.57	-6	5	NULL
real	AL	299	19	-15	   -2.00	0	    1.00	1	10	  663.21	-6	7	NULL
real	FL	300	20	-15	    0.00	1	   -1.00	1	9	  544.33	-3	5	NULL
real	AL	301	20	-15	   -1.00	0	    1.00	0	10	  474.21	-6	7	NULL
real	ER	302	20	-15	   -1.00	0	    1.00	1	11	  528.57	-3	7	NULL
real	EL	303	20	-15	   -2.00	0	    1.00	1	12	  459.55	-3	7	NULL
real	GR	304	20	15	    2.00	0	    1.00	0	9	 1211.53	-3	7	NULL
real	AR	305	20	-15	    1.00	1	   -1.00	1	10	  496.46	-6	7	NULL
real	DR	306	20	15	    2.00	1	   -1.00	1	12	  489.00	-6	5	NULL
real	HR	307	20	15	    2.00	1	   -1.00	1	8	  481.33	-3	5	NULL
real	AR	308	21	-15	    0.00	1	   -1.00	0	10	  509.56	-6	7	NULL
real	ER	309	21	-15	    0.00	1	   -1.00	1	12	  465.29	-3	7	NULL
real	HR	310	21	15	    1.00	1	   -1.00	0	8	  627.32	-3	5	NULL
real	GR	311	21	15	    3.00	1	   -1.00	1	10	  393.49	-3	7	NULL
real	FL	312	21	-15	   -1.00	1	   -1.00	0	9	  521.98	-3	5	NULL
real	AL	313	21	-15	    0.00	1	   -1.00	1	11	  472.11	-6	7	NULL
real	GR	314	22	15	    2.00	1	   -1.00	0	10	  453.25	-3	7	NULL
real	HR	315	22	15	    0.00	0	    1.00	1	9	  453.43	-3	5	NULL
real	AL	316	22	-15	   -1.00	1	   -1.00	0	11	  565.39	-6	7	NULL
real	FL	317	22	-15	   -2.00	0	    1.00	1	10	  501.52	-3	5	NULL
real	AR	318	22	-15	   -1.00	0	    1.00	1	11	  415.77	-6	7	NULL
real	AR	319	23	-15	    0.00	0	    1.00	0	11	  457.41	-6	7	NULL
real	AL	320	23	-15	   -2.00	0	    1.00	1	12	  470.62	-6	7	NULL
real	GR	321	23	15	    1.00	1	   -1.00	0	10	  638.09	-3	7	NULL
real	FL	322	23	-15	   -1.00	1	   -1.00	1	11	  694.29	-3	5	NULL
real	HR	323	23	15	    1.00	0	    1.00	0	9	  629.89	-3	5	NULL
real	HR	324	24	15	    2.00	1	   -1.00	1	10	  490.60	-3	5	NULL
real	AR	325	24	-15	    1.00	1	   -1.00	1	12	  458.62	-6	7	NULL
real	FL	326	24	-15	   -2.00	0	    1.00	1	12	  486.43	-3	5	NULL
real	GR	327	24	15	    0.00	0	    1.00	1	11	  491.48	-3	7	NULL
real	HR	328	25	15	    1.00	0	    1.00	1	11	  533.86	-3	5	NULL
real	GR	329	25	15	    1.00	0	    1.00	0	11	  490.13	-3	7	NULL
real	HR	330	26	15	    2.00	0	    1.00	0	11	  465.16	-3	5	NULL
real	GR	331	26	15	    2.00	1	   -1.00	1	12	  669.09	-3	7	NULL
real	HR	332	27	15	    3.00	1	   -1.00	1	12	  537.04	-3	5	NULL
