TRIAL_TYPE	trial_variant	TRIAL_NUMBER	TRIAL_ITERATION_VAL	frame_tilt	rod_tilt	response	step_size	reversal	reversal_num	RT	probe_del	alpha_entrain_refreshes	rod_tilt_val
real	GR	1	1	15	   20.00	1	   -8.00	0	0	10707.41	-3	7	NULL
real	DR	2	1	15	   20.00	1	   -8.00	0	0	 1087.86	-6	5	NULL
real	BR	3	1	-15	   20.00	1	   -8.00	0	0	  484.14	-6	5	NULL
real	CL	4	1	15	  -20.00	0	    8.00	0	0	  545.63	-6	7	NULL
real	EL	5	1	-15	  -20.00	0	    8.00	0	0	  651.89	-3	7	NULL
real	ER	6	1	-15	   20.00	1	   -8.00	0	0	  657.01	-3	7	NULL
real	DL	7	1	15	  -20.00	0	    8.00	0	0	  607.61	-6	5	NULL
real	CR	8	1	15	   20.00	1	   -8.00	0	0	  468.98	-6	7	NULL
real	AL	9	1	-15	  -20.00	0	    8.00	0	0	  483.63	-6	7	NULL
real	HR	10	1	15	   20.00	1	   -8.00	0	0	  497.31	-3	5	NULL
real	BL	11	1	-15	  -20.00	0	    8.00	0	0	  601.66	-6	5	NULL
real	FR	12	1	-15	   20.00	1	   -8.00	0	0	  442.36	-3	5	NULL
real	HL	13	1	15	  -20.00	0	    8.00	0	0	  716.19	-3	5	NULL
real	GL	14	1	15	  -20.00	0	    8.00	0	0	  512.97	-3	7	NULL
real	AR	15	1	-15	   20.00	1	   -8.00	0	0	  527.17	-6	7	NULL
real	FL	16	1	-15	  -20.00	0	    8.00	0	0	  558.64	-3	5	NULL
real	DL	17	2	15	  -12.00	0	    8.00	0	0	  525.03	-6	5	NULL
real	BR	18	2	-15	   12.00	1	   -8.00	0	0	  729.41	-6	5	NULL
real	CL	19	2	15	  -12.00	0	    8.00	0	0	  648.13	-6	7	NULL
real	AL	20	2	-15	  -12.00	0	    8.00	0	0	  443.19	-6	7	NULL
real	HR	21	2	15	   12.00	1	   -8.00	0	0	  484.18	-3	5	NULL
real	AR	22	2	-15	   12.00	1	   -8.00	0	0	  497.45	-6	7	NULL
real	HL	23	2	15	  -12.00	0	    8.00	0	0	  439.55	-3	5	NULL
real	DR	24	2	15	   12.00	1	   -8.00	0	0	  444.89	-6	5	NULL
real	FR	25	2	-15	   12.00	1	   -8.00	0	0	  444.71	-3	5	NULL
real	BL	26	2	-15	  -12.00	0	    8.00	0	0	  470.71	-6	5	NULL
real	GL	27	2	15	  -12.00	0	    8.00	0	0	  474.09	-3	7	NULL
real	EL	28	2	-15	  -12.00	0	    8.00	0	0	  450.12	-3	7	NULL
real	ER	29	2	-15	   12.00	1	   -8.00	0	0	  428.99	-3	7	NULL
real	FL	30	2	-15	  -12.00	0	    8.00	0	0	  527.54	-3	5	NULL
real	GR	31	2	15	   12.00	1	   -8.00	0	0	  424.49	-3	7	NULL
real	CR	32	2	15	   12.00	1	   -8.00	0	0	  483.97	-6	7	NULL
real	AR	33	3	-15	    4.00	1	   -8.00	0	0	  459.50	-6	7	NULL
real	DL	34	3	15	   -4.00	0	    8.00	0	0	  583.58	-6	5	NULL
real	BL	35	3	-15	   -4.00	0	    8.00	0	0	  683.04	-6	5	NULL
real	ER	36	3	-15	    4.00	1	   -8.00	0	0	  465.99	-3	7	NULL
real	HR	37	3	15	    4.00	1	   -8.00	0	0	  539.36	-3	5	NULL
real	EL	38	3	-15	   -4.00	1	   -4.00	1	1	  607.87	-3	7	NULL
real	HL	39	3	15	   -4.00	0	    8.00	0	0	  532.09	-3	5	NULL
real	GR	40	3	15	    4.00	1	   -8.00	0	0	  565.52	-3	7	NULL
real	DR	41	3	15	    4.00	1	   -8.00	0	0	  458.81	-6	5	NULL
real	CL	42	3	15	   -4.00	0	    8.00	0	0	  654.10	-6	7	NULL
real	FL	43	3	-15	   -4.00	1	   -4.00	1	1	  579.07	-3	5	NULL
real	BR	44	3	-15	    4.00	1	   -8.00	0	0	  503.49	-6	5	NULL
real	GL	45	3	15	   -4.00	0	    8.00	0	0	  530.09	-3	7	NULL
real	AL	46	3	-15	   -4.00	1	   -4.00	1	1	  624.02	-6	7	NULL
real	FR	47	3	-15	    4.00	1	   -8.00	0	0	  624.43	-3	5	NULL
real	CR	48	3	15	    4.00	1	   -8.00	0	0	  499.23	-6	7	NULL
real	GL	49	4	15	    4.00	1	   -4.00	1	1	  449.93	-3	7	NULL
real	CR	50	4	15	   -4.00	0	    4.00	1	1	  558.32	-6	7	NULL
real	FL	51	4	-15	   -8.00	0	    2.00	1	2	  549.16	-3	5	NULL
real	DL	52	4	15	    4.00	1	   -4.00	1	1	  420.33	-6	5	NULL
real	HL	53	4	15	    4.00	1	   -4.00	1	1	  398.35	-3	5	NULL
real	DR	54	4	15	   -4.00	0	    4.00	1	1	  628.98	-6	5	NULL
real	BL	55	4	-15	    4.00	1	   -4.00	1	1	  396.14	-6	5	NULL
real	HR	56	4	15	   -4.00	0	    4.00	1	1	  388.90	-3	5	NULL
real	AL	57	4	-15	   -8.00	0	    2.00	1	2	  460.62	-6	7	NULL
real	FR	58	4	-15	   -4.00	1	   -8.00	0	0	  493.31	-3	5	NULL
real	EL	59	4	-15	   -8.00	0	    2.00	1	2	  511.54	-3	7	NULL
real	CL	60	4	15	    4.00	1	   -4.00	1	1	  390.58	-6	7	NULL
real	BR	61	4	-15	   -4.00	0	    4.00	1	1	  472.80	-6	5	NULL
real	ER	62	4	-15	   -4.00	1	   -8.00	0	0	  689.16	-3	7	NULL
real	GR	63	4	15	   -4.00	0	    4.00	1	1	  448.22	-3	7	NULL
real	AR	64	4	-15	   -4.00	1	   -8.00	0	0	  615.59	-6	7	NULL
real	FR	65	5	-15	  -12.00	0	    4.00	1	1	  648.47	-3	5	NULL
real	DL	66	5	15	    0.00	0	    2.00	1	2	  678.92	-6	5	NULL
real	CR	67	5	15	    0.00	0	    4.00	0	1	  754.72	-6	7	NULL
real	DR	68	5	15	    0.00	1	   -2.00	1	2	  917.82	-6	5	NULL
real	HL	69	5	15	    0.00	1	   -4.00	0	1	  679.54	-3	5	NULL
real	FL	70	5	-15	   -6.00	0	    2.00	0	2	  520.70	-3	5	NULL
real	BL	71	5	-15	    0.00	1	   -4.00	0	1	  544.30	-6	5	NULL
real	HR	72	5	15	    0.00	1	   -2.00	1	2	  506.68	-3	5	NULL
real	GL	73	5	15	    0.00	0	    2.00	1	2	  559.60	-3	7	NULL
real	AR	74	5	-15	  -12.00	0	    4.00	1	1	  761.98	-6	7	NULL
real	BR	75	5	-15	    0.00	1	   -2.00	1	2	  650.63	-6	5	NULL
real	ER	76	5	-15	  -12.00	0	    4.00	1	1	  419.12	-3	7	NULL
real	EL	77	5	-15	   -6.00	1	   -1.00	1	3	  500.70	-3	7	NULL
real	GR	78	5	15	    0.00	1	   -2.00	1	2	  497.20	-3	7	NULL
real	AL	79	5	-15	   -6.00	0	    2.00	0	2	  587.03	-6	7	NULL
real	CL	80	5	15	    0.00	1	   -4.00	0	1	  453.86	-6	7	NULL
real	FR	81	6	-15	   -8.00	0	    4.00	0	1	  554.50	-3	5	NULL
real	GR	82	6	15	   -2.00	0	    1.00	1	3	  558.97	-3	7	NULL
real	DR	83	6	15	   -2.00	0	    1.00	1	3	  731.75	-6	5	NULL
real	GL	84	6	15	    2.00	1	   -1.00	1	3	  484.47	-3	7	NULL
real	DL	85	6	15	    2.00	1	   -1.00	1	3	  643.43	-6	5	NULL
real	CR	86	6	15	    4.00	1	   -2.00	1	2	  610.19	-6	7	NULL
real	FL	87	6	-15	   -4.00	1	   -1.00	1	3	  625.93	-3	5	NULL
real	AL	88	6	-15	   -4.00	0	    2.00	0	2	  950.63	-6	7	NULL
real	BL	89	6	-15	   -4.00	0	    2.00	1	2	  649.18	-6	5	NULL
real	HL	90	6	15	   -4.00	0	    2.00	1	2	  576.95	-3	5	NULL
real	EL	91	6	-15	   -7.00	0	    1.00	1	4	  414.80	-3	7	NULL
real	AR	92	6	-15	   -8.00	0	    4.00	0	1	  507.74	-6	7	NULL
real	HR	93	6	15	   -2.00	0	    1.00	1	3	  464.63	-3	5	NULL
real	BR	94	6	-15	   -2.00	1	   -2.00	0	2	  797.65	-6	5	NULL
real	ER	95	6	-15	   -8.00	0	    4.00	0	1	  464.90	-3	7	NULL
real	CL	96	6	15	   -4.00	0	    2.00	1	2	  683.13	-6	7	NULL
real	FL	97	7	-15	   -5.00	1	   -1.00	0	3	  848.48	-3	5	NULL
real	DL	98	7	15	    1.00	1	   -1.00	0	3	  691.20	-6	5	NULL
real	FR	99	7	-15	   -4.00	1	   -2.00	1	2	  477.97	-3	5	NULL
real	BR	100	7	-15	   -4.00	1	   -2.00	0	2	  753.85	-6	5	NULL
real	AL	101	7	-15	   -2.00	1	   -1.00	1	3	  460.74	-6	7	NULL
real	CL	102	7	15	   -2.00	1	   -1.00	1	3	  516.68	-6	7	NULL
real	DR	103	7	15	   -1.00	1	   -1.00	1	4	  462.21	-6	5	NULL
real	GR	104	7	15	   -1.00	1	   -1.00	1	4	  413.04	-3	7	NULL
real	EL	105	7	-15	   -6.00	1	   -1.00	1	5	  455.11	-3	7	NULL
real	ER	106	7	-15	   -4.00	1	   -2.00	1	2	  563.33	-3	7	NULL
real	HL	107	7	15	   -2.00	0	    2.00	0	2	  582.25	-3	5	NULL
real	CR	108	7	15	    2.00	1	   -2.00	0	2	  422.56	-6	7	NULL
real	AR	109	7	-15	   -4.00	0	    4.00	0	1	  717.50	-6	7	NULL
real	GL	110	7	15	    1.00	1	   -1.00	0	3	  408.15	-3	7	NULL
real	BL	111	7	-15	   -2.00	1	   -1.00	1	3	  511.22	-6	5	NULL
real	HR	112	7	15	   -1.00	0	    1.00	0	3	  943.91	-3	5	NULL
real	HL	113	8	15	    0.00	1	   -1.00	1	3	  442.61	-3	5	NULL
real	DR	114	8	15	   -2.00	0	    1.00	1	5	  805.13	-6	5	NULL
real	GR	115	8	15	   -2.00	0	    1.00	1	5	  714.62	-3	7	NULL
real	BL	116	8	-15	   -3.00	1	   -1.00	0	3	  484.90	-6	5	NULL
real	CR	117	8	15	    0.00	1	   -2.00	0	2	  589.02	-6	7	NULL
real	FL	118	8	-15	   -6.00	0	    1.00	1	4	  525.56	-3	5	NULL
real	AL	119	8	-15	   -3.00	0	    1.00	1	4	  567.64	-6	7	NULL
real	DL	120	8	15	    0.00	1	   -1.00	0	3	  708.52	-6	5	NULL
real	FR	121	8	-15	   -6.00	0	    1.00	1	3	  512.00	-3	5	NULL
real	ER	122	8	-15	   -6.00	0	    1.00	1	3	  476.76	-3	7	NULL
real	CL	123	8	15	   -3.00	0	    1.00	1	4	  556.14	-6	7	NULL
real	BR	124	8	-15	   -6.00	0	    1.00	1	3	  570.90	-6	5	NULL
real	AR	125	8	-15	    0.00	1	   -2.00	1	2	  464.85	-6	7	NULL
real	HR	126	8	15	    0.00	0	    1.00	0	3	  919.43	-3	5	NULL
real	GL	127	8	15	    0.00	0	    1.00	1	4	  905.88	-3	7	NULL
real	EL	128	8	-15	   -7.00	0	    1.00	1	6	  856.42	-3	7	NULL
real	DL	129	9	15	   -1.00	1	   -1.00	0	3	  718.83	-6	5	NULL
real	HL	130	9	15	   -1.00	1	   -1.00	0	3	  634.21	-3	5	NULL
real	BL	131	9	-15	   -4.00	1	   -1.00	0	3	  714.47	-6	5	NULL
real	CR	132	9	15	   -2.00	1	   -2.00	0	2	  676.97	-6	7	NULL
real	DR	133	9	15	   -1.00	1	   -1.00	1	6	  968.82	-6	5	NULL
real	AL	134	9	-15	   -2.00	1	   -1.00	1	5	  923.66	-6	7	NULL
real	HR	135	9	15	    1.00	1	   -1.00	1	4	  675.66	-3	5	NULL
real	EL	136	9	-15	   -6.00	0	    1.00	0	6	  663.67	-3	7	NULL
real	GL	137	9	15	    1.00	1	   -1.00	1	5	  549.89	-3	7	NULL
real	CL	138	9	15	   -2.00	1	   -1.00	1	5	  480.39	-6	7	NULL
real	ER	139	9	-15	   -5.00	0	    1.00	0	3	  641.85	-3	7	NULL
real	GR	140	9	15	   -1.00	1	   -1.00	1	6	  863.72	-3	7	NULL
real	FR	141	9	-15	   -5.00	0	    1.00	0	3	  757.26	-3	5	NULL
real	BR	142	9	-15	   -5.00	0	    1.00	0	3	  558.29	-6	5	NULL
real	FL	143	9	-15	   -5.00	0	    1.00	0	4	  676.66	-3	5	NULL
real	AR	144	9	-15	   -2.00	1	   -2.00	0	2	  632.00	-6	7	NULL
real	BR	145	10	-15	   -4.00	1	   -1.00	1	4	  855.15	-6	5	NULL
real	ER	146	10	-15	   -4.00	1	   -1.00	1	4	  667.17	-3	7	NULL
real	GR	147	10	15	   -2.00	0	    1.00	1	7	  943.89	-3	7	NULL
real	AR	148	10	-15	   -4.00	1	   -2.00	0	2	  793.08	-6	7	NULL
real	CL	149	10	15	   -3.00	0	    1.00	1	6	  710.48	-6	7	NULL
real	CR	150	10	15	   -4.00	0	    1.00	1	3	  759.38	-6	7	NULL
real	HR	151	10	15	    0.00	1	   -1.00	0	4	  676.97	-3	5	NULL
real	FL	152	10	-15	   -4.00	1	   -1.00	1	5	  732.56	-3	5	NULL
real	GL	153	10	15	    0.00	1	   -1.00	0	5	  534.89	-3	7	NULL
real	BL	154	10	-15	   -5.00	1	   -1.00	0	3	  964.35	-6	5	NULL
real	DL	155	10	15	   -2.00	0	    1.00	1	4	 1052.55	-6	5	NULL
real	AL	156	10	-15	   -3.00	1	   -1.00	0	5	  926.44	-6	7	NULL
real	EL	157	10	-15	   -5.00	0	    1.00	0	6	 1110.48	-3	7	NULL
real	HL	158	10	15	   -2.00	0	    1.00	1	4	 1050.08	-3	5	NULL
real	FR	159	10	-15	   -4.00	1	   -1.00	1	4	  929.55	-3	5	NULL
real	DR	160	10	15	   -2.00	0	    1.00	1	7	  701.62	-6	5	NULL
real	BL	161	11	-15	   -6.00	0	    1.00	1	4	  498.87	-6	5	NULL
real	DR	162	11	15	   -1.00	1	   -1.00	1	8	  716.57	-6	5	NULL
real	AL	163	11	-15	   -4.00	0	    1.00	1	6	 1188.43	-6	7	NULL
real	BR	164	11	-15	   -5.00	0	    1.00	1	5	 1180.61	-6	5	NULL
real	CR	165	11	15	   -3.00	0	    1.00	0	3	 1008.54	-6	7	NULL
real	CL	166	11	15	   -2.00	0	    1.00	0	6	 1087.92	-6	7	NULL
real	AR	167	11	-15	   -6.00	0	    1.00	1	3	  894.67	-6	7	NULL
real	HL	168	11	15	   -1.00	0	    1.00	0	4	  883.69	-3	5	NULL
real	EL	169	11	-15	   -4.00	0	    1.00	0	6	 1234.40	-3	7	NULL
real	HR	170	11	15	   -1.00	0	    1.00	1	5	 1894.23	-3	5	NULL
real	GL	171	11	15	   -1.00	0	    1.00	1	6	 1175.38	-3	7	NULL
real	DL	172	11	15	   -1.00	1	   -1.00	1	5	 1269.47	-6	5	NULL
real	ER	173	11	-15	   -5.00	0	    1.00	1	5	  896.75	-3	7	NULL
real	FL	174	11	-15	   -5.00	0	    1.00	1	6	 1024.35	-3	5	NULL
real	FR	175	11	-15	   -5.00	1	   -1.00	0	4	 1562.21	-3	5	NULL
real	GR	176	11	15	   -1.00	1	   -1.00	1	8	 1871.51	-3	7	NULL
real	HL	177	12	15	    0.00	0	    1.00	0	4	 1188.54	-3	5	NULL
real	HR	178	12	15	    0.00	0	    1.00	0	5	 1355.49	-3	5	NULL
real	AR	179	12	-15	   -5.00	0	    1.00	0	3	 1304.93	-6	7	NULL
real	CR	180	12	15	   -2.00	1	   -1.00	1	4	  978.47	-6	7	NULL
real	EL	181	12	-15	   -3.00	1	   -1.00	1	7	  772.97	-3	7	NULL
real	BR	182	12	-15	   -4.00	0	    1.00	0	5	  793.96	-6	5	NULL
real	CL	183	12	15	   -1.00	1	   -1.00	1	7	  513.94	-6	7	NULL
real	DL	184	12	15	   -2.00	0	    1.00	1	6	 1087.25	-6	5	NULL
real	AL	185	12	-15	   -3.00	1	   -1.00	1	7	  712.62	-6	7	NULL
real	FR	186	12	-15	   -6.00	0	    1.00	1	5	  748.76	-3	5	NULL
real	BL	187	12	-15	   -5.00	0	    1.00	0	4	  980.43	-6	5	NULL
real	GL	188	12	15	    0.00	1	   -1.00	1	7	  881.84	-3	7	NULL
real	ER	189	12	-15	   -4.00	1	   -1.00	1	6	  888.57	-3	7	NULL
real	DR	190	12	15	   -2.00	1	   -1.00	0	8	  800.34	-6	5	NULL
real	GR	191	12	15	   -2.00	0	    1.00	1	9	 1234.66	-3	7	NULL
real	FL	192	12	-15	   -4.00	1	   -1.00	1	7	  824.24	-3	5	NULL
real	CR	193	13	15	   -3.00	0	    1.00	1	5	 1109.95	-6	7	NULL
real	ER	194	13	-15	   -5.00	1	   -1.00	0	6	 1055.20	-3	7	NULL
real	EL	195	13	-15	   -4.00	1	   -1.00	0	7	 1072.19	-3	7	NULL
real	BL	196	13	-15	   -4.00	1	   -1.00	1	5	  937.15	-6	5	NULL
real	CL	197	13	15	   -2.00	0	    1.00	1	8	 1182.48	-6	7	NULL
real	FL	198	13	-15	   -5.00	1	   -1.00	0	7	  918.03	-3	5	NULL
real	BR	199	13	-15	   -3.00	1	   -1.00	1	6	  861.65	-6	5	NULL
real	AL	200	13	-15	   -4.00	0	    1.00	1	8	 1113.05	-6	7	NULL
real	AR	201	13	-15	   -4.00	1	   -1.00	1	4	  944.82	-6	7	NULL
real	DL	202	13	15	   -1.00	1	   -1.00	1	7	  805.92	-6	5	NULL
real	HL	203	13	15	    1.00	1	   -1.00	1	5	  798.17	-3	5	NULL
real	GR	204	13	15	   -1.00	0	    1.00	0	9	  812.08	-3	7	NULL
real	FR	205	13	-15	   -5.00	0	    1.00	0	5	  550.49	-3	5	NULL
real	DR	206	13	15	   -3.00	0	    1.00	1	9	  585.93	-6	5	NULL
real	HR	207	13	15	    1.00	1	   -1.00	1	6	  492.76	-3	5	NULL
real	GL	208	13	15	   -1.00	0	    1.00	1	8	  527.89	-3	7	NULL
real	DR	209	14	15	   -2.00	0	    1.00	0	9	  600.02	-6	5	NULL
real	HR	210	14	15	    0.00	1	   -1.00	0	6	  539.96	-3	5	NULL
real	FR	211	14	-15	   -4.00	1	   -1.00	1	6	  862.97	-3	5	NULL
real	AR	212	14	-15	   -5.00	0	    1.00	1	5	  699.18	-6	7	NULL
real	FL	213	14	-15	   -6.00	0	    1.00	1	8	  596.00	-3	5	NULL
real	BR	214	14	-15	   -4.00	0	    1.00	1	7	  811.08	-6	5	NULL
real	DL	215	14	15	   -2.00	0	    1.00	1	8	  917.14	-6	5	NULL
real	GL	216	14	15	    0.00	0	    1.00	0	8	  738.96	-3	7	NULL
real	BL	217	14	-15	   -5.00	0	    1.00	1	6	  559.46	-6	5	NULL
real	CL	218	14	15	   -1.00	0	    1.00	0	8	  745.32	-6	7	NULL
real	EL	219	14	-15	   -5.00	0	    1.00	1	8	 1107.83	-3	7	NULL
real	HL	220	14	15	    0.00	0	    1.00	1	6	  654.34	-3	5	NULL
real	CR	221	14	15	   -2.00	0	    1.00	0	5	 1060.18	-6	7	NULL
real	GR	222	14	15	    0.00	1	   -1.00	1	10	  745.02	-3	7	NULL
real	ER	223	14	-15	   -6.00	0	    1.00	1	7	  792.29	-3	7	NULL
real	AL	224	14	-15	   -3.00	1	   -1.00	1	9	  710.99	-6	7	NULL
real	AR	225	15	-15	   -4.00	1	   -1.00	1	6	  667.53	-6	7	NULL
real	DL	226	15	15	   -1.00	0	    1.00	0	8	  674.40	-6	5	NULL
real	HL	227	15	15	    1.00	1	   -1.00	1	7	 1456.99	-3	5	NULL
real	DR	228	15	15	   -1.00	0	    1.00	0	9	  716.19	-6	5	NULL
real	GL	229	15	15	    1.00	0	    1.00	0	8	  876.33	-3	7	NULL
real	CR	230	15	15	   -1.00	1	   -1.00	1	6	 1128.04	-6	7	NULL
real	ER	231	15	-15	   -5.00	1	   -1.00	1	8	  886.73	-3	7	NULL
real	BR	232	15	-15	   -3.00	1	   -1.00	1	8	  933.19	-6	5	NULL
real	EL	233	15	-15	   -4.00	1	   -1.00	1	9	  729.53	-3	7	NULL
real	AL	234	15	-15	   -4.00	1	   -1.00	0	9	  703.14	-6	7	NULL
real	BL	235	15	-15	   -4.00	1	   -1.00	1	7	  859.81	-6	5	NULL
real	GR	236	15	15	   -1.00	0	    1.00	1	11	 1240.80	-3	7	NULL
real	FL	237	15	-15	   -5.00	0	    1.00	0	8	 1011.58	-3	5	NULL
real	HR	238	15	15	   -1.00	1	   -1.00	0	6	 1112.73	-3	5	NULL
real	CL	239	15	15	    0.00	1	   -1.00	1	9	 1285.43	-6	7	NULL
real	FR	240	15	-15	   -5.00	0	    1.00	1	7	  906.35	-3	5	NULL
real	BR	241	16	-15	   -4.00	0	    1.00	1	9	  790.16	-6	5	NULL
real	FR	242	16	-15	   -4.00	0	    1.00	0	7	  377.48	-3	5	NULL
real	HR	243	16	15	   -2.00	0	    1.00	1	7	  757.26	-3	5	NULL
real	GR	244	16	15	    0.00	0	    1.00	0	11	  716.00	-3	7	NULL
real	HL	245	16	15	    0.00	0	    1.00	1	8	  768.49	-3	5	NULL
real	ER	246	16	-15	   -6.00	0	    1.00	1	9	  648.15	-3	7	NULL
real	GL	247	16	15	    2.00	1	   -1.00	1	9	  739.14	-3	7	NULL
real	FL	248	16	-15	   -4.00	0	    1.00	0	8	  642.74	-3	5	NULL
real	CL	249	16	15	   -1.00	1	   -1.00	0	9	  409.40	-6	7	NULL
real	CR	250	16	15	   -2.00	1	   -1.00	0	6	  505.48	-6	7	NULL
real	EL	251	16	-15	   -5.00	0	    1.00	1	10	 1028.00	-3	7	NULL
real	AR	252	16	-15	   -5.00	0	    1.00	1	7	  648.28	-6	7	NULL
real	BL	253	16	-15	   -5.00	0	    1.00	1	8	  529.30	-6	5	NULL
real	AL	254	16	-15	   -5.00	0	    1.00	1	10	  488.96	-6	7	NULL
real	DL	255	16	15	    0.00	1	   -1.00	1	9	  635.08	-6	5	NULL
real	DR	256	16	15	    0.00	1	   -1.00	1	10	  557.34	-6	5	NULL
real	BR	257	17	-15	   -3.00	1	   -1.00	1	10	  656.50	-6	5	NULL
real	CL	258	17	15	   -2.00	1	   -1.00	0	9	  476.85	-6	7	NULL
real	AR	259	17	-15	   -4.00	0	    1.00	0	7	  712.67	-6	7	NULL
real	DR	260	17	15	   -1.00	1	   -1.00	0	10	  594.84	-6	5	NULL
real	DL	261	17	15	   -1.00	1	   -1.00	0	9	  644.59	-6	5	NULL
real	GR	262	17	15	    1.00	1	   -1.00	1	12	  516.50	-3	7	NULL
real	ER	263	17	-15	   -5.00	0	    1.00	0	9	  612.94	-3	7	NULL
real	HR	264	17	15	   -1.00	0	    1.00	0	7	  601.52	-3	5	NULL
real	AL	265	17	-15	   -4.00	0	    1.00	0	10	  502.67	-6	7	NULL
real	GL	266	17	15	    1.00	1	   -1.00	0	9	  626.84	-3	7	NULL
real	EL	267	17	-15	   -4.00	0	    1.00	0	10	  784.55	-3	7	NULL
real	HL	268	17	15	    1.00	0	    1.00	0	8	 1051.40	-3	5	NULL
real	FL	269	17	-15	   -3.00	1	   -1.00	1	9	  718.17	-3	5	NULL
real	FR	270	17	-15	   -3.00	0	    1.00	0	7	  780.05	-3	5	NULL
real	CR	271	17	15	   -3.00	0	    1.00	1	7	  620.77	-6	7	NULL
real	BL	272	17	-15	   -4.00	0	    1.00	0	8	  983.98	-6	5	NULL
real	ER	273	18	-15	   -4.00	1	   -1.00	1	10	  786.04	-3	7	NULL
real	GL	274	18	15	    0.00	1	   -1.00	0	9	  456.71	-3	7	NULL
real	AR	275	18	-15	   -3.00	1	   -1.00	1	8	  528.23	-6	7	NULL
real	AL	276	18	-15	   -3.00	0	    1.00	0	10	  827.73	-6	7	NULL
real	BL	277	18	-15	   -3.00	1	   -1.00	1	9	  658.49	-6	5	NULL
real	FR	278	18	-15	   -2.00	1	   -1.00	1	8	  693.76	-3	5	NULL
real	EL	279	18	-15	   -3.00	0	    1.00	0	10	  789.96	-3	7	NULL
real	HL	280	18	15	    2.00	1	   -1.00	1	9	  610.61	-3	5	NULL
real	BR	281	18	-15	   -4.00	0	    1.00	1	11	  647.61	-6	5	NULL
real	CL	282	18	15	   -3.00	0	    1.00	1	10	  674.85	-6	7	NULL
real	FL	283	18	-15	   -4.00	0	    1.00	1	10	  525.73	-3	5	NULL
real	HR	284	18	15	    0.00	1	   -1.00	1	8	  927.56	-3	5	NULL
real	CR	285	18	15	   -2.00	0	    1.00	0	7	  625.09	-6	7	NULL
real	DR	286	18	15	   -2.00	0	    1.00	1	11	  823.55	-6	5	NULL
real	DL	287	18	15	   -2.00	0	    1.00	1	10	  922.89	-6	5	NULL
real	DL	288	19	15	   -1.00	0	    1.00	0	10	 1116.57	-6	5	NULL
real	HR	289	19	15	   -1.00	0	    1.00	1	9	 1653.23	-3	5	NULL
real	DR	290	19	15	   -1.00	1	   -1.00	1	12	  558.12	-6	5	NULL
real	CL	291	19	15	   -2.00	0	    1.00	0	10	  738.77	-6	7	NULL
real	GL	292	19	15	   -1.00	0	    1.00	1	10	 1262.12	-3	7	NULL
real	AL	293	19	-15	   -2.00	1	   -1.00	1	11	  788.11	-6	7	NULL
real	BR	294	19	-15	   -3.00	0	    1.00	0	11	  771.26	-6	5	NULL
real	HL	295	19	15	    1.00	1	   -1.00	0	9	  459.16	-3	5	NULL
real	EL	296	19	-15	   -2.00	1	   -1.00	1	11	  613.39	-3	7	NULL
real	FR	297	19	-15	   -3.00	0	    1.00	1	9	  454.83	-3	5	NULL
real	CR	298	19	15	   -1.00	1	   -1.00	1	8	  389.75	-6	7	NULL
real	ER	299	19	-15	   -5.00	0	    1.00	1	11	  733.48	-3	7	NULL
real	AR	300	19	-15	   -4.00	0	    1.00	1	9	  513.02	-6	7	NULL
real	BL	301	19	-15	   -4.00	0	    1.00	1	10	  532.77	-6	5	NULL
real	FL	302	19	-15	   -3.00	1	   -1.00	1	11	  694.03	-3	5	NULL
real	HL	303	20	15	    0.00	0	    1.00	1	10	 1016.81	-3	5	NULL
real	FL	304	20	-15	   -4.00	0	    1.00	1	12	  651.25	-3	5	NULL
real	DL	305	20	15	    0.00	0	    1.00	0	10	 2032.68	-6	5	NULL
real	HR	306	20	15	    0.00	0	    1.00	0	9	  882.33	-3	5	NULL
real	EL	307	20	-15	   -3.00	0	    1.00	1	12	 1139.29	-3	7	NULL
real	FR	308	20	-15	   -2.00	1	   -1.00	1	10	  892.79	-3	5	NULL
real	AR	309	20	-15	   -3.00	1	   -1.00	1	10	  651.52	-6	7	NULL
real	GL	310	20	15	    0.00	1	   -1.00	1	11	  474.96	-3	7	NULL
real	CL	311	20	15	   -1.00	0	    1.00	0	10	  878.55	-6	7	NULL
real	BL	312	20	-15	   -3.00	1	   -1.00	1	11	  563.48	-6	5	NULL
real	BR	313	20	-15	   -2.00	1	   -1.00	1	12	  586.89	-6	5	NULL
real	ER	314	20	-15	   -4.00	1	   -1.00	1	12	  824.12	-3	7	NULL
real	CR	315	20	15	   -2.00	1	   -1.00	0	8	  346.15	-6	7	NULL
real	AL	316	20	-15	   -3.00	0	    1.00	1	12	  625.94	-6	7	NULL
real	FR	317	21	-15	   -3.00	1	   -1.00	0	10	  445.64	-3	5	NULL
real	CR	318	21	15	   -3.00	0	    1.00	1	9	  583.63	-6	7	NULL
real	BL	319	21	-15	   -4.00	0	    1.00	1	12	  969.38	-6	5	NULL
real	CL	320	21	15	    0.00	1	   -1.00	1	11	  268.14	-6	7	NULL
real	HR	321	21	15	    1.00	1	   -1.00	1	10	  574.90	-3	5	NULL
real	AR	322	21	-15	   -4.00	0	    1.00	1	11	  577.04	-6	7	NULL
real	HL	323	21	15	    1.00	1	   -1.00	1	11	  381.26	-3	5	NULL
real	DL	324	21	15	    1.00	1	   -1.00	1	11	  439.05	-6	5	NULL
real	GL	325	21	15	   -1.00	0	    1.00	1	12	  470.62	-3	7	NULL
real	HL	326	22	15	    0.00	1	   -1.00	0	11	  455.25	-3	5	NULL
real	AR	327	22	-15	   -3.00	0	    1.00	0	11	  597.86	-6	7	NULL
real	CR	328	22	15	   -2.00	0	    1.00	0	9	  722.59	-6	7	NULL
real	CL	329	22	15	   -1.00	1	   -1.00	0	11	  526.57	-6	7	NULL
real	DL	330	22	15	    0.00	1	   -1.00	0	11	  566.05	-6	5	NULL
real	FR	331	22	-15	   -4.00	0	    1.00	1	11	  581.85	-3	5	NULL
real	HR	332	22	15	    0.00	0	    1.00	1	11	  583.95	-3	5	NULL
real	FR	333	23	-15	   -3.00	1	   -1.00	1	12	  478.88	-3	5	NULL
real	CR	334	23	15	   -1.00	0	    1.00	0	9	  456.26	-6	7	NULL
real	HL	335	23	15	   -1.00	0	    1.00	1	12	  623.07	-3	5	NULL
real	CL	336	23	15	   -2.00	1	   -1.00	0	11	  371.46	-6	7	NULL
real	HR	337	23	15	    1.00	1	   -1.00	1	12	  810.03	-3	5	NULL
real	AR	338	23	-15	   -2.00	1	   -1.00	1	12	  642.23	-6	7	NULL
real	DL	339	23	15	   -1.00	1	   -1.00	0	11	  451.02	-6	5	NULL
real	CL	340	24	15	   -3.00	0	    1.00	1	12	  411.15	-6	7	NULL
real	DL	341	24	15	   -2.00	0	    1.00	1	12	  561.53	-6	5	NULL
real	CR	342	24	15	    0.00	0	    1.00	0	9	  695.73	-6	7	NULL
real	CR	343	25	15	    1.00	1	   -1.00	1	10	  420.60	-6	7	NULL
real	CR	344	26	15	    0.00	0	    1.00	1	11	  777.97	-6	7	NULL
real	CR	345	27	15	    1.00	1	   -1.00	1	12	  850.02	-6	7	NULL
