TRIAL_TYPE	trial_variant	TRIAL_NUMBER	TRIAL_ITERATION_VAL	frame_tilt	rod_tilt	response	step_size	reversal	reversal_num	RT	probe_del	alpha_entrain_refreshes	rod_tilt_val
real	GL	1	1	15	  -20.00	1	   -8.00	0	0	13706.95	-3	7	NULL
real	FR	2	1	-15	   20.00	1	   -8.00	0	0	 2637.83	-3	5	NULL
real	DL	3	1	15	  -20.00	0	    8.00	0	0	  986.67	-6	5	NULL
real	ER	4	1	-15	   20.00	1	   -8.00	0	0	  785.22	-3	7	NULL
real	GR	5	1	15	   20.00	1	   -8.00	0	0	  588.70	-3	7	NULL
real	EL	6	1	-15	  -20.00	0	    8.00	0	0	  567.10	-3	7	NULL
real	FL	7	1	-15	  -20.00	0	    8.00	0	0	  520.04	-3	5	NULL
real	BL	8	1	-15	  -20.00	0	    8.00	0	0	  505.36	-6	5	NULL
real	AR	9	1	-15	   20.00	1	   -8.00	0	0	  651.24	-6	7	NULL
real	HL	10	1	15	  -20.00	0	    8.00	0	0	  402.02	-3	5	NULL
real	CR	11	1	15	   20.00	1	   -8.00	0	0	  493.66	-6	7	NULL
real	AL	12	1	-15	  -20.00	0	    8.00	0	0	  502.17	-6	7	NULL
real	HR	13	1	15	   20.00	1	   -8.00	0	0	  428.30	-3	5	NULL
real	BR	14	1	-15	   20.00	1	   -8.00	0	0	  432.56	-6	5	NULL
real	CL	15	1	15	  -20.00	0	    8.00	0	0	  495.84	-6	7	NULL
real	DR	16	1	15	   20.00	1	   -8.00	0	0	  403.54	-6	5	NULL
real	AL	17	2	-15	  -12.00	0	    8.00	0	0	  567.54	-6	7	NULL
real	EL	18	2	-15	  -12.00	0	    8.00	0	0	  630.20	-3	7	NULL
real	DR	19	2	15	   12.00	1	   -8.00	0	0	  970.84	-6	5	NULL
real	CL	20	2	15	  -12.00	0	    8.00	0	0	  468.47	-6	7	NULL
real	GR	21	2	15	   12.00	1	   -8.00	0	0	  776.03	-3	7	NULL
real	FL	22	2	-15	  -12.00	0	    8.00	0	0	  640.18	-3	5	NULL
real	GL	23	2	15	-20	0	    4.00	1	1	  444.25	-3	7	NULL
real	DL	24	2	15	  -12.00	0	    8.00	0	0	  444.49	-6	5	NULL
real	AR	25	2	-15	   12.00	1	   -8.00	0	0	  497.52	-6	7	NULL
real	ER	26	2	-15	   12.00	1	   -8.00	0	0	  442.44	-3	7	NULL
real	BR	27	2	-15	   12.00	1	   -8.00	0	0	  400.80	-6	5	NULL
real	HR	28	2	15	   12.00	1	   -8.00	0	0	  427.07	-3	5	NULL
real	HL	29	2	15	  -12.00	0	    8.00	0	0	  463.41	-3	5	NULL
real	BL	30	2	-15	  -12.00	0	    8.00	0	0	  383.73	-6	5	NULL
real	CR	31	2	15	   12.00	1	   -8.00	0	0	  428.58	-6	7	NULL
real	FR	32	2	-15	   12.00	1	   -8.00	0	0	  396.61	-3	5	NULL
real	HR	33	3	15	    4.00	0	    4.00	1	1	  489.56	-3	5	NULL
real	CR	34	3	15	    4.00	0	    4.00	1	1	  689.71	-6	7	NULL
real	FR	35	3	-15	    4.00	0	    4.00	1	1	 1203.59	-3	5	NULL
real	FL	36	3	-15	   -4.00	0	    8.00	0	0	  389.22	-3	5	NULL
real	EL	37	3	-15	   -4.00	0	    8.00	0	0	  353.72	-3	7	NULL
real	DL	38	3	15	   -4.00	0	    8.00	0	0	  501.43	-6	5	NULL
real	BR	39	3	-15	    4.00	0	    4.00	1	1	 1713.27	-6	5	NULL
real	DR	40	3	15	    4.00	1	   -8.00	0	0	  925.09	-6	5	NULL
real	GR	41	3	15	    4.00	0	    4.00	1	1	 1010.44	-3	7	NULL
real	GL	42	3	15	  -16.00	0	    4.00	0	1	  545.35	-3	7	NULL
real	AR	43	3	-15	    4.00	1	   -8.00	0	0	  876.23	-6	7	NULL
real	ER	44	3	-15	    4.00	1	   -8.00	0	0	  753.98	-3	7	NULL
real	AL	45	3	-15	   -4.00	0	    8.00	0	0	  368.03	-6	7	NULL
real	BL	46	3	-15	   -4.00	0	    8.00	0	0	  408.81	-6	5	NULL
real	HL	47	3	15	   -4.00	0	    8.00	0	0	  354.11	-3	5	NULL
real	CL	48	3	15	   -4.00	0	    8.00	0	0	  402.46	-6	7	NULL
real	AR	49	4	-15	   -4.00	0	    4.00	1	1	  521.18	-6	7	NULL
real	CL	50	4	15	    4.00	0	    8.00	0	0	  979.32	-6	7	NULL
real	GR	51	4	15	    8.00	1	   -2.00	1	2	  698.94	-3	7	NULL
real	DL	52	4	15	    4.00	1	   -4.00	1	1	  691.11	-6	5	NULL
real	GL	53	4	15	  -12.00	0	    4.00	0	1	  390.25	-3	7	NULL
real	CR	54	4	15	    8.00	1	   -2.00	1	2	  528.11	-6	7	NULL
real	FR	55	4	-15	    8.00	1	   -2.00	1	2	  539.76	-3	5	NULL
real	FL	56	4	-15	    4.00	1	   -4.00	1	1	  977.26	-3	5	NULL
real	BL	57	4	-15	    4.00	1	   -4.00	1	1	  545.08	-6	5	NULL
real	BR	58	4	-15	    8.00	1	   -2.00	1	2	  510.42	-6	5	NULL
real	HL	59	4	15	    4.00	1	   -4.00	1	1	  711.64	-3	5	NULL
real	HR	60	4	15	    8.00	1	   -2.00	1	2	  734.97	-3	5	NULL
real	DR	61	4	15	   -4.00	0	    4.00	1	1	  526.55	-6	5	NULL
real	ER	62	4	-15	   -4.00	0	    4.00	1	1	  396.07	-3	7	NULL
real	AL	63	4	-15	    4.00	0	    8.00	0	0	  325.69	-6	7	NULL
real	EL	64	4	-15	    4.00	1	   -4.00	1	1	  527.54	-3	7	NULL
real	DL	65	5	15	    0.00	0	    2.00	1	2	  619.54	-6	5	NULL
real	FL	66	5	-15	    0.00	0	    2.00	1	2	 1015.30	-3	5	NULL
real	HL	67	5	15	    0.00	0	    2.00	1	2	  698.75	-3	5	NULL
real	BR	68	5	-15	    6.00	1	   -2.00	0	2	  472.96	-6	5	NULL
real	ER	69	5	-15	    0.00	1	   -2.00	1	2	  506.29	-3	7	NULL
real	CL	70	5	15	   12.00	1	   -4.00	1	1	  515.79	-6	7	NULL
real	AR	71	5	-15	    0.00	1	   -2.00	1	2	  715.44	-6	7	NULL
real	CR	72	5	15	    6.00	1	   -2.00	0	2	  597.28	-6	7	NULL
real	DR	73	5	15	    0.00	1	   -2.00	1	2	  628.25	-6	5	NULL
real	HR	74	5	15	    6.00	0	    1.00	1	3	  672.52	-3	5	NULL
real	GR	75	5	15	    6.00	0	    1.00	1	3	 1052.92	-3	7	NULL
real	GL	76	5	15	   -8.00	0	    4.00	0	1	  467.62	-3	7	NULL
real	AL	77	5	-15	   12.00	1	   -4.00	1	1	  469.69	-6	7	NULL
real	BL	78	5	-15	    0.00	1	   -4.00	0	1	 1292.93	-6	5	NULL
real	EL	79	5	-15	    0.00	1	   -4.00	0	1	  713.19	-3	7	NULL
real	FR	80	5	-15	    6.00	1	   -2.00	0	2	  533.25	-3	5	NULL
real	ER	81	6	-15	   -2.00	1	   -2.00	0	2	  729.39	-3	7	NULL
real	DL	82	6	15	    2.00	0	    2.00	0	2	  714.71	-6	5	NULL
real	FR	83	6	-15	    4.00	1	   -2.00	0	2	  689.58	-3	5	NULL
real	HR	84	6	15	    7.00	1	   -1.00	1	4	  908.96	-3	5	NULL
real	CL	85	6	15	    8.00	1	   -4.00	0	1	  485.52	-6	7	NULL
real	AL	86	6	-15	    8.00	1	   -4.00	0	1	  475.69	-6	7	NULL
real	BR	87	6	-15	    4.00	1	   -2.00	0	2	  551.25	-6	5	NULL
real	BL	88	6	-15	   -4.00	0	    2.00	1	2	  482.31	-6	5	NULL
real	DR	89	6	15	   -2.00	0	    1.00	1	3	  540.48	-6	5	NULL
real	AR	90	6	-15	   -2.00	0	    1.00	1	3	  513.78	-6	7	NULL
real	HL	91	6	15	    2.00	0	    2.00	0	2	  452.19	-3	5	NULL
real	CR	92	6	15	    4.00	0	    1.00	1	3	  759.88	-6	7	NULL
real	FL	93	6	-15	    2.00	1	   -1.00	1	3	  526.90	-3	5	NULL
real	GR	94	6	15	    7.00	1	   -1.00	1	4	  728.35	-3	7	NULL
real	GL	95	6	15	   -4.00	0	    4.00	0	1	  537.65	-3	7	NULL
real	EL	96	6	-15	   -4.00	0	    2.00	1	2	  507.59	-3	7	NULL
real	ER	97	7	-15	   -4.00	0	    1.00	1	3	  680.72	-3	7	NULL
real	CR	98	7	15	    5.00	1	   -1.00	1	4	  780.61	-6	7	NULL
real	CL	99	7	15	    4.00	0	    2.00	1	2	  787.58	-6	7	NULL
real	FL	100	7	-15	    1.00	0	    1.00	1	4	 1453.58	-3	5	NULL
real	AL	101	7	-15	    4.00	0	    2.00	1	2	  676.94	-6	7	NULL
real	AR	102	7	-15	   -1.00	1	   -1.00	1	4	 1225.25	-6	7	NULL
real	GR	103	7	15	    6.00	0	    1.00	1	5	  933.45	-3	7	NULL
real	BR	104	7	-15	    2.00	1	   -2.00	0	2	  616.42	-6	5	NULL
real	DL	105	7	15	    4.00	1	   -1.00	1	3	  954.93	-6	5	NULL
real	HL	106	7	15	    4.00	1	   -1.00	1	3	  570.53	-3	5	NULL
real	BL	107	7	-15	   -2.00	0	    2.00	0	2	  624.73	-6	5	NULL
real	FR	108	7	-15	    2.00	1	   -2.00	0	2	  501.50	-3	5	NULL
real	DR	109	7	15	   -1.00	0	    1.00	0	3	  467.72	-6	5	NULL
real	EL	110	7	-15	   -2.00	0	    2.00	0	2	  443.36	-3	7	NULL
real	HR	111	7	15	    6.00	1	   -1.00	0	4	  466.58	-3	5	NULL
real	GL	112	7	15	    0.00	0	    4.00	0	1	  507.24	-3	7	NULL
real	DL	113	8	15	    3.00	1	   -1.00	0	3	  547.47	-6	5	NULL
real	AR	114	8	-15	   -2.00	1	   -1.00	0	4	 1203.04	-6	7	NULL
real	FL	115	8	-15	    2.00	1	   -1.00	1	5	  929.87	-3	5	NULL
real	CR	116	8	15	    4.00	1	   -1.00	0	4	  499.85	-6	7	NULL
real	GL	117	8	15	    4.00	1	   -2.00	1	2	  601.56	-3	7	NULL
real	EL	118	8	-15	    0.00	0	    2.00	0	2	  576.47	-3	7	NULL
real	HR	119	8	15	    5.00	1	   -1.00	0	4	  587.87	-3	5	NULL
real	CL	120	8	15	    6.00	1	   -1.00	1	3	  531.95	-6	7	NULL
real	HL	121	8	15	    3.00	0	    1.00	1	4	  720.02	-3	5	NULL
real	AL	122	8	-15	    6.00	1	   -1.00	1	3	  538.95	-6	7	NULL
real	BL	123	8	-15	    0.00	0	    2.00	0	2	  613.47	-6	5	NULL
real	DR	124	8	15	    0.00	0	    1.00	0	3	  702.05	-6	5	NULL
real	ER	125	8	-15	   -3.00	0	    1.00	0	3	  529.35	-3	7	NULL
real	BR	126	8	-15	    0.00	1	   -2.00	0	2	  574.31	-6	5	NULL
real	GR	127	8	15	    7.00	1	   -1.00	1	6	  575.92	-3	7	NULL
real	FR	128	8	-15	    0.00	1	   -2.00	0	2	  777.27	-3	5	NULL
real	FR	129	9	-15	   -2.00	0	    1.00	1	3	  554.21	-3	5	NULL
real	FL	130	9	-15	    1.00	0	    1.00	1	6	  584.99	-3	5	NULL
real	ER	131	9	-15	   -2.00	0	    1.00	0	3	  597.39	-3	7	NULL
real	CL	132	9	15	    5.00	1	   -1.00	0	3	  517.09	-6	7	NULL
real	AL	133	9	-15	    5.00	1	   -1.00	0	3	  477.66	-6	7	NULL
real	CR	134	9	15	    3.00	0	    1.00	1	5	  610.34	-6	7	NULL
real	DL	135	9	15	    2.00	0	    1.00	1	4	  608.34	-6	5	NULL
real	EL	136	9	-15	    2.00	0	    2.00	0	2	  717.75	-3	7	NULL
real	GR	137	9	15	    6.00	1	   -1.00	0	6	  647.93	-3	7	NULL
real	HR	138	9	15	    4.00	1	   -1.00	0	4	  758.61	-3	5	NULL
real	BR	139	9	-15	   -2.00	0	    1.00	1	3	  498.11	-6	5	NULL
real	AR	140	9	-15	   -3.00	0	    1.00	1	5	  534.23	-6	7	NULL
real	GL	141	9	15	    2.00	0	    1.00	1	3	  600.93	-3	7	NULL
real	DR	142	9	15	    1.00	0	    1.00	0	3	  729.91	-6	5	NULL
real	BL	143	9	-15	    2.00	0	    2.00	0	2	  646.05	-6	5	NULL
real	HL	144	9	15	    4.00	0	    1.00	0	4	  735.78	-3	5	NULL
real	EL	145	10	-15	    4.00	1	   -1.00	1	3	  890.83	-3	7	NULL
real	DL	146	10	15	    3.00	0	    1.00	0	4	  613.74	-6	5	NULL
real	AL	147	10	-15	    4.00	1	   -1.00	0	3	  700.71	-6	7	NULL
real	GL	148	10	15	    3.00	1	   -1.00	1	4	  904.01	-3	7	NULL
real	HL	149	10	15	    5.00	1	   -1.00	1	5	  525.60	-3	5	NULL
real	ER	150	10	-15	   -1.00	0	    1.00	0	3	  566.28	-3	7	NULL
real	BR	151	10	-15	   -1.00	0	    1.00	0	3	  635.86	-6	5	NULL
real	FL	152	10	-15	    2.00	0	    1.00	0	6	  519.27	-3	5	NULL
real	HR	153	10	15	    3.00	0	    1.00	1	5	  570.89	-3	5	NULL
real	AR	154	10	-15	   -2.00	0	    1.00	0	5	  591.87	-6	7	NULL
real	GR	155	10	15	    5.00	0	    1.00	1	7	  477.87	-3	7	NULL
real	DR	156	10	15	    2.00	0	    1.00	0	3	  537.79	-6	5	NULL
real	CR	157	10	15	    4.00	0	    1.00	0	5	  679.79	-6	7	NULL
real	BL	158	10	-15	    4.00	1	   -1.00	1	3	  620.43	-6	5	NULL
real	CL	159	10	15	    4.00	1	   -1.00	0	3	  730.25	-6	7	NULL
real	FR	160	10	-15	   -1.00	0	    1.00	0	3	  605.31	-3	5	NULL
real	HR	161	11	15	    4.00	0	    1.00	0	5	  704.30	-3	5	NULL
real	DR	162	11	15	    3.00	0	    1.00	0	3	  550.20	-6	5	NULL
real	AR	163	11	-15	   -1.00	0	    1.00	0	5	  821.51	-6	7	NULL
real	AL	164	11	-15	    3.00	0	    1.00	1	4	 1182.57	-6	7	NULL
real	DL	165	11	15	    4.00	0	    1.00	0	4	  533.68	-6	5	NULL
real	BR	166	11	-15	    0.00	0	    1.00	0	3	  602.56	-6	5	NULL
real	FR	167	11	-15	    0.00	0	    1.00	0	3	  525.81	-3	5	NULL
real	FL	168	11	-15	    3.00	0	    1.00	0	6	  592.11	-3	5	NULL
real	EL	169	11	-15	    3.00	0	    1.00	1	4	  561.25	-3	7	NULL
real	CR	170	11	15	    5.00	0	    1.00	0	5	  767.69	-6	7	NULL
real	CL	171	11	15	    3.00	0	    1.00	1	4	  586.13	-6	7	NULL
real	GR	172	11	15	    6.00	0	    1.00	0	7	  603.04	-3	7	NULL
real	ER	173	11	-15	    0.00	0	    1.00	0	3	  557.76	-3	7	NULL
real	HL	174	11	15	    4.00	0	    1.00	1	6	 1064.13	-3	5	NULL
real	BL	175	11	-15	    3.00	0	    1.00	1	4	  685.84	-6	5	NULL
real	GL	176	11	15	    2.00	0	    1.00	1	5	  610.11	-3	7	NULL
real	CL	177	12	15	    4.00	1	   -1.00	1	5	  978.90	-6	7	NULL
real	EL	178	12	-15	    4.00	1	   -1.00	1	5	  582.18	-3	7	NULL
real	BR	179	12	-15	    1.00	1	   -1.00	1	4	  653.50	-6	5	NULL
real	DR	180	12	15	    4.00	1	   -1.00	1	4	  768.48	-6	5	NULL
real	DL	181	12	15	    5.00	1	   -1.00	1	5	  612.36	-6	5	NULL
real	GL	182	12	15	    3.00	1	   -1.00	1	6	 1283.41	-3	7	NULL
real	FR	183	12	-15	    1.00	1	   -1.00	1	4	  725.71	-3	5	NULL
real	AL	184	12	-15	    4.00	1	   -1.00	1	5	  601.17	-6	7	NULL
real	AR	185	12	-15	    0.00	0	    1.00	0	5	  480.93	-6	7	NULL
real	GR	186	12	15	    7.00	1	   -1.00	1	8	  489.26	-3	7	NULL
real	FL	187	12	-15	    4.00	1	   -1.00	1	7	  480.06	-3	5	NULL
real	HL	188	12	15	    5.00	0	    1.00	0	6	  580.41	-3	5	NULL
real	HR	189	12	15	    5.00	0	    1.00	0	5	  535.26	-3	5	NULL
real	BL	190	12	-15	    4.00	1	   -1.00	1	5	  583.96	-6	5	NULL
real	CR	191	12	15	    6.00	1	   -1.00	1	6	  609.63	-6	7	NULL
real	ER	192	12	-15	    1.00	0	    1.00	0	3	  299.26	-3	7	NULL
real	CR	193	13	15	    5.00	1	   -1.00	0	6	  792.91	-6	7	NULL
real	GR	194	13	15	    6.00	1	   -1.00	0	8	  491.66	-3	7	NULL
real	CL	195	13	15	    3.00	1	   -1.00	0	5	  653.70	-6	7	NULL
real	BL	196	13	-15	    3.00	1	   -1.00	0	5	  549.70	-6	5	NULL
real	AL	197	13	-15	    3.00	1	   -1.00	0	5	  536.19	-6	7	NULL
real	FR	198	13	-15	    0.00	1	   -1.00	0	4	  649.33	-3	5	NULL
real	DR	199	13	15	    3.00	0	    1.00	1	5	  654.82	-6	5	NULL
real	FL	200	13	-15	    3.00	1	   -1.00	0	7	  497.02	-3	5	NULL
real	BR	201	13	-15	    0.00	0	    1.00	1	5	  550.34	-6	5	NULL
real	ER	202	13	-15	    2.00	1	   -1.00	1	4	  500.24	-3	7	NULL
real	EL	203	13	-15	    3.00	1	   -1.00	0	5	  604.72	-3	7	NULL
real	DL	204	13	15	    4.00	1	   -1.00	0	5	  531.95	-6	5	NULL
real	HL	205	13	15	    6.00	1	   -1.00	1	7	  543.84	-3	5	NULL
real	GL	206	13	15	    2.00	1	   -1.00	0	6	  334.42	-3	7	NULL
real	HR	207	13	15	    6.00	0	    1.00	0	5	  465.51	-3	5	NULL
real	AR	208	13	-15	    1.00	1	   -1.00	1	6	  602.59	-6	7	NULL
real	HR	209	14	15	    7.00	1	   -1.00	1	6	  504.84	-3	5	NULL
real	FR	210	14	-15	   -1.00	0	    1.00	1	5	  579.44	-3	5	NULL
real	GL	211	14	15	    1.00	0	    1.00	1	7	  499.23	-3	7	NULL
real	FL	212	14	-15	    2.00	0	    1.00	1	8	  689.49	-3	5	NULL
real	HL	213	14	15	    5.00	1	   -1.00	0	7	  565.02	-3	5	NULL
real	BR	214	14	-15	    1.00	0	    1.00	0	5	  592.60	-6	5	NULL
real	ER	215	14	-15	    1.00	1	   -1.00	0	4	  497.99	-3	7	NULL
real	AR	216	14	-15	    0.00	0	    1.00	1	7	  504.38	-6	7	NULL
real	GR	217	14	15	    5.00	1	   -1.00	0	8	  662.80	-3	7	NULL
real	EL	218	14	-15	    2.00	1	   -1.00	0	5	  477.44	-3	7	NULL
real	CR	219	14	15	    4.00	1	   -1.00	0	6	  546.72	-6	7	NULL
real	DL	220	14	15	    3.00	1	   -1.00	0	5	  554.31	-6	5	NULL
real	DR	221	14	15	    4.00	1	   -1.00	1	6	  395.30	-6	5	NULL
real	CL	222	14	15	    2.00	0	    1.00	1	6	  575.78	-6	7	NULL
real	BL	223	14	-15	    2.00	1	   -1.00	0	5	  634.08	-6	5	NULL
real	AL	224	14	-15	    2.00	0	    1.00	1	6	  611.36	-6	7	NULL
real	HR	225	15	15	    6.00	1	   -1.00	0	6	  473.18	-3	5	NULL
real	AR	226	15	-15	    1.00	0	    1.00	0	7	  619.67	-6	7	NULL
real	BR	227	15	-15	    2.00	0	    1.00	0	5	  616.79	-6	5	NULL
real	FL	228	15	-15	    3.00	1	   -1.00	1	9	  705.37	-3	5	NULL
real	DR	229	15	15	    3.00	1	   -1.00	0	6	  617.61	-6	5	NULL
real	EL	230	15	-15	    1.00	0	    1.00	1	6	  753.38	-3	7	NULL
real	CR	231	15	15	    3.00	1	   -1.00	0	6	 1331.95	-6	7	NULL
real	AL	232	15	-15	    3.00	1	   -1.00	1	7	  475.59	-6	7	NULL
real	CL	233	15	15	    3.00	0	    1.00	0	6	  693.36	-6	7	NULL
real	HL	234	15	15	    4.00	1	   -1.00	0	7	  489.47	-3	5	NULL
real	GR	235	15	15	    4.00	0	    1.00	1	9	  447.45	-3	7	NULL
real	BL	236	15	-15	    1.00	0	    1.00	1	6	  434.79	-6	5	NULL
real	DL	237	15	15	    2.00	0	    1.00	1	6	  551.41	-6	5	NULL
real	FR	238	15	-15	    0.00	0	    1.00	0	5	  611.54	-3	5	NULL
real	GL	239	15	15	    2.00	0	    1.00	0	7	  290.51	-3	7	NULL
real	ER	240	15	-15	    0.00	0	    1.00	1	5	  711.20	-3	7	NULL
real	CL	241	16	15	    4.00	1	   -1.00	1	7	  485.59	-6	7	NULL
real	GL	242	16	15	    3.00	0	    1.00	0	7	  483.66	-3	7	NULL
real	HR	243	16	15	    5.00	1	   -1.00	0	6	  572.98	-3	5	NULL
real	BL	244	16	-15	    2.00	0	    1.00	0	6	  611.37	-6	5	NULL
real	AR	245	16	-15	    2.00	0	    1.00	0	7	  467.75	-6	7	NULL
real	DL	246	16	15	    3.00	0	    1.00	0	6	  660.42	-6	5	NULL
real	GR	247	16	15	    5.00	0	    1.00	0	9	  557.84	-3	7	NULL
real	HL	248	16	15	    3.00	0	    1.00	1	8	  517.47	-3	5	NULL
real	AL	249	16	-15	    2.00	1	   -1.00	0	7	  781.37	-6	7	NULL
real	ER	250	16	-15	    1.00	0	    1.00	0	5	  624.72	-3	7	NULL
real	BR	251	16	-15	    3.00	0	    1.00	0	5	  549.39	-6	5	NULL
real	FL	252	16	-15	    2.00	1	   -1.00	0	9	  662.74	-3	5	NULL
real	EL	253	16	-15	    2.00	1	   -1.00	1	7	  582.10	-3	7	NULL
real	DR	254	16	15	    2.00	0	    1.00	1	7	  581.54	-6	5	NULL
real	FR	255	16	-15	    1.00	1	   -1.00	1	6	  614.74	-3	5	NULL
real	CR	256	16	15	    2.00	1	   -1.00	0	6	  607.26	-6	7	NULL
real	HL	257	17	15	    4.00	0	    1.00	0	8	  548.33	-3	5	NULL
real	GL	258	17	15	    4.00	0	    1.00	0	7	  592.11	-3	7	NULL
real	ER	259	17	-15	    2.00	1	   -1.00	1	6	  624.87	-3	7	NULL
real	DL	260	17	15	    4.00	1	   -1.00	1	7	  718.83	-6	5	NULL
real	AR	261	17	-15	    3.00	0	    1.00	0	7	  443.84	-6	7	NULL
real	HR	262	17	15	    4.00	1	   -1.00	0	6	  676.12	-3	5	NULL
real	EL	263	17	-15	    1.00	1	   -1.00	0	7	  465.86	-3	7	NULL
real	BR	264	17	-15	    4.00	1	   -1.00	1	6	  557.88	-6	5	NULL
real	CR	265	17	15	    1.00	0	    1.00	1	7	  525.42	-6	7	NULL
real	BL	266	17	-15	    3.00	1	   -1.00	1	7	  680.43	-6	5	NULL
real	AL	267	17	-15	    1.00	0	    1.00	1	8	  495.22	-6	7	NULL
real	FR	268	17	-15	    0.00	0	    1.00	1	7	  465.60	-3	5	NULL
real	GR	269	17	15	    6.00	1	   -1.00	1	10	  442.51	-3	7	NULL
real	DR	270	17	15	    3.00	1	   -1.00	1	8	  337.47	-6	5	NULL
real	FL	271	17	-15	    1.00	1	   -1.00	0	9	  347.88	-3	5	NULL
real	CL	272	17	15	    3.00	0	    1.00	1	8	  474.64	-6	7	NULL
real	HL	273	18	15	    5.00	1	   -1.00	1	9	  441.21	-3	5	NULL
real	BL	274	18	-15	    2.00	0	    1.00	1	8	  541.50	-6	5	NULL
real	AL	275	18	-15	    2.00	0	    1.00	0	8	  638.50	-6	7	NULL
real	CR	276	18	15	    2.00	0	    1.00	0	7	  538.76	-6	7	NULL
real	FL	277	18	-15	    0.00	0	    1.00	1	10	  495.26	-3	5	NULL
real	FR	278	18	-15	    1.00	0	    1.00	0	7	  584.69	-3	5	NULL
real	EL	279	18	-15	    0.00	0	    1.00	1	8	  691.03	-3	7	NULL
real	GR	280	18	15	    5.00	1	   -1.00	0	10	  579.88	-3	7	NULL
real	AR	281	18	-15	    4.00	1	   -1.00	1	8	  429.40	-6	7	NULL
real	BR	282	18	-15	    3.00	1	   -1.00	0	6	  500.56	-6	5	NULL
real	DR	283	18	15	    2.00	0	    1.00	1	9	  552.50	-6	5	NULL
real	GL	284	18	15	    5.00	0	    1.00	0	7	  490.63	-3	7	NULL
real	CL	285	18	15	    4.00	0	    1.00	0	8	  710.05	-6	7	NULL
real	ER	286	18	-15	    1.00	1	   -1.00	0	6	  587.21	-3	7	NULL
real	HR	287	18	15	    3.00	0	    1.00	1	7	  643.48	-3	5	NULL
real	DL	288	18	15	    3.00	0	    1.00	1	8	  553.64	-6	5	NULL
real	DR	289	19	15	    3.00	0	    1.00	0	9	  590.56	-6	5	NULL
real	FL	290	19	-15	    1.00	0	    1.00	0	10	  437.76	-3	5	NULL
real	DL	291	19	15	    4.00	0	    1.00	0	8	  485.76	-6	5	NULL
real	ER	292	19	-15	    0.00	0	    1.00	1	7	  438.12	-3	7	NULL
real	HR	293	19	15	    4.00	1	   -1.00	1	8	 1024.24	-3	5	NULL
real	HL	294	19	15	    4.00	1	   -1.00	0	9	  537.68	-3	5	NULL
real	AR	295	19	-15	    3.00	1	   -1.00	0	8	  664.62	-6	7	NULL
real	BR	296	19	-15	    2.00	0	    1.00	1	7	  577.25	-6	5	NULL
real	FR	297	19	-15	    2.00	1	   -1.00	1	8	  592.98	-3	5	NULL
real	GL	298	19	15	    6.00	1	   -1.00	1	8	  641.49	-3	7	NULL
real	CL	299	19	15	    5.00	1	   -1.00	1	9	  504.22	-6	7	NULL
real	CR	300	19	15	    3.00	1	   -1.00	1	8	  761.81	-6	7	NULL
real	AL	301	19	-15	    3.00	0	    1.00	0	8	 1191.67	-6	7	NULL
real	BL	302	19	-15	    3.00	1	   -1.00	1	9	  827.35	-6	5	NULL
real	GR	303	19	15	    4.00	0	    1.00	1	11	  602.95	-3	7	NULL
real	EL	304	19	-15	    1.00	0	    1.00	0	8	  481.00	-3	7	NULL
real	HR	305	20	15	    3.00	0	    1.00	1	9	  484.79	-3	5	NULL
real	AL	306	20	-15	    4.00	1	   -1.00	1	9	  541.06	-6	7	NULL
real	BL	307	20	-15	    2.00	0	    1.00	1	10	  424.15	-6	5	NULL
real	AR	308	20	-15	    2.00	0	    1.00	1	9	  762.63	-6	7	NULL
real	HL	309	20	15	    3.00	0	    1.00	1	10	  417.30	-3	5	NULL
real	FL	310	20	-15	    2.00	0	    1.00	0	10	  601.45	-3	5	NULL
real	ER	311	20	-15	    1.00	0	    1.00	0	7	  522.71	-3	7	NULL
real	CL	312	20	15	    4.00	0	    1.00	1	10	  491.27	-6	7	NULL
real	DR	313	20	15	    4.00	0	    1.00	0	9	  498.76	-6	5	NULL
real	GL	314	20	15	    5.00	1	   -1.00	0	8	  522.45	-3	7	NULL
real	BR	315	20	-15	    3.00	1	   -1.00	1	8	  651.49	-6	5	NULL
real	FR	316	20	-15	    1.00	1	   -1.00	0	8	  536.19	-3	5	NULL
real	EL	317	20	-15	    2.00	0	    1.00	0	8	  444.23	-3	7	NULL
real	CR	318	20	15	    2.00	0	    1.00	1	9	  762.11	-6	7	NULL
real	DL	319	20	15	    5.00	1	   -1.00	1	9	  624.96	-6	5	NULL
real	GR	320	20	15	    5.00	0	    1.00	0	11	  692.75	-3	7	NULL
real	ER	321	21	-15	    2.00	0	    1.00	0	7	  556.02	-3	7	NULL
real	HL	322	21	15	    4.00	0	    1.00	0	10	  535.22	-3	5	NULL
real	AR	323	21	-15	    3.00	0	    1.00	0	9	  543.16	-6	7	NULL
real	FL	324	21	-15	    3.00	1	   -1.00	1	11	  560.10	-3	5	NULL
real	CR	325	21	15	    3.00	0	    1.00	0	9	  698.96	-6	7	NULL
real	BL	326	21	-15	    3.00	1	   -1.00	1	11	  482.44	-6	5	NULL
real	DL	327	21	15	    4.00	1	   -1.00	0	9	  605.04	-6	5	NULL
real	HR	328	21	15	    4.00	0	    1.00	0	9	  521.52	-3	5	NULL
real	CL	329	21	15	    5.00	0	    1.00	0	10	  560.05	-6	7	NULL
real	GL	330	21	15	    4.00	0	    1.00	1	9	  666.14	-3	7	NULL
real	EL	331	21	-15	    3.00	1	   -1.00	1	9	  659.73	-3	7	NULL
real	DR	332	21	15	    5.00	1	   -1.00	1	10	  611.75	-6	5	NULL
real	AL	333	21	-15	    3.00	0	    1.00	1	10	  709.64	-6	7	NULL
real	GR	334	21	15	    6.00	1	   -1.00	1	12	  471.83	-3	7	NULL
real	FR	335	21	-15	    0.00	1	   -1.00	0	8	  701.68	-3	5	NULL
real	BR	336	21	-15	    2.00	0	    1.00	1	9	  602.19	-6	5	NULL
real	HL	337	22	15	    5.00	0	    1.00	0	10	  713.72	-3	5	NULL
real	DL	338	22	15	    3.00	0	    1.00	1	10	  538.16	-6	5	NULL
real	FL	339	22	-15	    2.00	0	    1.00	1	12	  600.96	-3	5	NULL
real	HR	340	22	15	    5.00	0	    1.00	0	9	  519.28	-3	5	NULL
real	EL	341	22	-15	    2.00	0	    1.00	1	10	  623.95	-3	7	NULL
real	CL	342	22	15	    6.00	0	    1.00	0	10	  548.89	-6	7	NULL
real	DR	343	22	15	    4.00	0	    1.00	1	11	  542.52	-6	5	NULL
real	FR	344	22	-15	   -1.00	0	    1.00	1	9	  548.76	-3	5	NULL
real	ER	345	22	-15	    3.00	1	   -1.00	1	8	  636.07	-3	7	NULL
real	AL	346	22	-15	    4.00	1	   -1.00	1	11	  536.04	-6	7	NULL
real	AR	347	22	-15	    4.00	1	   -1.00	1	10	  598.52	-6	7	NULL
real	BR	348	22	-15	    3.00	1	   -1.00	1	10	  548.55	-6	5	NULL
real	CR	349	22	15	    4.00	0	    1.00	0	9	  892.73	-6	7	NULL
real	BL	350	22	-15	    2.00	1	   -1.00	0	11	  820.03	-6	5	NULL
real	GL	351	22	15	    5.00	1	   -1.00	1	10	  508.76	-3	7	NULL
real	DR	352	23	15	    5.00	1	   -1.00	1	12	  466.30	-6	5	NULL
real	CL	353	23	15	    7.00	1	   -1.00	1	11	  451.97	-6	7	NULL
real	FR	354	23	-15	    0.00	0	    1.00	0	9	  878.21	-3	5	NULL
real	HR	355	23	15	    6.00	1	   -1.00	1	10	  476.74	-3	5	NULL
real	AR	356	23	-15	    3.00	0	    1.00	1	11	  626.53	-6	7	NULL
real	DL	357	23	15	    4.00	0	    1.00	0	10	  644.11	-6	5	NULL
real	HL	358	23	15	    6.00	1	   -1.00	1	11	  525.66	-3	5	NULL
real	AL	359	23	-15	    3.00	0	    1.00	1	12	  466.28	-6	7	NULL
real	EL	360	23	-15	    3.00	1	   -1.00	1	11	  581.68	-3	7	NULL
real	BL	361	23	-15	    1.00	1	   -1.00	0	11	  716.17	-6	5	NULL
real	CR	362	23	15	    5.00	1	   -1.00	1	10	  620.87	-6	7	NULL
real	ER	363	23	-15	    2.00	1	   -1.00	0	8	  636.66	-3	7	NULL
real	BR	364	23	-15	    2.00	1	   -1.00	0	10	  538.88	-6	5	NULL
real	GL	365	23	15	    4.00	0	    1.00	1	11	  420.89	-3	7	NULL
real	CR	366	24	15	    4.00	1	   -1.00	0	10	  498.73	-6	7	NULL
real	HR	367	24	15	    5.00	1	   -1.00	0	10	  683.51	-3	5	NULL
real	FR	368	24	-15	    1.00	0	    1.00	0	9	  469.77	-3	5	NULL
real	DL	369	24	15	    5.00	1	   -1.00	1	11	  628.11	-6	5	NULL
real	HL	370	24	15	    5.00	1	   -1.00	0	11	  531.67	-3	5	NULL
real	CL	371	24	15	    6.00	1	   -1.00	0	11	  392.83	-6	7	NULL
real	ER	372	24	-15	    1.00	1	   -1.00	0	8	  568.81	-3	7	NULL
real	BL	373	24	-15	    0.00	0	    1.00	1	12	  596.86	-6	5	NULL
real	EL	374	24	-15	    2.00	1	   -1.00	0	11	  550.66	-3	7	NULL
real	GL	375	24	15	    5.00	1	   -1.00	1	12	  436.10	-3	7	NULL
real	BR	376	24	-15	    1.00	0	    1.00	1	11	  592.20	-6	5	NULL
real	AR	377	24	-15	    4.00	1	   -1.00	1	12	  775.87	-6	7	NULL
real	EL	378	25	-15	    1.00	0	    1.00	1	12	  652.39	-3	7	NULL
real	ER	379	25	-15	    0.00	0	    1.00	1	9	  589.70	-3	7	NULL
real	DL	380	25	15	    4.00	0	    1.00	1	12	  540.40	-6	5	NULL
real	HR	381	25	15	    4.00	0	    1.00	1	11	  581.84	-3	5	NULL
real	FR	382	25	-15	    2.00	0	    1.00	0	9	  644.63	-3	5	NULL
real	CL	383	25	15	    5.00	1	   -1.00	0	11	  753.17	-6	7	NULL
real	CR	384	25	15	    3.00	0	    1.00	1	11	  514.15	-6	7	NULL
real	BR	385	25	-15	    2.00	1	   -1.00	1	12	  559.60	-6	5	NULL
real	HL	386	25	15	    4.00	1	   -1.00	0	11	  736.20	-3	5	NULL
real	HR	387	26	15	    5.00	1	   -1.00	1	12	  553.58	-3	5	NULL
real	CL	388	26	15	    4.00	1	   -1.00	0	11	  525.26	-6	7	NULL
real	HL	389	26	15	    3.00	1	   -1.00	0	11	  564.14	-3	5	NULL
real	FR	390	26	-15	    3.00	1	   -1.00	1	10	  600.84	-3	5	NULL
real	ER	391	26	-15	    1.00	1	   -1.00	1	10	  544.46	-3	7	NULL
real	CR	392	26	15	    4.00	1	   -1.00	1	12	  582.12	-6	7	NULL
real	HL	393	27	15	    2.00	1	   -1.00	0	11	  613.04	-3	5	NULL
real	FR	394	27	-15	    2.00	0	    1.00	1	11	  576.63	-3	5	NULL
real	ER	395	27	-15	    0.00	0	    1.00	1	11	  659.86	-3	7	NULL
real	CL	396	27	15	    3.00	0	    1.00	1	12	  611.98	-6	7	NULL
real	ER	397	28	-15	    1.00	0	    1.00	0	11	  649.87	-3	7	NULL
real	HL	398	28	15	    1.00	0	    1.00	1	12	  512.07	-3	5	NULL
real	FR	399	28	-15	    3.00	1	   -1.00	1	12	  551.21	-3	5	NULL
real	ER	400	29	-15	    2.00	1	   -1.00	1	12	  507.71	-3	7	NULL
