TRIAL_TYPE	trial_variant	TRIAL_NUMBER	TRIAL_ITERATION_VAL	frame_tilt	rod_tilt	response	step_size	reversal	reversal_num	RT	probe_del	alpha_entrain_refreshes	rod_tilt_val
real	GR	1	1	15	   20.00	1	   -8.00	0	0	14183.24	-3	7	NULL
real	CL	2	1	15	  -20.00	0	    8.00	0	0	  931.63	-6	7	NULL
real	BR	3	1	-15	   20.00	1	   -8.00	0	0	  663.16	-6	5	NULL
real	AR	4	1	-15	   20.00	1	   -8.00	0	0	  673.85	-6	7	NULL
real	ER	5	1	-15	   20.00	1	   -8.00	0	0	  538.77	-3	7	NULL
real	DL	6	1	15	  -20.00	0	    8.00	0	0	  677.87	-6	5	NULL
real	EL	7	1	-15	  -20.00	0	    8.00	0	0	  624.23	-3	7	NULL
real	HL	8	1	15	  -20.00	0	    8.00	0	0	  549.20	-3	5	NULL
real	AL	9	1	-15	  -20.00	0	    8.00	0	0	  665.83	-6	7	NULL
real	HR	10	1	15	   20.00	1	   -8.00	0	0	  436.87	-3	5	NULL
real	FL	11	1	-15	  -20.00	0	    8.00	0	0	  443.66	-3	5	NULL
real	BL	12	1	-15	  -20.00	0	    8.00	0	0	  523.01	-6	5	NULL
real	FR	13	1	-15	   20.00	1	   -8.00	0	0	  506.57	-3	5	NULL
real	GL	14	1	15	  -20.00	0	    8.00	0	0	  452.78	-3	7	NULL
real	CR	15	1	15	   20.00	1	   -8.00	0	0	  530.42	-6	7	NULL
real	DR	16	1	15	   20.00	1	   -8.00	0	0	  507.96	-6	5	NULL
real	FR	17	2	-15	   12.00	1	   -8.00	0	0	  483.68	-3	5	NULL
real	GR	18	2	15	   12.00	1	   -8.00	0	0	  722.76	-3	7	NULL
real	DR	19	2	15	   12.00	1	   -8.00	0	0	  542.36	-6	5	NULL
real	CL	20	2	15	  -12.00	0	    8.00	0	0	  665.75	-6	7	NULL
real	GL	21	2	15	  -12.00	0	    8.00	0	0	  724.50	-3	7	NULL
real	ER	22	2	-15	   12.00	1	   -8.00	0	0	  483.03	-3	7	NULL
real	DL	23	2	15	  -12.00	0	    8.00	0	0	  602.08	-6	5	NULL
real	CR	24	2	15	   12.00	1	   -8.00	0	0	  605.22	-6	7	NULL
real	AL	25	2	-15	  -12.00	0	    8.00	0	0	  743.37	-6	7	NULL
real	HR	26	2	15	   12.00	1	   -8.00	0	0	  493.97	-3	5	NULL
real	BR	27	2	-15	   12.00	1	   -8.00	0	0	  544.71	-6	5	NULL
real	HL	28	2	15	  -12.00	0	    8.00	0	0	  605.71	-3	5	NULL
real	EL	29	2	-15	  -12.00	0	    8.00	0	0	  706.04	-3	7	NULL
real	AR	30	2	-15	   12.00	1	   -8.00	0	0	  574.67	-6	7	NULL
real	BL	31	2	-15	  -12.00	0	    8.00	0	0	  746.86	-6	5	NULL
real	FL	32	2	-15	  -12.00	0	    8.00	0	0	  520.79	-3	5	NULL
real	CL	33	3	15	   -4.00	0	    8.00	0	0	  667.22	-6	7	NULL
real	FL	34	3	-15	   -4.00	1	   -4.00	1	1	  841.69	-3	5	NULL
real	HL	35	3	15	   -4.00	0	    8.00	0	0	  759.34	-3	5	NULL
real	CR	36	3	15	    4.00	1	   -8.00	0	0	  709.33	-6	7	NULL
real	BR	37	3	-15	    4.00	1	   -8.00	0	0	  643.24	-6	5	NULL
real	BL	38	3	-15	   -4.00	1	   -4.00	1	1	 2568.82	-6	5	NULL
real	FR	39	3	-15	    4.00	1	   -8.00	0	0	  677.42	-3	5	NULL
real	ER	40	3	-15	    4.00	1	   -8.00	0	0	  856.80	-3	7	NULL
real	GR	41	3	15	    4.00	1	   -8.00	0	0	  931.06	-3	7	NULL
real	AR	42	3	-15	    4.00	1	   -8.00	0	0	  651.88	-6	7	NULL
real	EL	43	3	-15	   -4.00	1	   -4.00	1	1	  908.21	-3	7	NULL
real	HR	44	3	15	    4.00	1	   -8.00	0	0	 1043.49	-3	5	NULL
real	DR	45	3	15	    4.00	1	   -8.00	0	0	 3595.18	-6	5	NULL
real	AL	46	3	-15	   -4.00	0	    8.00	0	0	 1780.89	-6	7	NULL
real	GL	47	3	15	   -4.00	0	    8.00	0	0	  961.15	-3	7	NULL
real	DL	48	3	15	   -4.00	0	    8.00	0	0	 2060.52	-6	5	NULL
real	ER	49	4	-15	   -4.00	1	   -8.00	0	0	 2109.08	-3	7	NULL
real	CR	50	4	15	   -4.00	0	    4.00	1	1	  886.77	-6	7	NULL
real	GR	51	4	15	   -4.00	0	    4.00	1	1	 1333.24	-3	7	NULL
real	CL	52	4	15	    4.00	1	   -4.00	1	1	  962.46	-6	7	NULL
real	HL	53	4	15	    4.00	1	   -4.00	1	1	  888.71	-3	5	NULL
real	GL	54	4	15	    4.00	1	   -4.00	1	1	  934.47	-3	7	NULL
real	FR	55	4	-15	   -4.00	1	   -8.00	0	0	 2557.83	-3	5	NULL
real	EL	56	4	-15	   -8.00	0	    2.00	1	2	  911.61	-3	7	NULL
real	AL	57	4	-15	    4.00	1	   -4.00	1	1	  760.43	-6	7	NULL
real	DR	58	4	15	   -4.00	0	    4.00	1	1	 1615.44	-6	5	NULL
real	DL	59	4	15	    4.00	1	   -4.00	1	1	  848.66	-6	5	NULL
real	FL	60	4	-15	   -8.00	0	    2.00	1	2	  754.52	-3	5	NULL
real	HR	61	4	15	   -4.00	0	    4.00	1	1	  820.38	-3	5	NULL
real	AR	62	4	-15	   -4.00	0	    4.00	1	1	 2554.22	-6	7	NULL
real	BL	63	4	-15	   -8.00	0	    2.00	1	2	 1539.91	-6	5	NULL
real	BR	64	4	-15	   -4.00	0	    4.00	1	1	 1810.91	-6	5	NULL
real	BR	65	5	-15	    0.00	1	   -2.00	1	2	  985.73	-6	5	NULL
real	ER	66	5	-15	  -12.00	0	    4.00	1	1	  954.00	-3	7	NULL
real	FL	67	5	-15	   -6.00	0	    2.00	0	2	 1818.43	-3	5	NULL
real	CL	68	5	15	    0.00	0	    2.00	1	2	 2187.91	-6	7	NULL
real	GL	69	5	15	    0.00	1	   -4.00	0	1	 1025.51	-3	7	NULL
real	AR	70	5	-15	    0.00	1	   -2.00	1	2	  764.63	-6	7	NULL
real	CR	71	5	15	    0.00	0	    4.00	0	1	 1728.18	-6	7	NULL
real	DL	72	5	15	    0.00	0	    2.00	1	2	 1689.54	-6	5	NULL
real	EL	73	5	-15	   -6.00	0	    2.00	0	2	  910.71	-3	7	NULL
real	HL	74	5	15	    0.00	1	   -4.00	0	1	 1099.03	-3	5	NULL
real	BL	75	5	-15	   -6.00	0	    2.00	0	2	 1893.40	-6	5	NULL
real	GR	76	5	15	    0.00	0	    4.00	0	1	 2376.71	-3	7	NULL
real	HR	77	5	15	    0.00	0	    4.00	0	1	 1510.93	-3	5	NULL
real	FR	78	5	-15	  -12.00	0	    4.00	1	1	  859.28	-3	5	NULL
real	AL	79	5	-15	    0.00	1	   -4.00	0	1	  817.53	-6	7	NULL
real	DR	80	5	15	    0.00	1	   -2.00	1	2	  902.95	-6	5	NULL
real	CL	81	6	15	    2.00	1	   -1.00	1	3	  750.13	-6	7	NULL
real	BR	82	6	-15	   -2.00	1	   -2.00	0	2	  838.78	-6	5	NULL
real	FR	83	6	-15	   -8.00	0	    4.00	0	1	  713.74	-3	5	NULL
real	HR	84	6	15	    4.00	1	   -2.00	1	2	  834.03	-3	5	NULL
real	AR	85	6	-15	   -2.00	1	   -2.00	0	2	 1213.29	-6	7	NULL
real	AL	86	6	-15	   -4.00	0	    2.00	1	2	 1047.95	-6	7	NULL
real	DR	87	6	15	   -2.00	0	    1.00	1	3	 1526.71	-6	5	NULL
real	ER	88	6	-15	   -8.00	0	    4.00	0	1	  663.42	-3	7	NULL
real	DL	89	6	15	    2.00	1	   -1.00	1	3	  892.07	-6	5	NULL
real	HL	90	6	15	   -4.00	0	    2.00	1	2	  623.58	-3	5	NULL
real	FL	91	6	-15	   -4.00	1	   -1.00	1	3	  918.93	-3	5	NULL
real	GR	92	6	15	    4.00	1	   -2.00	1	2	  683.67	-3	7	NULL
real	EL	93	6	-15	   -4.00	0	    2.00	0	2	 1704.35	-3	7	NULL
real	GL	94	6	15	   -4.00	0	    2.00	1	2	  764.12	-3	7	NULL
real	CR	95	6	15	    4.00	1	   -2.00	1	2	  703.82	-6	7	NULL
real	BL	96	6	-15	   -4.00	0	    2.00	0	2	  848.45	-6	5	NULL
real	BR	97	7	-15	   -4.00	0	    1.00	1	3	  653.91	-6	5	NULL
real	DL	98	7	15	    1.00	0	    1.00	1	4	  884.56	-6	5	NULL
real	FL	99	7	-15	   -5.00	0	    1.00	1	4	  856.03	-3	5	NULL
real	FR	100	7	-15	   -4.00	0	    4.00	0	1	 1071.94	-3	5	NULL
real	GR	101	7	15	    2.00	1	   -2.00	0	2	  771.13	-3	7	NULL
real	HL	102	7	15	   -2.00	0	    2.00	0	2	  805.96	-3	5	NULL
real	AR	103	7	-15	   -4.00	0	    1.00	1	3	  815.74	-6	7	NULL
real	CL	104	7	15	    1.00	1	   -1.00	0	3	  916.25	-6	7	NULL
real	CR	105	7	15	    2.00	1	   -2.00	0	2	  824.49	-6	7	NULL
real	EL	106	7	-15	   -2.00	1	   -1.00	1	3	  835.63	-3	7	NULL
real	ER	107	7	-15	   -4.00	1	   -2.00	1	2	 1244.73	-3	7	NULL
real	HR	108	7	15	    2.00	1	   -2.00	0	2	  890.98	-3	5	NULL
real	AL	109	7	-15	   -2.00	1	   -1.00	1	3	  851.71	-6	7	NULL
real	BL	110	7	-15	   -2.00	1	   -1.00	1	3	  643.33	-6	5	NULL
real	GL	111	7	15	   -2.00	0	    2.00	0	2	  986.16	-3	7	NULL
real	DR	112	7	15	   -1.00	0	    1.00	0	3	 1094.83	-6	5	NULL
real	FR	113	8	-15	    0.00	1	   -2.00	1	2	  667.03	-3	5	NULL
real	HL	114	8	15	    0.00	0	    2.00	0	2	 1374.79	-3	5	NULL
real	DL	115	8	15	    2.00	1	   -1.00	1	5	  693.58	-6	5	NULL
real	CL	116	8	15	    0.00	1	   -1.00	0	3	  885.31	-6	7	NULL
real	ER	117	8	-15	   -6.00	0	    1.00	1	3	  869.47	-3	7	NULL
real	GR	118	8	15	    0.00	1	   -2.00	0	2	  921.63	-3	7	NULL
real	FL	119	8	-15	   -4.00	1	   -1.00	1	5	  829.77	-3	5	NULL
real	BR	120	8	-15	   -3.00	1	   -1.00	1	4	  807.87	-6	5	NULL
real	BL	121	8	-15	   -3.00	1	   -1.00	0	3	  790.72	-6	5	NULL
real	AL	122	8	-15	   -3.00	1	   -1.00	0	3	  819.79	-6	7	NULL
real	GL	123	8	15	    0.00	1	   -1.00	1	3	  746.93	-3	7	NULL
real	EL	124	8	-15	   -3.00	1	   -1.00	0	3	 1367.14	-3	7	NULL
real	AR	125	8	-15	   -3.00	1	   -1.00	1	4	  852.80	-6	7	NULL
real	CR	126	8	15	    0.00	1	   -2.00	0	2	  899.82	-6	7	NULL
real	DR	127	8	15	    0.00	1	   -1.00	1	4	  642.97	-6	5	NULL
real	HR	128	8	15	    0.00	0	    1.00	1	3	 1175.56	-3	5	NULL
real	EL	129	9	-15	   -4.00	0	    1.00	1	4	  880.97	-3	7	NULL
real	AL	130	9	-15	   -4.00	0	    1.00	1	4	  900.89	-6	7	NULL
real	FR	131	9	-15	   -2.00	1	   -2.00	0	2	  684.13	-3	5	NULL
real	CL	132	9	15	   -1.00	0	    1.00	1	4	  920.48	-6	7	NULL
real	GR	133	9	15	   -2.00	0	    1.00	1	3	  845.51	-3	7	NULL
real	ER	134	9	-15	   -5.00	0	    1.00	0	3	  757.23	-3	7	NULL
real	GL	135	9	15	   -1.00	0	    1.00	1	4	  886.73	-3	7	NULL
real	HL	136	9	15	    2.00	1	   -1.00	1	3	  673.72	-3	5	NULL
real	CR	137	9	15	   -2.00	0	    1.00	1	3	 1078.05	-6	7	NULL
real	HR	138	9	15	    1.00	0	    1.00	0	3	  836.34	-3	5	NULL
real	BR	139	9	-15	   -4.00	0	    1.00	1	5	  841.28	-6	5	NULL
real	DR	140	9	15	   -1.00	0	    1.00	1	5	 1118.14	-6	5	NULL
real	DL	141	9	15	    1.00	1	   -1.00	0	5	  638.90	-6	5	NULL
real	FL	142	9	-15	   -5.00	0	    1.00	1	6	  707.14	-3	5	NULL
real	AR	143	9	-15	   -4.00	0	    1.00	1	5	  627.14	-6	7	NULL
real	BL	144	9	-15	   -4.00	0	    1.00	1	4	  891.41	-6	5	NULL
real	FR	145	10	-15	   -4.00	0	    1.00	1	3	  945.45	-3	5	NULL
real	HR	146	10	15	    2.00	1	   -1.00	1	4	  728.96	-3	5	NULL
real	CR	147	10	15	   -1.00	0	    1.00	0	3	 1698.14	-6	7	NULL
real	BL	148	10	-15	   -3.00	1	   -1.00	1	5	 1083.10	-6	5	NULL
real	FL	149	10	-15	   -4.00	1	   -1.00	1	7	  938.73	-3	5	NULL
real	CL	150	10	15	    0.00	1	   -1.00	1	5	 1068.70	-6	7	NULL
real	AL	151	10	-15	   -3.00	1	   -1.00	1	5	 1398.91	-6	7	NULL
real	DR	152	10	15	    0.00	1	   -1.00	1	6	  802.63	-6	5	NULL
real	GR	153	10	15	   -1.00	1	   -1.00	1	4	  652.81	-3	7	NULL
real	EL	154	10	-15	   -3.00	1	   -1.00	1	5	  918.41	-3	7	NULL
real	BR	155	10	-15	   -3.00	0	    1.00	0	5	 1425.00	-6	5	NULL
real	GL	156	10	15	    0.00	0	    1.00	0	4	 1534.79	-3	7	NULL
real	HL	157	10	15	    1.00	1	   -1.00	0	3	  858.27	-3	5	NULL
real	ER	158	10	-15	   -4.00	0	    1.00	0	3	 2110.75	-3	7	NULL
real	DL	159	10	15	    0.00	1	   -1.00	0	5	 1164.33	-6	5	NULL
real	AR	160	10	-15	   -3.00	1	   -1.00	1	6	 4365.11	-6	7	NULL
real	FL	161	11	-15	   -5.00	0	    1.00	1	8	  780.51	-3	5	NULL
real	AR	162	11	-15	   -4.00	0	    1.00	1	7	  779.12	-6	7	NULL
real	CR	163	11	15	    0.00	1	   -1.00	1	4	  865.02	-6	7	NULL
real	GL	164	11	15	    1.00	1	   -1.00	1	5	 1027.63	-3	7	NULL
real	DR	165	11	15	   -1.00	0	    1.00	1	7	  987.66	-6	5	NULL
real	FR	166	11	-15	   -3.00	1	   -1.00	1	4	  661.88	-3	5	NULL
real	CL	167	11	15	   -1.00	0	    1.00	1	6	  894.04	-6	7	NULL
real	GR	168	11	15	   -2.00	0	    1.00	1	5	  670.31	-3	7	NULL
real	ER	169	11	-15	   -3.00	1	   -1.00	1	4	  912.00	-3	7	NULL
real	EL	170	11	-15	   -4.00	0	    1.00	1	6	 1836.82	-3	7	NULL
real	DL	171	11	15	   -1.00	0	    1.00	1	6	 1194.28	-6	5	NULL
real	HL	172	11	15	    0.00	1	   -1.00	0	3	  894.96	-3	5	NULL
real	BL	173	11	-15	   -4.00	0	    1.00	1	6	  839.31	-6	5	NULL
real	HR	174	11	15	    1.00	1	   -1.00	0	4	  760.80	-3	5	NULL
real	BR	175	11	-15	   -2.00	1	   -1.00	1	6	  726.21	-6	5	NULL
real	AL	176	11	-15	   -4.00	0	    1.00	1	6	  834.30	-6	7	NULL
real	BR	177	12	-15	   -3.00	0	    1.00	1	7	  846.37	-6	5	NULL
real	AR	178	12	-15	   -3.00	1	   -1.00	1	8	  975.44	-6	7	NULL
real	FR	179	12	-15	   -4.00	0	    1.00	1	5	  918.03	-3	5	NULL
real	DR	180	12	15	    0.00	1	   -1.00	1	8	  904.59	-6	5	NULL
real	FL	181	12	-15	   -4.00	0	    1.00	0	8	  720.08	-3	5	NULL
real	GR	182	12	15	   -1.00	0	    1.00	0	5	 1155.67	-3	7	NULL
real	CR	183	12	15	   -1.00	1	   -1.00	0	4	 1630.33	-6	7	NULL
real	AL	184	12	-15	   -3.00	0	    1.00	0	6	  763.30	-6	7	NULL
real	BL	185	12	-15	   -3.00	1	   -1.00	1	7	  852.19	-6	5	NULL
real	EL	186	12	-15	   -3.00	0	    1.00	0	6	 1066.15	-3	7	NULL
real	ER	187	12	-15	   -4.00	1	   -1.00	0	4	  972.81	-3	7	NULL
real	GL	188	12	15	    0.00	1	   -1.00	0	5	 1029.65	-3	7	NULL
real	HR	189	12	15	    0.00	1	   -1.00	0	4	  780.95	-3	5	NULL
real	HL	190	12	15	   -1.00	0	    1.00	1	4	  608.77	-3	5	NULL
real	DL	191	12	15	    0.00	1	   -1.00	1	7	  619.61	-6	5	NULL
real	CL	192	12	15	    0.00	0	    1.00	0	6	 1115.81	-6	7	NULL
real	ER	193	13	-15	   -5.00	0	    1.00	1	5	  876.92	-3	7	NULL
real	BL	194	13	-15	   -4.00	0	    1.00	1	8	  591.36	-6	5	NULL
real	HR	195	13	15	   -1.00	1	   -1.00	0	4	 1106.67	-3	5	NULL
real	DR	196	13	15	   -1.00	1	   -1.00	0	8	  968.62	-6	5	NULL
real	DL	197	13	15	   -1.00	0	    1.00	1	8	 1130.29	-6	5	NULL
real	EL	198	13	-15	   -2.00	1	   -1.00	1	7	  951.33	-3	7	NULL
real	CL	199	13	15	    1.00	1	   -1.00	1	7	  875.72	-6	7	NULL
real	HL	200	13	15	    0.00	1	   -1.00	1	5	 1014.41	-3	5	NULL
real	GL	201	13	15	   -1.00	0	    1.00	1	6	  783.57	-3	7	NULL
real	BR	202	13	-15	   -2.00	1	   -1.00	1	8	  796.69	-6	5	NULL
real	FR	203	13	-15	   -3.00	1	   -1.00	1	6	  762.00	-3	5	NULL
real	AR	204	13	-15	   -4.00	0	    1.00	1	9	  708.21	-6	7	NULL
real	AL	205	13	-15	   -2.00	1	   -1.00	1	7	 1114.39	-6	7	NULL
real	FL	206	13	-15	   -3.00	1	   -1.00	1	9	  839.23	-3	5	NULL
real	GR	207	13	15	    0.00	0	    1.00	0	5	  769.46	-3	7	NULL
real	CR	208	13	15	   -2.00	0	    1.00	1	5	  664.39	-6	7	NULL
real	GL	209	14	15	    0.00	0	    1.00	0	6	 2171.73	-3	7	NULL
real	CR	210	14	15	   -1.00	0	    1.00	0	5	  919.65	-6	7	NULL
real	BR	211	14	-15	   -3.00	0	    1.00	1	9	  840.13	-6	5	NULL
real	EL	212	14	-15	   -3.00	1	   -1.00	0	7	  705.18	-3	7	NULL
real	DR	213	14	15	   -2.00	0	    1.00	1	9	  656.15	-6	5	NULL
real	GR	214	14	15	    1.00	1	   -1.00	1	6	  489.71	-3	7	NULL
real	HR	215	14	15	   -2.00	0	    1.00	1	5	  736.17	-3	5	NULL
real	CL	216	14	15	    0.00	1	   -1.00	0	7	  675.18	-6	7	NULL
real	DL	217	14	15	    0.00	1	   -1.00	1	9	  547.82	-6	5	NULL
real	ER	218	14	-15	   -4.00	0	    1.00	0	5	 1334.52	-3	7	NULL
real	FR	219	14	-15	   -4.00	1	   -1.00	0	6	  795.55	-3	5	NULL
real	HL	220	14	15	   -1.00	0	    1.00	1	6	  670.38	-3	5	NULL
real	AL	221	14	-15	   -3.00	0	    1.00	1	8	  552.77	-6	7	NULL
real	FL	222	14	-15	   -4.00	0	    1.00	1	10	  489.27	-3	5	NULL
real	BL	223	14	-15	   -3.00	1	   -1.00	1	9	  781.90	-6	5	NULL
real	AR	224	14	-15	   -3.00	1	   -1.00	1	10	  864.33	-6	7	NULL
real	FL	225	15	-15	   -3.00	1	   -1.00	1	11	  707.69	-3	5	NULL
real	BR	226	15	-15	   -2.00	1	   -1.00	1	10	  624.06	-6	5	NULL
real	HR	227	15	15	   -1.00	0	    1.00	0	5	  740.13	-3	5	NULL
real	GL	228	15	15	    1.00	1	   -1.00	1	7	  650.13	-3	7	NULL
real	EL	229	15	-15	   -4.00	0	    1.00	1	8	  660.97	-3	7	NULL
real	DR	230	15	15	   -1.00	1	   -1.00	1	10	  603.36	-6	5	NULL
real	GR	231	15	15	    0.00	1	   -1.00	0	6	  691.86	-3	7	NULL
real	FR	232	15	-15	   -5.00	0	    1.00	1	7	  684.52	-3	5	NULL
real	ER	233	15	-15	   -3.00	1	   -1.00	1	6	  757.94	-3	7	NULL
real	BL	234	15	-15	   -4.00	0	    1.00	1	10	  625.72	-6	5	NULL
real	DL	235	15	15	   -1.00	0	    1.00	1	10	  716.12	-6	5	NULL
real	CR	236	15	15	    0.00	1	   -1.00	1	6	  630.71	-6	7	NULL
real	AR	237	15	-15	   -4.00	0	    1.00	1	11	  629.14	-6	7	NULL
real	HL	238	15	15	    0.00	1	   -1.00	1	7	  629.97	-3	5	NULL
real	CL	239	15	15	   -1.00	1	   -1.00	0	7	  852.20	-6	7	NULL
real	AL	240	15	-15	   -2.00	1	   -1.00	1	9	  911.35	-6	7	NULL
real	BL	241	16	-15	   -3.00	0	    1.00	0	10	  804.53	-6	5	NULL
real	DR	242	16	15	   -2.00	0	    1.00	1	11	  682.07	-6	5	NULL
real	AL	243	16	-15	   -3.00	1	   -1.00	0	9	 1836.84	-6	7	NULL
real	AR	244	16	-15	   -3.00	1	   -1.00	1	12	  818.92	-6	7	NULL
real	DL	245	16	15	    0.00	1	   -1.00	1	11	  837.69	-6	5	NULL
real	FR	246	16	-15	   -4.00	1	   -1.00	1	8	  694.40	-3	5	NULL
real	CR	247	16	15	   -1.00	1	   -1.00	0	6	  589.30	-6	7	NULL
real	FL	248	16	-15	   -4.00	1	   -1.00	0	11	  649.32	-3	5	NULL
real	ER	249	16	-15	   -4.00	0	    1.00	1	7	 1099.08	-3	7	NULL
real	GR	250	16	15	   -1.00	0	    1.00	1	7	  912.79	-3	7	NULL
real	HR	251	16	15	    0.00	1	   -1.00	1	6	  699.09	-3	5	NULL
real	CL	252	16	15	   -2.00	0	    1.00	1	8	  625.91	-6	7	NULL
real	HL	253	16	15	   -1.00	1	   -1.00	0	7	  559.66	-3	5	NULL
real	BR	254	16	-15	   -3.00	1	   -1.00	0	10	  761.11	-6	5	NULL
real	EL	255	16	-15	   -3.00	1	   -1.00	1	9	  808.55	-3	7	NULL
real	GL	256	16	15	    0.00	1	   -1.00	0	7	  516.48	-3	7	NULL
real	HL	257	17	15	   -2.00	1	   -1.00	0	7	  724.03	-3	5	NULL
real	DR	258	17	15	   -1.00	1	   -1.00	1	12	  772.17	-6	5	NULL
real	BR	259	17	-15	   -4.00	0	    1.00	1	11	 1245.16	-6	5	NULL
real	EL	260	17	-15	   -4.00	1	   -1.00	0	9	  642.11	-3	7	NULL
real	AL	261	17	-15	   -4.00	0	    1.00	1	10	  853.18	-6	7	NULL
real	ER	262	17	-15	   -3.00	1	   -1.00	1	8	  703.21	-3	7	NULL
real	BL	263	17	-15	   -2.00	1	   -1.00	1	11	  639.41	-6	5	NULL
real	DL	264	17	15	   -1.00	0	    1.00	1	12	  824.41	-6	5	NULL
real	GR	265	17	15	    0.00	1	   -1.00	1	8	  707.08	-3	7	NULL
real	FR	266	17	-15	   -5.00	0	    1.00	1	9	  741.00	-3	5	NULL
real	CL	267	17	15	   -1.00	1	   -1.00	1	9	  634.00	-6	7	NULL
real	FL	268	17	-15	   -5.00	1	   -1.00	0	11	  688.22	-3	5	NULL
real	HR	269	17	15	   -1.00	0	    1.00	1	7	 1009.26	-3	5	NULL
real	GL	270	17	15	   -1.00	1	   -1.00	0	7	  688.65	-3	7	NULL
real	CR	271	17	15	   -2.00	0	    1.00	1	7	  738.20	-6	7	NULL
real	BR	272	18	-15	   -3.00	1	   -1.00	1	12	  862.40	-6	5	NULL
real	GR	273	18	15	   -1.00	0	    1.00	1	9	  782.67	-3	7	NULL
real	HR	274	18	15	    0.00	1	   -1.00	1	8	  872.43	-3	5	NULL
real	GL	275	18	15	   -2.00	0	    1.00	1	8	  651.48	-3	7	NULL
real	AL	276	18	-15	   -3.00	1	   -1.00	1	11	  579.70	-6	7	NULL
real	HL	277	18	15	   -3.00	0	    1.00	1	8	  579.42	-3	5	NULL
real	BL	278	18	-15	   -3.00	1	   -1.00	0	11	  565.79	-6	5	NULL
real	FR	279	18	-15	   -4.00	0	    1.00	0	9	  553.51	-3	5	NULL
real	EL	280	18	-15	   -5.00	0	    1.00	1	10	 1040.64	-3	7	NULL
real	ER	281	18	-15	   -4.00	1	   -1.00	0	8	  691.97	-3	7	NULL
real	CR	282	18	15	   -1.00	1	   -1.00	1	8	  820.95	-6	7	NULL
real	CL	283	18	15	   -2.00	1	   -1.00	0	9	 1992.70	-6	7	NULL
real	FL	284	18	-15	   -6.00	0	    1.00	1	12	  608.62	-3	5	NULL
real	FR	285	19	-15	   -3.00	1	   -1.00	1	10	  661.95	-3	5	NULL
real	AL	286	19	-15	   -4.00	0	    1.00	1	12	  823.32	-6	7	NULL
real	CR	287	19	15	   -2.00	0	    1.00	1	9	  671.59	-6	7	NULL
real	CL	288	19	15	   -3.00	0	    1.00	1	10	  742.29	-6	7	NULL
real	HR	289	19	15	   -1.00	0	    1.00	1	9	  713.79	-3	5	NULL
real	ER	290	19	-15	   -5.00	1	   -1.00	0	8	 1849.08	-3	7	NULL
real	EL	291	19	-15	   -4.00	0	    1.00	0	10	 1483.07	-3	7	NULL
real	BL	292	19	-15	   -4.00	0	    1.00	1	12	  963.91	-6	5	NULL
real	HL	293	19	15	   -2.00	1	   -1.00	1	9	  793.74	-3	5	NULL
real	GR	294	19	15	    0.00	0	    1.00	0	9	  733.94	-3	7	NULL
real	GL	295	19	15	   -1.00	1	   -1.00	1	9	  802.95	-3	7	NULL
real	FR	296	20	-15	   -4.00	0	    1.00	1	11	  853.39	-3	5	NULL
real	CR	297	20	15	   -1.00	1	   -1.00	1	10	  593.65	-6	7	NULL
real	HR	298	20	15	    0.00	1	   -1.00	1	10	  800.28	-3	5	NULL
real	GL	299	20	15	   -2.00	0	    1.00	1	10	  719.29	-3	7	NULL
real	ER	300	20	-15	   -6.00	0	    1.00	1	9	  683.70	-3	7	NULL
real	CL	301	20	15	   -2.00	0	    1.00	0	10	  802.22	-6	7	NULL
real	HL	302	20	15	   -3.00	0	    1.00	1	10	  427.11	-3	5	NULL
real	GR	303	20	15	    1.00	1	   -1.00	1	10	  510.24	-3	7	NULL
real	EL	304	20	-15	   -3.00	1	   -1.00	1	11	  569.51	-3	7	NULL
real	FR	305	21	-15	   -3.00	0	    1.00	0	11	  616.05	-3	5	NULL
real	HR	306	21	15	   -1.00	0	    1.00	1	11	  612.76	-3	5	NULL
real	HL	307	21	15	   -2.00	0	    1.00	0	10	  690.71	-3	5	NULL
real	GL	308	21	15	   -1.00	1	   -1.00	1	11	  586.33	-3	7	NULL
real	ER	309	21	-15	   -5.00	0	    1.00	0	9	  592.70	-3	7	NULL
real	EL	310	21	-15	   -4.00	1	   -1.00	0	11	  728.35	-3	7	NULL
real	CL	311	21	15	   -1.00	1	   -1.00	1	11	  669.64	-6	7	NULL
real	CR	312	21	15	   -2.00	0	    1.00	1	11	  813.35	-6	7	NULL
real	GR	313	21	15	    0.00	1	   -1.00	0	10	  559.35	-3	7	NULL
real	CR	314	22	15	   -1.00	1	   -1.00	1	12	  741.01	-6	7	NULL
real	GR	315	22	15	   -1.00	1	   -1.00	0	10	  904.69	-3	7	NULL
real	CL	316	22	15	   -2.00	0	    1.00	1	12	  822.54	-6	7	NULL
real	HL	317	22	15	   -1.00	1	   -1.00	1	11	  616.95	-3	5	NULL
real	EL	318	22	-15	   -5.00	0	    1.00	1	12	  544.11	-3	7	NULL
real	HR	319	22	15	    0.00	1	   -1.00	1	12	  573.23	-3	5	NULL
real	ER	320	22	-15	   -4.00	0	    1.00	0	9	  527.27	-3	7	NULL
real	FR	321	22	-15	   -2.00	1	   -1.00	1	12	  623.71	-3	5	NULL
real	GL	322	22	15	   -2.00	0	    1.00	1	12	  960.96	-3	7	NULL
real	HL	323	23	15	   -2.00	0	    1.00	1	12	  783.49	-3	5	NULL
real	ER	324	23	-15	   -3.00	1	   -1.00	1	10	  737.00	-3	7	NULL
real	GR	325	23	15	   -2.00	0	    1.00	1	11	  638.92	-3	7	NULL
real	ER	326	24	-15	   -4.00	1	   -1.00	0	10	  911.37	-3	7	NULL
real	GR	327	24	15	   -1.00	1	   -1.00	1	12	  802.23	-3	7	NULL
real	ER	328	25	-15	   -5.00	0	    1.00	1	11	  623.94	-3	7	NULL
real	ER	329	26	-15	   -4.00	0	    1.00	0	11	  614.27	-3	7	NULL
real	ER	330	27	-15	   -3.00	1	   -1.00	1	12	  574.05	-3	7	NULL
