TRIAL_TYPE	trial_variant	TRIAL_NUMBER	TRIAL_ITERATION_VAL	frame_tilt	rod_tilt	response	step_size	reversal	reversal_num	RT	probe_del	alpha_entrain_refreshes	rod_tilt_val
real	DL	1	1	15	  -20.00	0	    8.00	0	0	 1479.67	-6	5	NULL
real	AR	2	1	-15	   20.00	1	   -8.00	0	0	  966.22	-6	7	NULL
real	BR	3	1	-15	   20.00	1	   -8.00	0	0	  772.99	-6	5	NULL
real	HL	4	1	15	  -20.00	0	    8.00	0	0	  761.79	-3	5	NULL
real	GL	5	1	15	  -20.00	0	    8.00	0	0	  559.33	-3	7	NULL
real	GR	6	1	15	   20.00	1	   -8.00	0	0	  626.68	-3	7	NULL
real	FR	7	1	-15	   20.00	1	   -8.00	0	0	  526.77	-3	5	NULL
real	BL	8	1	-15	  -20.00	0	    8.00	0	0	  632.60	-6	5	NULL
real	HR	9	1	15	   20.00	1	   -8.00	0	0	  428.41	-3	5	NULL
real	CL	10	1	15	  -20.00	0	    8.00	0	0	  536.21	-6	7	NULL
real	CR	11	1	15	   20.00	1	   -8.00	0	0	  404.91	-6	7	NULL
real	AL	12	1	-15	  -20.00	0	    8.00	0	0	  424.12	-6	7	NULL
real	EL	13	1	-15	  -20.00	0	    8.00	0	0	  554.11	-3	7	NULL
real	DR	14	1	15	   20.00	1	   -8.00	0	0	  519.96	-6	5	NULL
real	ER	15	1	-15	   20.00	1	   -8.00	0	0	  404.74	-3	7	NULL
real	FL	16	1	-15	  -20.00	0	    8.00	0	0	  449.56	-3	5	NULL
real	AR	17	2	-15	   12.00	1	   -8.00	0	0	  424.50	-6	7	NULL
real	GR	18	2	15	   12.00	1	   -8.00	0	0	  529.52	-3	7	NULL
real	FL	19	2	-15	  -12.00	0	    8.00	0	0	  763.30	-3	5	NULL
real	BL	20	2	-15	  -12.00	0	    8.00	0	0	  740.78	-6	5	NULL
real	HR	21	2	15	   12.00	1	   -8.00	0	0	  479.60	-3	5	NULL
real	FR	22	2	-15	   12.00	1	   -8.00	0	0	  408.99	-3	5	NULL
real	EL	23	2	-15	  -12.00	0	    8.00	0	0	  469.47	-3	7	NULL
real	BR	24	2	-15	   12.00	1	   -8.00	0	0	  438.70	-6	5	NULL
real	GL	25	2	15	  -12.00	0	    8.00	0	0	  443.49	-3	7	NULL
real	CR	26	2	15	   12.00	1	   -8.00	0	0	  519.72	-6	7	NULL
real	DL	27	2	15	  -12.00	0	    8.00	0	0	  509.32	-6	5	NULL
real	CL	28	2	15	  -12.00	0	    8.00	0	0	  501.66	-6	7	NULL
real	DR	29	2	15	   12.00	1	   -8.00	0	0	  444.12	-6	5	NULL
real	ER	30	2	-15	   12.00	1	   -8.00	0	0	  479.16	-3	7	NULL
real	AL	31	2	-15	  -12.00	0	    8.00	0	0	  739.35	-6	7	NULL
real	HL	32	2	15	  -12.00	0	    8.00	0	0	  505.83	-3	5	NULL
real	FL	33	3	-15	   -4.00	1	   -4.00	1	1	 2178.56	-3	5	NULL
real	CL	34	3	15	   -4.00	0	    8.00	0	0	  651.13	-6	7	NULL
real	BR	35	3	-15	    4.00	1	   -8.00	0	0	  479.33	-6	5	NULL
real	ER	36	3	-15	    4.00	1	   -8.00	0	0	  529.21	-3	7	NULL
real	HR	37	3	15	    4.00	1	   -8.00	0	0	  975.62	-3	5	NULL
real	DL	38	3	15	   -4.00	0	    8.00	0	0	  740.01	-6	5	NULL
real	HL	39	3	15	   -4.00	0	    8.00	0	0	  600.34	-3	5	NULL
real	AR	40	3	-15	    4.00	1	   -8.00	0	0	  434.11	-6	7	NULL
real	GL	41	3	15	   -4.00	0	    8.00	0	0	  519.41	-3	7	NULL
real	EL	42	3	-15	   -4.00	1	   -4.00	1	1	  437.81	-3	7	NULL
real	GR	43	3	15	    4.00	0	    4.00	1	1	  875.92	-3	7	NULL
real	DR	44	3	15	    4.00	1	   -8.00	0	0	  579.88	-6	5	NULL
real	BL	45	3	-15	   -4.00	1	   -4.00	1	1	  666.57	-6	5	NULL
real	CR	46	3	15	    4.00	1	   -8.00	0	0	  551.25	-6	7	NULL
real	AL	47	3	-15	   -4.00	1	   -4.00	1	1	  614.28	-6	7	NULL
real	FR	48	3	-15	    4.00	1	   -8.00	0	0	  460.60	-3	5	NULL
real	HL	49	4	15	    4.00	1	   -4.00	1	1	  631.26	-3	5	NULL
real	BR	50	4	-15	   -4.00	0	    4.00	1	1	  482.13	-6	5	NULL
real	DL	51	4	15	    4.00	1	   -4.00	1	1	  478.49	-6	5	NULL
real	ER	52	4	-15	   -4.00	1	   -8.00	0	0	  739.99	-3	7	NULL
real	CR	53	4	15	   -4.00	0	    4.00	1	1	  513.29	-6	7	NULL
real	AR	54	4	-15	   -4.00	1	   -8.00	0	0	  746.01	-6	7	NULL
real	GR	55	4	15	    8.00	1	   -2.00	1	2	  424.12	-3	7	NULL
real	EL	56	4	-15	   -8.00	0	    2.00	1	2	  532.12	-3	7	NULL
real	AL	57	4	-15	   -8.00	0	    2.00	1	2	  450.28	-6	7	NULL
real	DR	58	4	15	   -4.00	0	    4.00	1	1	  592.90	-6	5	NULL
real	CL	59	4	15	    4.00	1	   -4.00	1	1	  402.54	-6	7	NULL
real	FR	60	4	-15	   -4.00	0	    4.00	1	1	  668.55	-3	5	NULL
real	BL	61	4	-15	   -8.00	0	    2.00	1	2	  485.98	-6	5	NULL
real	HR	62	4	15	   -4.00	0	    4.00	1	1	  548.40	-3	5	NULL
real	GL	63	4	15	    4.00	1	   -4.00	1	1	  440.41	-3	7	NULL
real	FL	64	4	-15	   -8.00	0	    2.00	1	2	  455.03	-3	5	NULL
real	DR	65	5	15	    0.00	0	    4.00	0	1	  633.22	-6	5	NULL
real	FR	66	5	-15	    0.00	1	   -2.00	1	2	  555.05	-3	5	NULL
real	FL	67	5	-15	   -6.00	0	    2.00	0	2	  480.01	-3	5	NULL
real	ER	68	5	-15	  -12.00	0	    4.00	1	1	  449.02	-3	7	NULL
real	BR	69	5	-15	    0.00	1	   -2.00	1	2	  511.46	-6	5	NULL
real	HR	70	5	15	    0.00	1	   -2.00	1	2	  739.14	-3	5	NULL
real	HL	71	5	15	    0.00	0	    2.00	1	2	  481.69	-3	5	NULL
real	AL	72	5	-15	   -6.00	0	    2.00	0	2	  437.97	-6	7	NULL
real	GR	73	5	15	    6.00	1	   -2.00	0	2	  398.95	-3	7	NULL
real	CR	74	5	15	    0.00	1	   -2.00	1	2	  490.86	-6	7	NULL
real	EL	75	5	-15	   -6.00	0	    2.00	0	2	  517.86	-3	7	NULL
real	DL	76	5	15	    0.00	1	   -4.00	0	1	  598.77	-6	5	NULL
real	BL	77	5	-15	   -6.00	0	    2.00	0	2	  497.70	-6	5	NULL
real	AR	78	5	-15	  -12.00	0	    4.00	1	1	  436.32	-6	7	NULL
real	CL	79	5	15	    0.00	1	   -4.00	0	1	  723.43	-6	7	NULL
real	GL	80	5	15	    0.00	0	    2.00	1	2	  527.02	-3	7	NULL
real	DR	81	6	15	    4.00	1	   -2.00	1	2	  450.03	-6	5	NULL
real	AR	82	6	-15	   -8.00	0	    4.00	0	1	  373.71	-6	7	NULL
real	HR	83	6	15	   -2.00	0	    1.00	1	3	  496.31	-3	5	NULL
real	CL	84	6	15	   -4.00	0	    2.00	1	2	  438.36	-6	7	NULL
real	BL	85	6	-15	   -4.00	0	    2.00	0	2	  433.86	-6	5	NULL
real	AL	86	6	-15	   -4.00	0	    2.00	0	2	 1212.70	-6	7	NULL
real	ER	87	6	-15	   -8.00	0	    4.00	0	1	  462.75	-3	7	NULL
real	HL	88	6	15	    2.00	1	   -1.00	1	3	  837.04	-3	5	NULL
real	FR	89	6	-15	   -2.00	0	    1.00	1	3	  413.07	-3	5	NULL
real	GL	90	6	15	    2.00	1	   -1.00	1	3	  608.34	-3	7	NULL
real	EL	91	6	-15	   -4.00	0	    2.00	0	2	  452.66	-3	7	NULL
real	BR	92	6	-15	   -2.00	0	    1.00	1	3	  542.40	-6	5	NULL
real	DL	93	6	15	   -4.00	0	    2.00	1	2	  471.17	-6	5	NULL
real	FL	94	6	-15	   -4.00	1	   -1.00	1	3	  632.20	-3	5	NULL
real	GR	95	6	15	    4.00	1	   -2.00	0	2	  563.93	-3	7	NULL
real	CR	96	6	15	   -2.00	0	    1.00	1	3	  542.85	-6	7	NULL
real	BR	97	7	-15	   -1.00	1	   -1.00	1	4	 1069.35	-6	5	NULL
real	ER	98	7	-15	   -4.00	1	   -2.00	1	2	  639.57	-3	7	NULL
real	GR	99	7	15	    2.00	1	   -2.00	0	2	  575.81	-3	7	NULL
real	CL	100	7	15	   -2.00	0	    2.00	0	2	  793.39	-6	7	NULL
real	CR	101	7	15	   -1.00	0	    1.00	0	3	  915.36	-6	7	NULL
real	AR	102	7	-15	   -4.00	1	   -2.00	1	2	  767.73	-6	7	NULL
real	DR	103	7	15	    2.00	1	   -2.00	0	2	  530.67	-6	5	NULL
real	EL	104	7	-15	   -2.00	1	   -1.00	1	3	  590.98	-3	7	NULL
real	GL	105	7	15	    1.00	1	   -1.00	0	3	  858.56	-3	7	NULL
real	DL	106	7	15	   -2.00	0	    2.00	0	2	  411.60	-6	5	NULL
real	BL	107	7	-15	   -2.00	1	   -1.00	1	3	  683.02	-6	5	NULL
real	HL	108	7	15	    1.00	1	   -1.00	0	3	  716.47	-3	5	NULL
real	FR	109	7	-15	   -1.00	1	   -1.00	1	4	  440.18	-3	5	NULL
real	HR	110	7	15	   -1.00	0	    1.00	0	3	  687.60	-3	5	NULL
real	AL	111	7	-15	   -2.00	1	   -1.00	1	3	  469.39	-6	7	NULL
real	FL	112	7	-15	   -5.00	0	    1.00	1	4	  504.16	-3	5	NULL
real	CR	113	8	15	    0.00	1	   -1.00	1	4	  562.27	-6	7	NULL
real	DL	114	8	15	    0.00	1	   -1.00	1	3	  598.99	-6	5	NULL
real	BL	115	8	-15	   -3.00	0	    1.00	1	4	  489.74	-6	5	NULL
real	GL	116	8	15	    0.00	0	    1.00	1	4	 1203.61	-3	7	NULL
real	DR	117	8	15	    0.00	1	   -2.00	0	2	  429.30	-6	5	NULL
real	HR	118	8	15	    0.00	0	    1.00	0	3	 1392.35	-3	5	NULL
real	HL	119	8	15	    0.00	0	    1.00	1	4	 1204.75	-3	5	NULL
real	CL	120	8	15	    0.00	0	    2.00	0	2	 1014.16	-6	7	NULL
real	AR	121	8	-15	   -6.00	0	    1.00	1	3	  682.31	-6	7	NULL
real	BR	122	8	-15	   -2.00	1	   -1.00	0	4	  597.77	-6	5	NULL
real	FR	123	8	-15	   -2.00	1	   -1.00	0	4	  574.74	-3	5	NULL
real	AL	124	8	-15	   -3.00	1	   -1.00	0	3	  772.27	-6	7	NULL
real	GR	125	8	15	    0.00	0	    1.00	1	3	  596.85	-3	7	NULL
real	FL	126	8	-15	   -4.00	0	    1.00	0	4	 1090.02	-3	5	NULL
real	EL	127	8	-15	   -3.00	0	    1.00	1	4	  838.87	-3	7	NULL
real	ER	128	8	-15	   -6.00	0	    1.00	1	3	 1241.06	-3	7	NULL
real	AR	129	9	-15	   -5.00	0	    1.00	0	3	  599.42	-6	7	NULL
real	CR	130	9	15	   -1.00	1	   -1.00	0	4	  621.95	-6	7	NULL
real	BR	131	9	-15	   -3.00	0	    1.00	1	5	  478.92	-6	5	NULL
real	EL	132	9	-15	   -2.00	1	   -1.00	1	5	  718.08	-3	7	NULL
real	FL	133	9	-15	   -3.00	1	   -1.00	1	5	  624.63	-3	5	NULL
real	DR	134	9	15	   -2.00	0	    1.00	1	3	  915.17	-6	5	NULL
real	HR	135	9	15	    1.00	1	   -1.00	1	4	  437.02	-3	5	NULL
real	CL	136	9	15	    2.00	1	   -1.00	1	3	  590.03	-6	7	NULL
real	AL	137	9	-15	   -4.00	0	    1.00	1	4	  589.14	-6	7	NULL
real	GR	138	9	15	    1.00	1	   -1.00	1	4	  431.85	-3	7	NULL
real	BL	139	9	-15	   -2.00	1	   -1.00	1	5	  755.57	-6	5	NULL
real	HL	140	9	15	    1.00	1	   -1.00	1	5	  491.79	-3	5	NULL
real	DL	141	9	15	   -1.00	1	   -1.00	0	3	  722.18	-6	5	NULL
real	GL	142	9	15	    1.00	1	   -1.00	1	5	  469.96	-3	7	NULL
real	ER	143	9	-15	   -5.00	0	    1.00	0	3	  639.90	-3	7	NULL
real	FR	144	9	-15	   -3.00	1	   -1.00	0	4	  553.26	-3	5	NULL
real	FR	145	10	-15	   -4.00	1	   -1.00	0	4	  560.78	-3	5	NULL
real	ER	146	10	-15	   -4.00	1	   -1.00	1	4	  557.10	-3	7	NULL
real	CL	147	10	15	    1.00	1	   -1.00	0	3	  490.38	-6	7	NULL
real	HL	148	10	15	    0.00	1	   -1.00	0	5	  451.79	-3	5	NULL
real	GL	149	10	15	    0.00	1	   -1.00	0	5	  445.53	-3	7	NULL
real	GR	150	10	15	    0.00	0	    1.00	1	5	  535.86	-3	7	NULL
real	BR	151	10	-15	   -2.00	0	    1.00	0	5	  621.58	-6	5	NULL
real	DR	152	10	15	   -1.00	0	    1.00	0	3	  528.85	-6	5	NULL
real	EL	153	10	-15	   -3.00	1	   -1.00	0	5	  624.67	-3	7	NULL
real	DL	154	10	15	   -2.00	0	    1.00	1	4	  645.28	-6	5	NULL
real	CR	155	10	15	   -2.00	0	    1.00	1	5	  874.18	-6	7	NULL
real	AL	156	10	-15	   -3.00	0	    1.00	0	4	  659.33	-6	7	NULL
real	HR	157	10	15	    0.00	1	   -1.00	0	4	  673.90	-3	5	NULL
real	AR	158	10	-15	   -4.00	1	   -1.00	1	4	  743.04	-6	7	NULL
real	BL	159	10	-15	   -3.00	0	    1.00	1	6	  452.12	-6	5	NULL
real	FL	160	10	-15	   -4.00	0	    1.00	1	6	  479.76	-3	5	NULL
real	CL	161	11	15	    0.00	1	   -1.00	0	3	  733.98	-6	7	NULL
real	HR	162	11	15	   -1.00	1	   -1.00	0	4	  786.45	-3	5	NULL
real	BR	163	11	-15	   -1.00	1	   -1.00	1	6	  846.40	-6	5	NULL
real	FR	164	11	-15	   -5.00	0	    1.00	1	5	  465.12	-3	5	NULL
real	GR	165	11	15	    1.00	1	   -1.00	1	6	  429.21	-3	7	NULL
real	CR	166	11	15	   -1.00	0	    1.00	0	5	  522.81	-6	7	NULL
real	HL	167	11	15	   -1.00	0	    1.00	1	6	  505.92	-3	5	NULL
real	FL	168	11	-15	   -3.00	1	   -1.00	1	7	  552.22	-3	5	NULL
real	GL	169	11	15	   -1.00	1	   -1.00	0	5	  558.57	-3	7	NULL
real	DL	170	11	15	   -1.00	1	   -1.00	1	5	  536.90	-6	5	NULL
real	EL	171	11	-15	   -4.00	0	    1.00	1	6	  393.63	-3	7	NULL
real	AL	172	11	-15	   -2.00	0	    1.00	0	4	  478.40	-6	7	NULL
real	ER	173	11	-15	   -5.00	0	    1.00	1	5	  417.66	-3	7	NULL
real	DR	174	11	15	    0.00	1	   -1.00	1	4	  364.72	-6	5	NULL
real	BL	175	11	-15	   -2.00	1	   -1.00	1	7	  679.47	-6	5	NULL
real	AR	176	11	-15	   -5.00	0	    1.00	1	5	  386.09	-6	7	NULL
real	AL	177	12	-15	   -1.00	1	   -1.00	1	5	  439.35	-6	7	NULL
real	GL	178	12	15	   -2.00	0	    1.00	1	6	  483.60	-3	7	NULL
real	EL	179	12	-15	   -3.00	1	   -1.00	1	7	  456.91	-3	7	NULL
real	BL	180	12	-15	   -3.00	1	   -1.00	0	7	  625.91	-6	5	NULL
real	ER	181	12	-15	   -4.00	0	    1.00	0	5	  429.63	-3	7	NULL
real	FL	182	12	-15	   -4.00	1	   -1.00	0	7	  579.50	-3	5	NULL
real	CR	183	12	15	    0.00	1	   -1.00	1	6	  495.87	-6	7	NULL
real	FR	184	12	-15	   -4.00	0	    1.00	0	5	  370.99	-3	5	NULL
real	HR	185	12	15	   -2.00	0	    1.00	1	5	  424.82	-3	5	NULL
real	DL	186	12	15	   -2.00	0	    1.00	1	6	  481.66	-6	5	NULL
real	BR	187	12	-15	   -2.00	1	   -1.00	0	6	  533.47	-6	5	NULL
real	HL	188	12	15	    0.00	1	   -1.00	1	7	  753.09	-3	5	NULL
real	CL	189	12	15	   -1.00	1	   -1.00	0	3	  424.93	-6	7	NULL
real	DR	190	12	15	   -1.00	1	   -1.00	0	4	  395.53	-6	5	NULL
real	GR	191	12	15	    0.00	1	   -1.00	0	6	  640.95	-3	7	NULL
real	AR	192	12	-15	   -4.00	0	    1.00	0	5	  649.45	-6	7	NULL
real	FL	193	13	-15	   -5.00	0	    1.00	1	8	  724.15	-3	5	NULL
real	EL	194	13	-15	   -4.00	1	   -1.00	0	7	  506.84	-3	7	NULL
real	BR	195	13	-15	   -3.00	1	   -1.00	0	6	  566.27	-6	5	NULL
real	ER	196	13	-15	   -3.00	1	   -1.00	1	6	  514.98	-3	7	NULL
real	AR	197	13	-15	   -3.00	1	   -1.00	1	6	  515.75	-6	7	NULL
real	HL	198	13	15	   -1.00	1	   -1.00	0	7	  535.98	-3	5	NULL
real	DL	199	13	15	   -1.00	0	    1.00	0	6	  574.54	-6	5	NULL
real	CR	200	13	15	   -1.00	1	   -1.00	0	6	  360.06	-6	7	NULL
real	HR	201	13	15	   -1.00	1	   -1.00	1	6	  468.33	-3	5	NULL
real	CL	202	13	15	   -2.00	0	    1.00	1	4	  369.68	-6	7	NULL
real	GL	203	13	15	   -1.00	1	   -1.00	1	7	  563.96	-3	7	NULL
real	AL	204	13	-15	   -2.00	1	   -1.00	0	5	  565.81	-6	7	NULL
real	BL	205	13	-15	   -4.00	0	    1.00	1	8	  458.26	-6	5	NULL
real	GR	206	13	15	   -1.00	1	   -1.00	0	6	  393.67	-3	7	NULL
real	FR	207	13	-15	   -3.00	1	   -1.00	1	6	  535.66	-3	5	NULL
real	DR	208	13	15	   -2.00	1	   -1.00	0	4	  334.49	-6	5	NULL
real	AR	209	14	-15	   -4.00	0	    1.00	1	7	  749.74	-6	7	NULL
real	CR	210	14	15	   -2.00	1	   -1.00	0	6	  731.89	-6	7	NULL
real	DR	211	14	15	   -3.00	0	    1.00	1	5	  450.20	-6	5	NULL
real	DL	212	14	15	    0.00	1	   -1.00	1	7	  446.05	-6	5	NULL
real	GL	213	14	15	   -2.00	1	   -1.00	0	7	  648.73	-3	7	NULL
real	AL	214	14	-15	   -3.00	0	    1.00	1	6	  468.69	-6	7	NULL
real	CL	215	14	15	   -1.00	1	   -1.00	1	5	  668.28	-6	7	NULL
real	ER	216	14	-15	   -4.00	0	    1.00	1	7	  397.80	-3	7	NULL
real	HR	217	14	15	   -2.00	0	    1.00	1	7	  674.35	-3	5	NULL
real	HL	218	14	15	   -2.00	0	    1.00	1	8	  723.82	-3	5	NULL
real	FL	219	14	-15	   -4.00	1	   -1.00	1	9	  519.54	-3	5	NULL
real	EL	220	14	-15	   -5.00	1	   -1.00	0	7	  733.28	-3	7	NULL
real	GR	221	14	15	   -2.00	0	    1.00	1	7	  479.27	-3	7	NULL
real	BL	222	14	-15	   -3.00	1	   -1.00	1	9	  457.67	-6	5	NULL
real	BR	223	14	-15	   -4.00	0	    1.00	1	7	  326.10	-6	5	NULL
real	FR	224	14	-15	   -4.00	0	    1.00	1	7	  367.21	-3	5	NULL
real	FL	225	15	-15	   -5.00	1	   -1.00	0	9	  350.85	-3	5	NULL
real	FR	226	15	-15	   -3.00	1	   -1.00	1	8	  480.37	-3	5	NULL
real	DL	227	15	15	   -1.00	1	   -1.00	0	7	  435.86	-6	5	NULL
real	BL	228	15	-15	   -4.00	0	    1.00	1	10	  467.13	-6	5	NULL
real	CL	229	15	15	   -2.00	0	    1.00	1	6	  659.06	-6	7	NULL
real	GR	230	15	15	   -1.00	1	   -1.00	1	8	  344.46	-3	7	NULL
real	AR	231	15	-15	   -3.00	0	    1.00	0	7	  451.38	-6	7	NULL
real	AL	232	15	-15	   -2.00	1	   -1.00	1	7	  479.14	-6	7	NULL
real	DR	233	15	15	   -2.00	0	    1.00	0	5	  521.52	-6	5	NULL
real	HR	234	15	15	   -1.00	1	   -1.00	1	8	  503.23	-3	5	NULL
real	CR	235	15	15	   -3.00	1	   -1.00	0	6	  527.59	-6	7	NULL
real	BR	236	15	-15	   -3.00	0	    1.00	0	7	  368.63	-6	5	NULL
real	HL	237	15	15	   -1.00	0	    1.00	0	8	  330.51	-3	5	NULL
real	EL	238	15	-15	   -6.00	0	    1.00	1	8	  595.08	-3	7	NULL
real	ER	239	15	-15	   -3.00	1	   -1.00	1	8	  513.22	-3	7	NULL
real	GL	240	15	15	   -3.00	1	   -1.00	0	7	  961.95	-3	7	NULL
real	ER	241	16	-15	   -4.00	1	   -1.00	0	8	  535.95	-3	7	NULL
real	BL	242	16	-15	   -3.00	0	    1.00	0	10	  772.12	-6	5	NULL
real	AR	243	16	-15	   -2.00	0	    1.00	0	7	  411.53	-6	7	NULL
real	DL	244	16	15	   -2.00	0	    1.00	1	8	  485.63	-6	5	NULL
real	GR	245	16	15	   -2.00	1	   -1.00	0	8	  391.43	-3	7	NULL
real	FL	246	16	-15	   -6.00	0	    1.00	1	10	  287.11	-3	5	NULL
real	CL	247	16	15	   -1.00	1	   -1.00	1	7	  465.46	-6	7	NULL
real	DR	248	16	15	   -1.00	1	   -1.00	1	6	  606.16	-6	5	NULL
real	FR	249	16	-15	   -4.00	0	    1.00	1	9	  367.44	-3	5	NULL
real	GL	250	16	15	   -4.00	0	    1.00	1	8	  407.42	-3	7	NULL
real	BR	251	16	-15	   -2.00	1	   -1.00	1	8	  502.47	-6	5	NULL
real	EL	252	16	-15	   -5.00	1	   -1.00	1	9	  545.42	-3	7	NULL
real	AL	253	16	-15	   -3.00	1	   -1.00	0	7	  564.03	-6	7	NULL
real	HR	254	16	15	   -2.00	0	    1.00	1	9	  668.60	-3	5	NULL
real	CR	255	16	15	   -4.00	0	    1.00	1	7	  562.03	-6	7	NULL
real	HL	256	16	15	    0.00	1	   -1.00	1	9	  479.09	-3	5	NULL
real	DL	257	17	15	   -1.00	0	    1.00	0	8	  734.20	-6	5	NULL
real	FR	258	17	-15	   -3.00	1	   -1.00	1	10	  596.72	-3	5	NULL
real	ER	259	17	-15	   -5.00	0	    1.00	1	9	  365.33	-3	7	NULL
real	BL	260	17	-15	   -2.00	1	   -1.00	1	11	  496.94	-6	5	NULL
real	BR	261	17	-15	   -3.00	0	    1.00	1	9	  508.40	-6	5	NULL
real	CL	262	17	15	   -2.00	1	   -1.00	0	7	  576.31	-6	7	NULL
real	HR	263	17	15	   -1.00	1	   -1.00	1	10	  520.43	-3	5	NULL
real	GR	264	17	15	   -3.00	0	    1.00	1	9	  431.85	-3	7	NULL
real	AL	265	17	-15	   -4.00	1	   -1.00	0	7	  622.19	-6	7	NULL
real	DR	266	17	15	   -2.00	1	   -1.00	0	6	  453.61	-6	5	NULL
real	EL	267	17	-15	   -6.00	1	   -1.00	0	9	  770.98	-3	7	NULL
real	GL	268	17	15	   -3.00	0	    1.00	0	8	  761.28	-3	7	NULL
real	HL	269	17	15	   -1.00	0	    1.00	1	10	  694.35	-3	5	NULL
real	FL	270	17	-15	   -5.00	0	    1.00	0	10	  563.00	-3	5	NULL
real	CR	271	17	15	   -3.00	1	   -1.00	1	8	  478.50	-6	7	NULL
real	AR	272	17	-15	   -1.00	1	   -1.00	1	8	  466.27	-6	7	NULL
real	FL	273	18	-15	   -4.00	1	   -1.00	1	11	  528.85	-3	5	NULL
real	ER	274	18	-15	   -4.00	1	   -1.00	1	10	  599.01	-3	7	NULL
real	AR	275	18	-15	   -2.00	1	   -1.00	0	8	  513.65	-6	7	NULL
real	HR	276	18	15	   -2.00	0	    1.00	1	11	  510.36	-3	5	NULL
real	DR	277	18	15	   -3.00	1	   -1.00	0	6	  615.04	-6	5	NULL
real	CL	278	18	15	   -3.00	1	   -1.00	0	7	  638.75	-6	7	NULL
real	HL	279	18	15	    0.00	1	   -1.00	1	11	  596.73	-3	5	NULL
real	CR	280	18	15	   -4.00	0	    1.00	1	9	  460.21	-6	7	NULL
real	GR	281	18	15	   -2.00	1	   -1.00	1	10	  524.71	-3	7	NULL
real	EL	282	18	-15	   -7.00	0	    1.00	1	10	  430.61	-3	7	NULL
real	GL	283	18	15	   -2.00	0	    1.00	0	8	  672.45	-3	7	NULL
real	BR	284	18	-15	   -2.00	1	   -1.00	1	10	  520.60	-6	5	NULL
real	DL	285	18	15	    0.00	1	   -1.00	1	9	  469.12	-6	5	NULL
real	AL	286	18	-15	   -5.00	0	    1.00	1	8	  474.36	-6	7	NULL
real	BL	287	18	-15	   -3.00	0	    1.00	1	12	  502.16	-6	5	NULL
real	FR	288	18	-15	   -4.00	0	    1.00	1	11	  419.21	-3	5	NULL
real	FR	289	19	-15	   -3.00	1	   -1.00	1	12	  501.04	-3	5	NULL
real	BR	290	19	-15	   -3.00	1	   -1.00	0	10	  594.92	-6	5	NULL
real	GL	291	19	15	   -1.00	1	   -1.00	1	9	  602.41	-3	7	NULL
real	GR	292	19	15	   -3.00	0	    1.00	1	11	  988.42	-3	7	NULL
real	FL	293	19	-15	   -5.00	1	   -1.00	0	11	  641.53	-3	5	NULL
real	ER	294	19	-15	   -5.00	1	   -1.00	0	10	  777.60	-3	7	NULL
real	HR	295	19	15	   -1.00	1	   -1.00	1	12	  725.23	-3	5	NULL
real	DR	296	19	15	   -4.00	0	    1.00	1	7	  593.51	-6	5	NULL
real	AR	297	19	-15	   -3.00	1	   -1.00	0	8	  619.32	-6	7	NULL
real	EL	298	19	-15	   -6.00	0	    1.00	0	10	  433.18	-3	7	NULL
real	DL	299	19	15	   -1.00	0	    1.00	1	10	  951.30	-6	5	NULL
real	AL	300	19	-15	   -4.00	1	   -1.00	1	9	  540.96	-6	7	NULL
real	CL	301	19	15	   -4.00	0	    1.00	1	8	  487.82	-6	7	NULL
real	CR	302	19	15	   -3.00	0	    1.00	0	9	 1199.75	-6	7	NULL
real	HL	303	19	15	   -1.00	0	    1.00	1	12	  950.97	-3	5	NULL
real	CR	304	20	15	   -2.00	1	   -1.00	1	10	  479.67	-6	7	NULL
real	GR	305	20	15	   -2.00	0	    1.00	0	11	  767.68	-3	7	NULL
real	AR	306	20	-15	   -4.00	0	    1.00	1	9	  464.49	-6	7	NULL
real	FL	307	20	-15	   -6.00	0	    1.00	1	12	  458.56	-3	5	NULL
real	DL	308	20	15	    0.00	1	   -1.00	1	11	  492.32	-6	5	NULL
real	BR	309	20	-15	   -4.00	0	    1.00	1	11	  757.78	-6	5	NULL
real	CL	310	20	15	   -3.00	0	    1.00	0	8	  541.40	-6	7	NULL
real	DR	311	20	15	   -3.00	0	    1.00	0	7	  720.13	-6	5	NULL
real	GL	312	20	15	   -2.00	0	    1.00	1	10	  762.02	-3	7	NULL
real	EL	313	20	-15	   -5.00	0	    1.00	0	10	  574.71	-3	7	NULL
real	AL	314	20	-15	   -5.00	0	    1.00	1	10	  507.96	-6	7	NULL
real	ER	315	20	-15	   -6.00	0	    1.00	1	11	  439.47	-3	7	NULL
real	BR	316	21	-15	   -3.00	1	   -1.00	1	12	  792.43	-6	5	NULL
real	GL	317	21	15	   -1.00	1	   -1.00	1	11	  833.93	-3	7	NULL
real	AR	318	21	-15	   -3.00	1	   -1.00	1	10	  610.86	-6	7	NULL
real	CR	319	21	15	   -3.00	0	    1.00	1	11	  514.89	-6	7	NULL
real	DL	320	21	15	   -1.00	0	    1.00	1	12	  575.45	-6	5	NULL
real	EL	321	21	-15	   -4.00	1	   -1.00	1	11	  615.17	-3	7	NULL
real	AL	322	21	-15	   -4.00	1	   -1.00	1	11	  716.19	-6	7	NULL
real	DR	323	21	15	   -2.00	1	   -1.00	1	8	  553.94	-6	5	NULL
real	ER	324	21	-15	   -5.00	1	   -1.00	1	12	  585.16	-3	7	NULL
real	GR	325	21	15	   -1.00	1	   -1.00	1	12	  424.61	-3	7	NULL
real	CL	326	21	15	   -2.00	1	   -1.00	1	9	  431.90	-6	7	NULL
real	EL	327	22	-15	   -5.00	1	   -1.00	0	11	  681.48	-3	7	NULL
real	GL	328	22	15	   -2.00	1	   -1.00	0	11	  660.47	-3	7	NULL
real	CL	329	22	15	   -3.00	1	   -1.00	0	9	  570.82	-6	7	NULL
real	AL	330	22	-15	   -5.00	0	    1.00	1	12	  387.93	-6	7	NULL
real	DR	331	22	15	   -3.00	0	    1.00	1	9	  413.78	-6	5	NULL
real	AR	332	22	-15	   -4.00	0	    1.00	1	11	  459.40	-6	7	NULL
real	CR	333	22	15	   -2.00	1	   -1.00	1	12	  565.58	-6	7	NULL
real	GL	334	23	15	   -3.00	0	    1.00	1	12	  857.34	-3	7	NULL
real	DR	335	23	15	   -2.00	1	   -1.00	1	10	  549.79	-6	5	NULL
real	AR	336	23	-15	   -3.00	1	   -1.00	1	12	  779.19	-6	7	NULL
real	EL	337	23	-15	   -6.00	0	    1.00	1	12	  408.64	-3	7	NULL
real	CL	338	23	15	   -4.00	0	    1.00	1	10	  478.73	-6	7	NULL
real	DR	339	24	15	   -3.00	1	   -1.00	0	10	  566.75	-6	5	NULL
real	CL	340	24	15	   -3.00	1	   -1.00	1	11	  470.76	-6	7	NULL
real	CL	341	25	15	   -4.00	1	   -1.00	0	11	  467.46	-6	7	NULL
real	DR	342	25	15	   -4.00	0	    1.00	1	11	  519.73	-6	5	NULL
real	CL	343	26	15	   -5.00	0	    1.00	1	12	  551.93	-6	7	NULL
real	DR	344	26	15	   -3.00	0	    1.00	0	11	  579.48	-6	5	NULL
real	DR	345	27	15	   -2.00	1	   -1.00	1	12	  602.42	-6	5	NULL
