TRIAL_TYPE	trial_variant	TRIAL_NUMBER	TRIAL_ITERATION_VAL	frame_tilt	rod_tilt	response	step_size	reversal	reversal_num	RT	probe_del	alpha_entrain_refreshes	rod_tilt_val
real	CR	1	1	15	   20.00	0	    8.00	0	0	11196.29	-6	7	NULL
real	EL	2	1	-15	  -20.00	0	    8.00	0	0	 1084.04	-3	7	NULL
real	DR	3	1	15	   20.00	1	   -8.00	0	0	  588.54	-6	5	NULL
real	CL	4	1	15	  -20.00	0	    8.00	0	0	  555.77	-6	7	NULL
real	GL	5	1	15	  -20.00	0	    8.00	0	0	  486.31	-3	7	NULL
real	HL	6	1	15	  -20.00	0	    8.00	0	0	  582.07	-3	5	NULL
real	AR	7	1	-15	   20.00	1	   -8.00	0	0	  453.94	-6	7	NULL
real	BR	8	1	-15	   20.00	1	   -8.00	0	0	  528.67	-6	5	NULL
real	AL	9	1	-15	  -20.00	0	    8.00	0	0	  408.90	-6	7	NULL
real	GR	10	1	15	   20.00	1	   -8.00	0	0	  705.27	-3	7	NULL
real	BL	11	1	-15	  -20.00	0	    8.00	0	0	  624.01	-6	5	NULL
real	DL	12	1	15	  -20.00	0	    8.00	0	0	  452.62	-6	5	NULL
real	FL	13	1	-15	  -20.00	0	    8.00	0	0	  484.82	-3	5	NULL
real	ER	14	1	-15	   20.00	1	   -8.00	0	0	  494.97	-3	7	NULL
real	FR	15	1	-15	   20.00	1	   -8.00	0	0	  568.93	-3	5	NULL
real	HR	16	1	15	   20.00	1	   -8.00	0	0	  445.21	-3	5	NULL
real	EL	17	2	-15	  -12.00	0	    8.00	0	0	  552.93	-3	7	NULL
real	ER	18	2	-15	   12.00	1	   -8.00	0	0	  423.93	-3	7	NULL
real	BL	19	2	-15	  -12.00	0	    8.00	0	0	  470.96	-6	5	NULL
real	HR	20	2	15	   12.00	1	   -8.00	0	0	  431.15	-3	5	NULL
real	CL	21	2	15	  -12.00	0	    8.00	0	0	  424.73	-6	7	NULL
real	AL	22	2	-15	  -12.00	0	    8.00	0	0	  501.41	-6	7	NULL
real	GR	23	2	15	   12.00	1	   -8.00	0	0	  512.32	-3	7	NULL
real	BR	24	2	-15	   12.00	1	   -8.00	0	0	  567.78	-6	5	NULL
real	DL	25	2	15	  -12.00	0	    8.00	0	0	  452.51	-6	5	NULL
real	GL	26	2	15	  -12.00	0	    8.00	0	0	  509.03	-3	7	NULL
real	CR	27	2	15	20	1	   -4.00	1	1	  509.56	-6	7	NULL
real	AR	28	2	-15	   12.00	1	   -8.00	0	0	  510.85	-6	7	NULL
real	FL	29	2	-15	  -12.00	0	    8.00	0	0	  499.80	-3	5	NULL
real	DR	30	2	15	   12.00	1	   -8.00	0	0	  415.34	-6	5	NULL
real	HL	31	2	15	  -12.00	0	    8.00	0	0	  418.46	-3	5	NULL
real	FR	32	2	-15	   12.00	1	   -8.00	0	0	  390.73	-3	5	NULL
real	AR	33	3	-15	    4.00	1	   -8.00	0	0	  674.62	-6	7	NULL
real	HR	34	3	15	    4.00	0	    4.00	1	1	 1205.84	-3	5	NULL
real	DR	35	3	15	    4.00	1	   -8.00	0	0	  952.56	-6	5	NULL
real	GL	36	3	15	   -4.00	0	    8.00	0	0	  513.29	-3	7	NULL
real	ER	37	3	-15	    4.00	1	   -8.00	0	0	  562.69	-3	7	NULL
real	FR	38	3	-15	    4.00	1	   -8.00	0	0	  637.35	-3	5	NULL
real	CL	39	3	15	   -4.00	0	    8.00	0	0	  609.15	-6	7	NULL
real	EL	40	3	-15	   -4.00	0	    8.00	0	0	  806.29	-3	7	NULL
real	AL	41	3	-15	   -4.00	0	    8.00	0	0	 1217.21	-6	7	NULL
real	CR	42	3	15	   16.00	1	   -4.00	0	1	  479.34	-6	7	NULL
real	DL	43	3	15	   -4.00	0	    8.00	0	0	  653.59	-6	5	NULL
real	BL	44	3	-15	   -4.00	0	    8.00	0	0	  752.32	-6	5	NULL
real	HL	45	3	15	   -4.00	0	    8.00	0	0	  560.38	-3	5	NULL
real	FL	46	3	-15	   -4.00	0	    8.00	0	0	  629.91	-3	5	NULL
real	BR	47	3	-15	    4.00	1	   -8.00	0	0	  689.49	-6	5	NULL
real	GR	48	3	15	    4.00	0	    4.00	1	1	  458.22	-3	7	NULL
real	HR	49	4	15	    8.00	1	   -2.00	1	2	  530.64	-3	5	NULL
real	FL	50	4	-15	    4.00	1	   -4.00	1	1	  625.84	-3	5	NULL
real	AL	51	4	-15	    4.00	1	   -4.00	1	1	  509.95	-6	7	NULL
real	FR	52	4	-15	   -4.00	0	    4.00	1	1	  588.36	-3	5	NULL
real	AR	53	4	-15	   -4.00	0	    4.00	1	1	  411.24	-6	7	NULL
real	DR	54	4	15	   -4.00	0	    4.00	1	1	  588.51	-6	5	NULL
real	GL	55	4	15	    4.00	0	    8.00	0	0	 1400.18	-3	7	NULL
real	CR	56	4	15	   12.00	1	   -4.00	0	1	  415.49	-6	7	NULL
real	GR	57	4	15	    8.00	1	   -2.00	1	2	  435.81	-3	7	NULL
real	DL	58	4	15	    4.00	1	   -4.00	1	1	  881.68	-6	5	NULL
real	ER	59	4	-15	   -4.00	1	   -8.00	0	0	  938.15	-3	7	NULL
real	HL	60	4	15	    4.00	1	   -4.00	1	1	 1009.79	-3	5	NULL
real	EL	61	4	-15	    4.00	1	   -4.00	1	1	  569.94	-3	7	NULL
real	CL	62	4	15	    4.00	1	   -4.00	1	1	 1506.45	-6	7	NULL
real	BL	63	4	-15	    4.00	1	   -4.00	1	1	  645.60	-6	5	NULL
real	BR	64	4	-15	   -4.00	0	    4.00	1	1	  553.68	-6	5	NULL
real	EL	65	5	-15	    0.00	1	   -4.00	0	1	 1029.97	-3	7	NULL
real	FL	66	5	-15	    0.00	1	   -4.00	0	1	  544.69	-3	5	NULL
real	CL	67	5	15	    0.00	0	    2.00	1	2	  722.09	-6	7	NULL
real	BL	68	5	-15	    0.00	1	   -4.00	0	1	  651.36	-6	5	NULL
real	CR	69	5	15	    8.00	1	   -4.00	0	1	  516.76	-6	7	NULL
real	AR	70	5	-15	    0.00	1	   -2.00	1	2	  838.04	-6	7	NULL
real	ER	71	5	-15	  -12.00	0	    4.00	1	1	  540.71	-3	7	NULL
real	BR	72	5	-15	    0.00	1	   -2.00	1	2	 1040.00	-6	5	NULL
real	FR	73	5	-15	    0.00	1	   -2.00	1	2	 1535.42	-3	5	NULL
real	GL	74	5	15	   12.00	1	   -4.00	1	1	  515.39	-3	7	NULL
real	AL	75	5	-15	    0.00	1	   -4.00	0	1	 1057.54	-6	7	NULL
real	HR	76	5	15	    6.00	1	   -2.00	0	2	  764.08	-3	5	NULL
real	DR	77	5	15	    0.00	0	    4.00	0	1	  414.83	-6	5	NULL
real	DL	78	5	15	    0.00	0	    2.00	1	2	 1174.82	-6	5	NULL
real	GR	79	5	15	    6.00	1	   -2.00	0	2	  906.20	-3	7	NULL
real	HL	80	5	15	    0.00	0	    2.00	1	2	  588.56	-3	5	NULL
real	DL	81	6	15	    2.00	0	    2.00	0	2	  757.03	-6	5	NULL
real	ER	82	6	-15	   -8.00	0	    4.00	0	1	  488.09	-3	7	NULL
real	AL	83	6	-15	   -4.00	0	    2.00	1	2	  570.65	-6	7	NULL
real	AR	84	6	-15	   -2.00	0	    1.00	1	3	  576.79	-6	7	NULL
real	FL	85	6	-15	   -4.00	0	    2.00	1	2	  639.52	-3	5	NULL
real	CL	86	6	15	    2.00	0	    2.00	0	2	  592.87	-6	7	NULL
real	FR	87	6	-15	   -2.00	0	    1.00	1	3	  850.07	-3	5	NULL
real	BR	88	6	-15	   -2.00	0	    1.00	1	3	  673.20	-6	5	NULL
real	HR	89	6	15	    4.00	0	    1.00	1	3	  928.92	-3	5	NULL
real	GR	90	6	15	    4.00	1	   -2.00	0	2	  801.29	-3	7	NULL
real	GL	91	6	15	    8.00	1	   -4.00	0	1	  486.77	-3	7	NULL
real	CR	92	6	15	    4.00	1	   -4.00	0	1	  834.56	-6	7	NULL
real	DR	93	6	15	    4.00	1	   -2.00	1	2	  497.56	-6	5	NULL
real	EL	94	6	-15	   -4.00	0	    2.00	1	2	  701.40	-3	7	NULL
real	HL	95	6	15	    2.00	0	    2.00	0	2	  612.06	-3	5	NULL
real	BL	96	6	-15	   -4.00	0	    2.00	1	2	  699.95	-6	5	NULL
real	BR	97	7	-15	   -1.00	0	    1.00	0	3	  994.76	-6	5	NULL
real	BL	98	7	-15	   -2.00	0	    2.00	0	2	  560.04	-6	5	NULL
real	DR	99	7	15	    2.00	0	    1.00	1	3	 1006.82	-6	5	NULL
real	HR	100	7	15	    5.00	1	   -1.00	1	4	  459.33	-3	5	NULL
real	FR	101	7	-15	   -1.00	0	    1.00	0	3	 1022.25	-3	5	NULL
real	CL	102	7	15	    4.00	1	   -1.00	1	3	 1253.41	-6	7	NULL
real	HL	103	7	15	    4.00	1	   -1.00	1	3	  571.04	-3	5	NULL
real	CR	104	7	15	    0.00	0	    2.00	1	2	  834.72	-6	7	NULL
real	DL	105	7	15	    4.00	1	   -1.00	1	3	  592.75	-6	5	NULL
real	EL	106	7	-15	   -2.00	0	    2.00	0	2	 1464.85	-3	7	NULL
real	ER	107	7	-15	   -4.00	0	    4.00	0	1	  772.94	-3	7	NULL
real	GR	108	7	15	    2.00	0	    1.00	1	3	 1393.31	-3	7	NULL
real	AR	109	7	-15	   -1.00	0	    1.00	0	3	  944.35	-6	7	NULL
real	GL	110	7	15	    4.00	1	   -4.00	0	1	  998.50	-3	7	NULL
real	AL	111	7	-15	   -2.00	0	    2.00	0	2	  689.32	-6	7	NULL
real	FL	112	7	-15	   -2.00	0	    2.00	0	2	  786.19	-3	5	NULL
real	DL	113	8	15	    3.00	1	   -1.00	0	3	 1085.34	-6	5	NULL
real	CL	114	8	15	    3.00	0	    1.00	1	4	  568.66	-6	7	NULL
real	ER	115	8	-15	    0.00	0	    4.00	0	1	  931.26	-3	7	NULL
real	FR	116	8	-15	    0.00	0	    1.00	0	3	  692.66	-3	5	NULL
real	BR	117	8	-15	    0.00	0	    1.00	0	3	  531.81	-6	5	NULL
real	EL	118	8	-15	    0.00	0	    2.00	0	2	  571.31	-3	7	NULL
real	CR	119	8	15	    2.00	0	    2.00	0	2	  728.59	-6	7	NULL
real	FL	120	8	-15	    0.00	0	    2.00	0	2	  665.46	-3	5	NULL
real	DR	121	8	15	    3.00	0	    1.00	0	3	 1402.86	-6	5	NULL
real	GR	122	8	15	    3.00	0	    1.00	0	3	 2052.12	-3	7	NULL
real	HL	123	8	15	    3.00	0	    1.00	1	4	 1354.76	-3	5	NULL
real	BL	124	8	-15	    0.00	0	    2.00	0	2	  900.21	-6	5	NULL
real	AL	125	8	-15	    0.00	0	    2.00	0	2	 1910.58	-6	7	NULL
real	HR	126	8	15	    4.00	0	    1.00	1	5	 1019.52	-3	5	NULL
real	GL	127	8	15	    0.00	0	    2.00	1	2	 1408.61	-3	7	NULL
real	AR	128	8	-15	    0.00	0	    1.00	0	3	 1049.33	-6	7	NULL
real	BR	129	9	-15	    1.00	0	    1.00	0	3	  965.17	-6	5	NULL
real	CL	130	9	15	    4.00	0	    1.00	0	4	 1156.27	-6	7	NULL
real	FR	131	9	-15	    1.00	0	    1.00	0	3	 2583.02	-3	5	NULL
real	EL	132	9	-15	    2.00	0	    2.00	0	2	 2595.55	-3	7	NULL
real	AL	133	9	-15	    2.00	0	    2.00	0	2	 9658.16	-6	7	NULL
real	AR	134	9	-15	    1.00	0	    1.00	0	3	 1708.67	-6	7	NULL
real	DR	135	9	15	    4.00	1	   -1.00	1	4	 2559.01	-6	5	NULL
real	GR	136	9	15	    4.00	0	    1.00	0	3	 3158.05	-3	7	NULL
real	ER	137	9	-15	    4.00	1	   -2.00	1	2	  863.31	-3	7	NULL
real	FL	138	9	-15	    2.00	1	   -1.00	1	3	  837.40	-3	5	NULL
real	HL	139	9	15	    4.00	1	   -1.00	1	5	 1388.72	-3	5	NULL
real	GL	140	9	15	    2.00	1	   -1.00	1	3	 1366.01	-3	7	NULL
real	BL	141	9	-15	    2.00	1	   -1.00	1	3	 1042.60	-6	5	NULL
real	CR	142	9	15	    4.00	1	   -1.00	1	3	  505.88	-6	7	NULL
real	HR	143	9	15	    5.00	1	   -1.00	1	6	  531.52	-3	5	NULL
real	DL	144	9	15	    2.00	1	   -1.00	0	3	  534.02	-6	5	NULL
real	EL	145	10	-15	    4.00	1	   -1.00	1	3	  810.24	-3	7	NULL
real	GL	146	10	15	    1.00	0	    1.00	1	4	  644.77	-3	7	NULL
real	GR	147	10	15	    5.00	1	   -1.00	1	4	  723.34	-3	7	NULL
real	HR	148	10	15	    4.00	1	   -1.00	0	6	  740.73	-3	5	NULL
real	BR	149	10	-15	    2.00	1	   -1.00	1	4	  614.44	-6	5	NULL
real	HL	150	10	15	    3.00	1	   -1.00	0	5	  594.79	-3	5	NULL
real	FR	151	10	-15	    2.00	1	   -1.00	1	4	  653.93	-3	5	NULL
real	BL	152	10	-15	    1.00	1	   -1.00	0	3	  662.50	-6	5	NULL
real	CL	153	10	15	    5.00	1	   -1.00	1	5	  474.81	-6	7	NULL
real	AR	154	10	-15	    2.00	1	   -1.00	1	4	  380.63	-6	7	NULL
real	CR	155	10	15	    3.00	1	   -1.00	0	3	  663.53	-6	7	NULL
real	FL	156	10	-15	    1.00	1	   -1.00	0	3	  627.08	-3	5	NULL
real	ER	157	10	-15	    2.00	1	   -2.00	0	2	  473.43	-3	7	NULL
real	DR	158	10	15	    3.00	1	   -1.00	0	4	  594.33	-6	5	NULL
real	AL	159	10	-15	    4.00	1	   -1.00	1	3	  506.40	-6	7	NULL
real	DL	160	10	15	    1.00	0	    1.00	1	4	  737.86	-6	5	NULL
real	BL	161	11	-15	    0.00	0	    1.00	1	4	 1030.03	-6	5	NULL
real	GR	162	11	15	    4.00	0	    1.00	1	5	 1076.34	-3	7	NULL
real	CL	163	11	15	    4.00	1	   -1.00	0	5	  958.36	-6	7	NULL
real	AL	164	11	-15	    3.00	1	   -1.00	0	3	  579.39	-6	7	NULL
real	EL	165	11	-15	    3.00	1	   -1.00	0	3	  617.91	-3	7	NULL
real	FL	166	11	-15	    0.00	0	    1.00	1	4	 1745.20	-3	5	NULL
real	AR	167	11	-15	    1.00	1	   -1.00	0	4	  997.30	-6	7	NULL
real	DR	168	11	15	    2.00	1	   -1.00	0	4	 1438.61	-6	5	NULL
real	HR	169	11	15	    3.00	1	   -1.00	0	6	  681.69	-3	5	NULL
real	ER	170	11	-15	    0.00	1	   -2.00	0	2	  762.13	-3	7	NULL
real	HL	171	11	15	    2.00	0	    1.00	1	6	  659.20	-3	5	NULL
real	GL	172	11	15	    2.00	0	    1.00	0	4	  753.32	-3	7	NULL
real	DL	173	11	15	    2.00	0	    1.00	0	4	  704.36	-6	5	NULL
real	FR	174	11	-15	    1.00	1	   -1.00	0	4	  763.17	-3	5	NULL
real	CR	175	11	15	    2.00	0	    1.00	1	4	  868.22	-6	7	NULL
real	BR	176	11	-15	    1.00	1	   -1.00	0	4	  834.08	-6	5	NULL
real	HL	177	12	15	    3.00	0	    1.00	0	6	 1103.54	-3	5	NULL
real	AL	178	12	-15	    2.00	1	   -1.00	0	3	  632.70	-6	7	NULL
real	ER	179	12	-15	   -2.00	0	    1.00	1	3	  526.41	-3	7	NULL
real	FL	180	12	-15	    1.00	1	   -1.00	1	5	  522.46	-3	5	NULL
real	GR	181	12	15	    5.00	1	   -1.00	1	6	 1275.50	-3	7	NULL
real	AR	182	12	-15	    0.00	0	    1.00	1	5	  598.30	-6	7	NULL
real	DR	183	12	15	    1.00	0	    1.00	1	5	 1007.93	-6	5	NULL
real	FR	184	12	-15	    0.00	0	    1.00	1	5	 1371.87	-3	5	NULL
real	BL	185	12	-15	    1.00	1	   -1.00	1	5	 1040.88	-6	5	NULL
real	HR	186	12	15	    2.00	0	    1.00	1	7	  627.83	-3	5	NULL
real	DL	187	12	15	    3.00	1	   -1.00	1	5	  594.23	-6	5	NULL
real	BR	188	12	-15	    0.00	0	    1.00	1	5	  668.96	-6	5	NULL
real	CR	189	12	15	    3.00	1	   -1.00	1	5	  932.42	-6	7	NULL
real	EL	190	12	-15	    2.00	1	   -1.00	0	3	  714.02	-3	7	NULL
real	CL	191	12	15	    3.00	0	    1.00	1	6	  661.17	-6	7	NULL
real	GL	192	12	15	    3.00	0	    1.00	0	4	  762.06	-3	7	NULL
real	HR	193	13	15	    3.00	0	    1.00	0	7	  746.78	-3	5	NULL
real	AR	194	13	-15	    1.00	0	    1.00	0	5	  411.50	-6	7	NULL
real	CL	195	13	15	    4.00	1	   -1.00	1	7	 1049.02	-6	7	NULL
real	DR	196	13	15	    2.00	0	    1.00	0	5	  989.37	-6	5	NULL
real	EL	197	13	-15	    1.00	0	    1.00	1	4	  922.42	-3	7	NULL
real	FR	198	13	-15	    1.00	0	    1.00	0	5	  754.37	-3	5	NULL
real	BL	199	13	-15	    0.00	0	    1.00	1	6	  623.29	-6	5	NULL
real	AL	200	13	-15	    1.00	0	    1.00	1	4	  572.62	-6	7	NULL
real	FL	201	13	-15	    0.00	0	    1.00	1	6	  577.53	-3	5	NULL
real	BR	202	13	-15	    1.00	0	    1.00	0	5	  549.14	-6	5	NULL
real	ER	203	13	-15	   -1.00	0	    1.00	0	3	 1039.32	-3	7	NULL
real	HL	204	13	15	    4.00	0	    1.00	0	6	  544.36	-3	5	NULL
real	CR	205	13	15	    2.00	0	    1.00	1	6	  553.60	-6	7	NULL
real	DL	206	13	15	    2.00	0	    1.00	1	6	  386.07	-6	5	NULL
real	GR	207	13	15	    4.00	0	    1.00	1	7	  654.19	-3	7	NULL
real	GL	208	13	15	    4.00	0	    1.00	0	4	  388.89	-3	7	NULL
real	CL	209	14	15	    3.00	0	    1.00	1	8	  401.97	-6	7	NULL
real	DL	210	14	15	    3.00	0	    1.00	0	6	  625.74	-6	5	NULL
real	AR	211	14	-15	    2.00	0	    1.00	0	5	  389.91	-6	7	NULL
real	HR	212	14	15	    4.00	0	    1.00	0	7	  683.26	-3	5	NULL
real	CR	213	14	15	    3.00	0	    1.00	0	6	  789.20	-6	7	NULL
real	FR	214	14	-15	    2.00	1	   -1.00	1	6	  486.72	-3	5	NULL
real	DR	215	14	15	    3.00	0	    1.00	0	5	  680.67	-6	5	NULL
real	HL	216	14	15	    5.00	1	   -1.00	1	7	  423.32	-3	5	NULL
real	BR	217	14	-15	    2.00	1	   -1.00	1	6	  581.78	-6	5	NULL
real	BL	218	14	-15	    1.00	1	   -1.00	1	7	  589.61	-6	5	NULL
real	ER	219	14	-15	    0.00	0	    1.00	0	3	  485.26	-3	7	NULL
real	EL	220	14	-15	    2.00	1	   -1.00	1	5	  470.85	-3	7	NULL
real	GR	221	14	15	    5.00	1	   -1.00	1	8	  427.29	-3	7	NULL
real	FL	222	14	-15	    1.00	1	   -1.00	1	7	  573.92	-3	5	NULL
real	GL	223	14	15	    5.00	1	   -1.00	1	5	  351.92	-3	7	NULL
real	AL	224	14	-15	    2.00	1	   -1.00	1	5	  538.94	-6	7	NULL
real	BL	225	15	-15	    0.00	1	   -1.00	0	7	  825.69	-6	5	NULL
real	GR	226	15	15	    4.00	1	   -1.00	0	8	  350.09	-3	7	NULL
real	BR	227	15	-15	    1.00	1	   -1.00	0	6	  571.39	-6	5	NULL
real	FL	228	15	-15	    0.00	1	   -1.00	0	7	  578.30	-3	5	NULL
real	DR	229	15	15	    4.00	1	   -1.00	1	6	  457.72	-6	5	NULL
real	AL	230	15	-15	    1.00	1	   -1.00	0	5	  482.46	-6	7	NULL
real	DL	231	15	15	    4.00	1	   -1.00	1	7	  443.67	-6	5	NULL
real	FR	232	15	-15	    1.00	1	   -1.00	0	6	  455.45	-3	5	NULL
real	HR	233	15	15	    5.00	1	   -1.00	1	8	  522.70	-3	5	NULL
real	CL	234	15	15	    4.00	1	   -1.00	1	9	  503.25	-6	7	NULL
real	EL	235	15	-15	    1.00	1	   -1.00	0	5	  496.94	-3	7	NULL
real	ER	236	15	-15	    1.00	1	   -1.00	1	4	  458.52	-3	7	NULL
real	CR	237	15	15	    4.00	1	   -1.00	1	7	  488.37	-6	7	NULL
real	GL	238	15	15	    4.00	1	   -1.00	0	5	  412.56	-3	7	NULL
real	AR	239	15	-15	    3.00	1	   -1.00	1	6	  414.67	-6	7	NULL
real	HL	240	15	15	    4.00	1	   -1.00	0	7	  371.35	-3	5	NULL
real	EL	241	16	-15	    0.00	1	   -1.00	0	5	  418.77	-3	7	NULL
real	BL	242	16	-15	   -1.00	1	   -1.00	0	7	 1563.08	-6	5	NULL
real	HR	243	16	15	    4.00	1	   -1.00	0	8	  406.15	-3	5	NULL
real	CL	244	16	15	    3.00	0	    1.00	1	10	  879.83	-6	7	NULL
real	AR	245	16	-15	    2.00	1	   -1.00	0	6	  631.45	-6	7	NULL
real	CR	246	16	15	    3.00	1	   -1.00	0	7	  592.41	-6	7	NULL
real	GR	247	16	15	    3.00	1	   -1.00	0	8	 1207.76	-3	7	NULL
real	BR	248	16	-15	    0.00	0	    1.00	1	7	  674.22	-6	5	NULL
real	DL	249	16	15	    3.00	1	   -1.00	0	7	 1057.52	-6	5	NULL
real	HL	250	16	15	    3.00	1	   -1.00	0	7	  961.37	-3	5	NULL
real	FR	251	16	-15	    0.00	1	   -1.00	0	6	  610.86	-3	5	NULL
real	DR	252	16	15	    3.00	1	   -1.00	0	6	  650.28	-6	5	NULL
real	FL	253	16	-15	   -1.00	1	   -1.00	0	7	  601.48	-3	5	NULL
real	GL	254	16	15	    3.00	1	   -1.00	0	5	  713.28	-3	7	NULL
real	ER	255	16	-15	    0.00	1	   -1.00	0	4	  468.20	-3	7	NULL
real	AL	256	16	-15	    0.00	1	   -1.00	0	5	  750.58	-6	7	NULL
real	BR	257	17	-15	    1.00	1	   -1.00	1	8	  480.50	-6	5	NULL
real	GR	258	17	15	    2.00	0	    1.00	1	9	  575.00	-3	7	NULL
real	AR	259	17	-15	    1.00	1	   -1.00	0	6	  586.00	-6	7	NULL
real	DR	260	17	15	    2.00	1	   -1.00	0	6	  565.02	-6	5	NULL
real	ER	261	17	-15	   -1.00	1	   -1.00	0	4	  661.03	-3	7	NULL
real	BL	262	17	-15	   -2.00	1	   -1.00	0	7	  648.72	-6	5	NULL
real	AL	263	17	-15	   -1.00	1	   -1.00	0	5	  658.00	-6	7	NULL
real	EL	264	17	-15	   -1.00	1	   -1.00	0	5	  492.46	-3	7	NULL
real	FR	265	17	-15	   -1.00	1	   -1.00	0	6	  429.68	-3	5	NULL
real	CL	266	17	15	    4.00	1	   -1.00	1	11	  436.80	-6	7	NULL
real	GL	267	17	15	    2.00	1	   -1.00	0	5	  600.50	-3	7	NULL
real	FL	268	17	-15	   -2.00	1	   -1.00	0	7	 1051.93	-3	5	NULL
real	CR	269	17	15	    2.00	1	   -1.00	0	7	  787.87	-6	7	NULL
real	HR	270	17	15	    3.00	1	   -1.00	0	8	  427.39	-3	5	NULL
real	DL	271	17	15	    2.00	1	   -1.00	0	7	  544.11	-6	5	NULL
real	HL	272	17	15	    2.00	1	   -1.00	0	7	  517.81	-3	5	NULL
real	CL	273	18	15	    3.00	1	   -1.00	0	11	  488.59	-6	7	NULL
real	BR	274	18	-15	    0.00	1	   -1.00	0	8	  586.20	-6	5	NULL
real	FR	275	18	-15	   -2.00	0	    1.00	1	7	  768.29	-3	5	NULL
real	HR	276	18	15	    2.00	0	    1.00	1	9	 1553.52	-3	5	NULL
real	AR	277	18	-15	    0.00	0	    1.00	1	7	 1021.35	-6	7	NULL
real	GR	278	18	15	    3.00	0	    1.00	0	9	 1007.14	-3	7	NULL
real	GL	279	18	15	    1.00	0	    1.00	1	6	 1059.96	-3	7	NULL
real	BL	280	18	-15	   -3.00	0	    1.00	1	8	  737.39	-6	5	NULL
real	FL	281	18	-15	   -3.00	0	    1.00	1	8	  810.23	-3	5	NULL
real	ER	282	18	-15	   -2.00	1	   -1.00	0	4	  770.28	-3	7	NULL
real	DR	283	18	15	    1.00	0	    1.00	1	7	  728.50	-6	5	NULL
real	CR	284	18	15	    1.00	0	    1.00	1	8	  824.88	-6	7	NULL
real	AL	285	18	-15	   -2.00	0	    1.00	1	6	  486.93	-6	7	NULL
real	HL	286	18	15	    1.00	0	    1.00	1	8	  574.66	-3	5	NULL
real	EL	287	18	-15	   -2.00	0	    1.00	1	6	  452.08	-3	7	NULL
real	DL	288	18	15	    1.00	0	    1.00	1	8	  862.15	-6	5	NULL
real	FL	289	19	-15	   -2.00	0	    1.00	0	8	  527.54	-3	5	NULL
real	BR	290	19	-15	   -1.00	0	    1.00	1	9	  668.64	-6	5	NULL
real	CL	291	19	15	    2.00	0	    1.00	1	12	  641.39	-6	7	NULL
real	CR	292	19	15	    2.00	1	   -1.00	1	9	 1363.39	-6	7	NULL
real	GR	293	19	15	    4.00	1	   -1.00	1	10	  903.75	-3	7	NULL
real	DR	294	19	15	    2.00	0	    1.00	0	7	  668.20	-6	5	NULL
real	HR	295	19	15	    3.00	1	   -1.00	1	10	 1026.51	-3	5	NULL
real	BL	296	19	-15	   -2.00	0	    1.00	0	8	  515.38	-6	5	NULL
real	AR	297	19	-15	    1.00	1	   -1.00	1	8	  598.56	-6	7	NULL
real	ER	298	19	-15	   -3.00	0	    1.00	1	5	  418.13	-3	7	NULL
real	HL	299	19	15	    2.00	1	   -1.00	1	9	 1011.76	-3	5	NULL
real	AL	300	19	-15	   -1.00	0	    1.00	0	6	  599.47	-6	7	NULL
real	FR	301	19	-15	   -1.00	1	   -1.00	1	8	  794.14	-3	5	NULL
real	DL	302	19	15	    2.00	1	   -1.00	1	9	  726.80	-6	5	NULL
real	GL	303	19	15	    2.00	0	    1.00	0	6	  579.03	-3	7	NULL
real	EL	304	19	-15	   -1.00	1	   -1.00	1	7	  687.15	-3	7	NULL
real	FR	305	20	-15	   -2.00	0	    1.00	1	9	  679.73	-3	5	NULL
real	HL	306	20	15	    1.00	0	    1.00	1	10	  939.08	-3	5	NULL
real	BR	307	20	-15	    0.00	0	    1.00	0	9	  820.16	-6	5	NULL
real	FL	308	20	-15	   -1.00	0	    1.00	0	8	  669.84	-3	5	NULL
real	ER	309	20	-15	   -2.00	0	    1.00	0	5	  487.56	-3	7	NULL
real	DR	310	20	15	    3.00	1	   -1.00	1	8	  872.14	-6	5	NULL
real	GR	311	20	15	    3.00	0	    1.00	1	11	  753.23	-3	7	NULL
real	CR	312	20	15	    1.00	0	    1.00	1	10	  618.27	-6	7	NULL
real	EL	313	20	-15	   -2.00	0	    1.00	1	8	  807.29	-3	7	NULL
real	GL	314	20	15	    3.00	1	   -1.00	1	7	  747.06	-3	7	NULL
real	DL	315	20	15	    1.00	0	    1.00	1	10	  619.84	-6	5	NULL
real	AL	316	20	-15	    0.00	0	    1.00	0	6	  477.74	-6	7	NULL
real	AR	317	20	-15	    0.00	0	    1.00	1	9	  435.43	-6	7	NULL
real	BL	318	20	-15	   -1.00	0	    1.00	0	8	  572.55	-6	5	NULL
real	HR	319	20	15	    2.00	0	    1.00	1	11	  480.96	-3	5	NULL
real	CR	320	21	15	    2.00	0	    1.00	0	10	  683.51	-6	7	NULL
real	EL	321	21	-15	   -1.00	0	    1.00	0	8	  429.31	-3	7	NULL
real	HR	322	21	15	    3.00	1	   -1.00	1	12	  739.38	-3	5	NULL
real	HL	323	21	15	    2.00	0	    1.00	0	10	  489.51	-3	5	NULL
real	FL	324	21	-15	    0.00	0	    1.00	0	8	  671.75	-3	5	NULL
real	GR	325	21	15	    4.00	0	    1.00	0	11	  618.10	-3	7	NULL
real	DR	326	21	15	    2.00	0	    1.00	1	9	  507.44	-6	5	NULL
real	DL	327	21	15	    2.00	1	   -1.00	1	11	  440.48	-6	5	NULL
real	BR	328	21	-15	    1.00	1	   -1.00	1	10	  472.09	-6	5	NULL
real	FR	329	21	-15	   -1.00	1	   -1.00	1	10	  410.58	-3	5	NULL
real	BL	330	21	-15	    0.00	0	    1.00	0	8	  720.04	-6	5	NULL
real	AR	331	21	-15	    1.00	1	   -1.00	1	10	  445.59	-6	7	NULL
real	GL	332	21	15	    2.00	0	    1.00	1	8	  781.52	-3	7	NULL
real	AL	333	21	-15	    1.00	1	   -1.00	1	7	  426.98	-6	7	NULL
real	ER	334	21	-15	   -1.00	1	   -1.00	1	6	  849.32	-3	7	NULL
real	FL	335	22	-15	    1.00	1	   -1.00	1	9	  546.22	-3	5	NULL
real	AR	336	22	-15	    0.00	1	   -1.00	0	10	  372.96	-6	7	NULL
real	DL	337	22	15	    1.00	0	    1.00	1	12	  663.07	-6	5	NULL
real	GL	338	22	15	    3.00	1	   -1.00	1	9	  460.50	-3	7	NULL
real	AL	339	22	-15	    0.00	1	   -1.00	0	7	  706.62	-6	7	NULL
real	HL	340	22	15	    3.00	1	   -1.00	1	11	  831.46	-3	5	NULL
real	BR	341	22	-15	    0.00	1	   -1.00	0	10	  729.44	-6	5	NULL
real	ER	342	22	-15	   -2.00	1	   -1.00	0	6	  934.90	-3	7	NULL
real	GR	343	22	15	    5.00	1	   -1.00	1	12	  352.96	-3	7	NULL
real	EL	344	22	-15	    0.00	1	   -1.00	1	9	  530.15	-3	7	NULL
real	FR	345	22	-15	   -2.00	1	   -1.00	0	10	  623.41	-3	5	NULL
real	CR	346	22	15	    3.00	1	   -1.00	1	11	  465.16	-6	7	NULL
real	BL	347	22	-15	    1.00	1	   -1.00	1	9	  512.16	-6	5	NULL
real	DR	348	22	15	    3.00	1	   -1.00	1	10	  337.30	-6	5	NULL
real	ER	349	23	-15	   -3.00	0	    1.00	1	7	  659.86	-3	7	NULL
real	FR	350	23	-15	   -3.00	0	    1.00	1	11	  457.45	-3	5	NULL
real	GL	351	23	15	    2.00	0	    1.00	1	10	  722.87	-3	7	NULL
real	AL	352	23	-15	   -1.00	1	   -1.00	0	7	  829.49	-6	7	NULL
real	FL	353	23	-15	    0.00	1	   -1.00	0	9	  443.64	-3	5	NULL
real	BR	354	23	-15	   -1.00	0	    1.00	1	11	  655.71	-6	5	NULL
real	BL	355	23	-15	    0.00	1	   -1.00	0	9	  637.02	-6	5	NULL
real	EL	356	23	-15	   -1.00	1	   -1.00	0	9	  669.26	-3	7	NULL
real	HL	357	23	15	    2.00	1	   -1.00	0	11	  478.69	-3	5	NULL
real	AR	358	23	-15	   -1.00	1	   -1.00	0	10	  699.72	-6	7	NULL
real	DR	359	23	15	    2.00	1	   -1.00	0	10	  500.39	-6	5	NULL
real	CR	360	23	15	    2.00	0	    1.00	1	12	  948.77	-6	7	NULL
real	DR	361	24	15	    1.00	1	   -1.00	0	10	 1112.98	-6	5	NULL
real	ER	362	24	-15	   -2.00	1	   -1.00	1	8	  713.01	-3	7	NULL
real	HL	363	24	15	    1.00	0	    1.00	1	12	  644.10	-3	5	NULL
real	AR	364	24	-15	   -2.00	0	    1.00	1	11	  384.50	-6	7	NULL
real	EL	365	24	-15	   -2.00	0	    1.00	1	10	  678.10	-3	7	NULL
real	GL	366	24	15	    3.00	0	    1.00	0	10	  620.66	-3	7	NULL
real	FR	367	24	-15	   -2.00	0	    1.00	0	11	  511.48	-3	5	NULL
real	BL	368	24	-15	   -1.00	0	    1.00	1	10	  454.65	-6	5	NULL
real	BR	369	24	-15	    0.00	0	    1.00	0	11	  601.91	-6	5	NULL
real	AL	370	24	-15	   -2.00	0	    1.00	1	8	  391.65	-6	7	NULL
real	FL	371	24	-15	   -1.00	1	   -1.00	0	9	  791.58	-3	5	NULL
real	AL	372	25	-15	   -1.00	1	   -1.00	1	9	  829.59	-6	7	NULL
real	DR	373	25	15	    0.00	0	    1.00	1	11	 1196.46	-6	5	NULL
real	GL	374	25	15	    4.00	1	   -1.00	1	11	  751.34	-3	7	NULL
real	BR	375	25	-15	    1.00	1	   -1.00	1	12	  708.67	-6	5	NULL
real	EL	376	25	-15	   -1.00	1	   -1.00	1	11	  694.44	-3	7	NULL
real	FL	377	25	-15	   -2.00	1	   -1.00	0	9	 1033.62	-3	5	NULL
real	BL	378	25	-15	    0.00	1	   -1.00	1	11	  721.96	-6	5	NULL
real	FR	379	25	-15	   -1.00	1	   -1.00	1	12	  658.76	-3	5	NULL
real	ER	380	25	-15	   -3.00	0	    1.00	1	9	  738.04	-3	7	NULL
real	AR	381	25	-15	   -1.00	0	    1.00	0	11	  972.76	-6	7	NULL
real	BL	382	26	-15	   -1.00	0	    1.00	1	12	  743.68	-6	5	NULL
real	AL	383	26	-15	   -2.00	0	    1.00	1	10	  682.70	-6	7	NULL
real	AR	384	26	-15	    0.00	1	   -1.00	1	12	  718.37	-6	7	NULL
real	EL	385	26	-15	   -2.00	0	    1.00	1	12	  578.72	-3	7	NULL
real	FL	386	26	-15	   -3.00	1	   -1.00	0	9	  867.67	-3	5	NULL
real	ER	387	26	-15	   -2.00	1	   -1.00	1	10	  667.78	-3	7	NULL
real	DR	388	26	15	    1.00	0	    1.00	0	11	  720.28	-6	5	NULL
real	GL	389	26	15	    3.00	1	   -1.00	0	11	  541.89	-3	7	NULL
real	AL	390	27	-15	   -1.00	1	   -1.00	1	11	  733.29	-6	7	NULL
real	ER	391	27	-15	   -3.00	1	   -1.00	0	10	 1054.94	-3	7	NULL
real	DR	392	27	15	    2.00	1	   -1.00	1	12	  588.19	-6	5	NULL
real	GL	393	27	15	    2.00	0	    1.00	1	12	  756.04	-3	7	NULL
real	FL	394	27	-15	   -4.00	0	    1.00	1	10	  904.10	-3	5	NULL
real	AL	395	28	-15	   -2.00	0	    1.00	1	12	  833.05	-6	7	NULL
real	ER	396	28	-15	   -4.00	0	    1.00	1	11	  482.88	-3	7	NULL
real	FL	397	28	-15	   -3.00	1	   -1.00	1	11	  805.40	-3	5	NULL
real	FL	398	29	-15	   -4.00	0	    1.00	1	12	  973.66	-3	5	NULL
real	ER	399	29	-15	   -3.00	0	    1.00	0	11	  657.56	-3	7	NULL
real	ER	400	30	-15	   -2.00	1	   -1.00	1	12	  480.11	-3	7	NULL
